100  152
1 76 8 0
2 98 74 7 51 53 94 0
3 14 53 10 8 84 0
4 100 30 0
5 34 85 0
6 31 73 0
7 40 2 0
8 1 3 11 77 0
9 70 0
10 3 15 25 94 0
11 18 42 90 8 27 0
12 49 39 28 48 0
13 25 97 21 0
14 82 3 84 30 0
15 41 94 10 0
16 73 79 52 49 0
17 84 89 0
18 72 93 11 92 0
19 52 21 30 72 89 0
20 91 81 24 67 0
21 84 13 19 0
22 46 81 0
23 49 24 51 98 99 0
24 23 20 82 0
25 82 72 29 98 75 100 13 78 10 0
26 31 27 38 0
27 26 11 46 0
28 12 0
29 25 73 34 57 55 43 0
30 14 48 45 4 19 0
31 70 26 6 88 0
32 40 63 79 0
33 37 0
34 29 5 63 41 0
35 52 0
36 53 0
37 72 33 0
38 73 67 40 56 26 0
39 12 71 52 100 0
40 38 32 7 77 88 0
41 70 15 99 34 0
42 11 43 60 0
43 29 42 0
44 70 58 0
45 30 53 0
46 76 22 27 0
47 84 0
48 30 12 0
49 16 23 12 55 0
50 63 0
51 91 60 2 23 87 0
52 16 19 35 39 0
53 3 68 36 2 45 86 89 0
54 69 0
55 29 49 0
56 38 100 0
57 29 96 0
58 77 61 44 89 0
59 79 0
60 51 42 0
61 58 0
62 98 0
63 34 50 32 0
64 80 0
65 76 0
66 68 0
67 38 20 77 0
68 53 95 66 80 0
69 96 54 0
70 93 76 41 44 31 9 0
71 39 0
72 25 18 37 19 84 0
73 29 16 38 87 6 86 0
74 2 0
75 25 80 0
76 70 46 1 65 0
77 40 58 8 67 0
78 25 0
79 16 59 32 0
80 75 64 68 0
81 20 22 0
82 14 25 91 24 99 0
83 95 91 0
84 14 17 47 21 3 72 0
85 89 5 0
86 100 53 73 90 0
87 73 51 0
88 31 40 0
89 17 85 19 53 58 0
90 11 86 0
91 82 51 20 83 0
92 18 0
93 18 70 0
94 15 2 10 0
95 68 83 0
96 57 69 0
97 13 0
98 25 62 2 23 0
99 41 23 82 0
100 25 4 86 39 56 0

