100  336
1 32 6 10 65 70 72 90 0
2 37 7 74 98 0
3 64 44 27 90 39 55 62 83 87 0
4 15 6 17 23 58 0
5 12 80 50 48 78 99 0
6 8 61 1 4 9 21 93 99 0
7 9 83 2 12 15 25 29 41 0
8 64 78 37 6 49 27 44 91 0
9 65 7 16 72 6 14 25 74 80 94 0
10 50 1 21 28 65 67 70 87 0
11 52 13 19 23 75 0
12 93 5 41 65 69 57 81 91 7 53 63 85 0
13 93 71 22 11 17 21 45 83 100 0
14 41 9 27 47 97 0
15 80 4 7 87 0
16 9 73 17 36 72 0
17 55 4 13 16 24 35 37 40 58 68 0
18 68 77 0
19 66 84 11 20 88 0
20 33 40 19 23 60 74 0
21 31 75 6 10 13 37 0
22 13 44 59 62 82 95 0
23 34 4 11 20 79 84 98 0
24 52 43 31 17 40 51 71 88 89 0
25 89 87 7 9 70 0
26 64 93 32 27 41 50 0
27 3 8 14 26 37 50 51 75 82 92 93 96 0
28 53 10 40 56 61 80 0
29 37 7 75 89 0
30 95 32 44 80 92 0
31 24 21 62 77 80 89 0
32 26 1 46 30 33 38 77 0
33 37 20 98 32 52 61 74 80 95 0
34 68 23 42 73 79 86 0
35 41 45 17 54 62 82 0
36 46 39 16 48 60 77 91 0
37 8 33 70 29 2 17 21 27 39 40 44 46 78 87 0
38 67 32 48 59 77 85 0
39 36 3 37 57 87 0
40 20 17 24 28 37 57 65 0
41 12 35 14 42 7 26 48 55 88 0
42 41 34 0
43 24 92 51 59 61 0
44 3 54 97 8 22 30 37 56 67 75 88 100 0
45 35 13 53 61 72 82 0
46 32 36 47 37 51 58 67 73 0
47 46 14 55 87 0
48 64 5 36 38 41 61 81 99 0
49 8 52 63 75 84 0
50 5 10 58 26 27 64 71 0
51 64 52 96 86 100 24 27 43 46 54 0
52 51 11 24 66 33 49 59 68 76 0
53 77 28 12 45 58 60 87 96 0
54 44 35 51 62 67 77 91 98 0
55 65 17 3 41 47 62 74 80 93 0
56 64 28 44 0
57 12 39 40 60 67 72 96 0
58 50 4 17 46 53 71 98 100 0
59 76 85 22 38 43 52 65 68 84 0
60 74 20 36 53 57 88 0
61 6 28 33 43 45 48 64 0
62 100 3 22 31 35 54 55 71 78 0
63 96 12 49 100 0
64 3 26 8 51 79 56 95 48 50 61 65 72 0
65 12 74 9 55 1 10 40 59 64 81 95 0
66 52 19 0
67 74 38 10 44 46 54 57 98 0
68 93 18 34 99 17 52 59 69 0
69 12 68 0
70 37 1 10 25 81 83 0
71 13 89 24 50 58 62 97 100 0
72 9 1 16 45 57 64 87 0
73 16 34 46 0
74 65 67 60 2 9 20 33 55 98 0
75 21 11 27 29 44 49 98 100 0
76 93 59 52 0
77 89 53 18 31 32 36 38 54 82 95 99 0
78 8 5 37 62 0
79 64 23 34 0
80 5 15 9 28 30 31 33 55 0
81 12 48 65 70 96 0
82 89 22 27 35 45 77 91 98 0
83 7 3 13 70 0
84 19 23 49 59 94 96 0
85 59 12 38 96 99 0
86 51 34 88 99 0
87 25 3 10 15 37 39 47 53 72 0
88 93 19 24 41 44 60 86 0
89 71 82 77 25 24 29 31 0
90 3 1 0
91 12 8 36 54 82 0
92 43 27 30 96 0
93 26 12 68 76 13 88 6 27 55 0
94 100 9 84 0
95 64 30 22 33 65 77 0
96 51 63 27 53 57 81 84 85 92 0
97 44 14 71 0
98 33 2 23 54 58 67 74 75 82 0
99 68 5 6 48 77 85 86 0
100 51 94 62 13 44 58 63 71 75 0

