100  118
1 41 76 0
2 58 24 0
3 37 0
4 88 0
5 11 0
6 53 0
7 73 31 0
8 28 35 14 0
9 68 49 90 67 28 16 18 0
10 20 0
11 67 81 12 5 0
12 11 0
13 84 36 26 54 86 0
14 8 61 0
15 90 0
16 9 43 89 0
17 65 19 94 0
18 9 0
19 90 17 0
20 75 10 0
21 84 58 0
22 94 42 0
23 57 48 39 74 33 59 0
24 69 82 100 99 2 80 0
25 90 0
26 32 13 0
27 45 95 0
28 9 8 47 0
29 48 0
30 49 40 0
31 7 55 76 0
32 68 26 0
33 23 63 62 0
34 86 0
35 8 0
36 13 58 0
37 43 3 0
38 48 0
39 23 62 0
40 30 0
41 84 1 0
42 22 0
43 69 87 37 16 0
44 74 0
45 92 27 0
46 93 63 0
47 28 0
48 23 38 29 0
49 9 73 30 0
50 97 0
51 92 61 0
52 69 0
53 87 6 0
54 90 13 74 0
55 31 0
56 78 0
57 73 23 0
58 36 2 21 0
59 23 0
60 89 0
61 14 51 0
62 99 80 83 33 39 65 0
63 33 46 66 0
64 81 0
65 74 17 62 0
66 75 63 0
67 9 93 11 89 0
68 69 9 88 97 32 0
69 24 84 68 43 52 0
70 71 0
71 82 70 78 93 0
72 78 0
73 49 57 7 0
74 23 65 44 54 0
75 87 20 66 0
76 31 96 1 0
77 98 0
78 71 56 72 0
79 84 0
80 62 24 0
81 11 64 0
82 24 71 0
83 62 0
84 69 13 79 41 21 0
85 93 94 91 0
86 99 34 13 0
87 43 75 53 0
88 68 98 92 4 0
89 67 60 16 0
90 9 54 25 15 19 0
91 85 0
92 88 51 45 0
93 67 85 46 71 0
94 85 22 17 0
95 27 0
96 76 0
97 68 50 0
98 88 77 0
99 24 86 62 0
100 24 0

