100  578
1 58 89 98 46 60 76 94 0
2 55 85 25 34 44 49 50 60 63 68 75 97 99 0
3 25 94 8 19 26 36 50 57 61 69 70 83 95 0
4 93 10 21 29 33 45 49 59 71 72 74 79 87 88 90 91 0
5 18 6 92 11 19 28 33 37 67 85 94 0
6 5 48 55 11 20 30 33 47 78 80 0
7 71 78 23 25 27 28 37 43 46 51 80 91 92 93 96 98 0
8 59 3 11 14 18 20 25 31 36 53 61 64 65 73 85 96 98 0
9 67 37 25 45 60 74 75 77 100 0
10 61 4 28 31 51 58 62 69 79 92 0
11 47 5 6 8 35 48 57 64 69 82 91 92 97 100 0
12 36 70 19 20 27 33 43 45 78 79 91 0
13 71 23 20 21 30 37 51 55 61 79 90 96 99 0
14 68 8 16 23 25 36 38 76 83 85 89 90 91 97 0
15 32 19 56 89 95 98 0
16 71 28 18 69 52 77 99 14 36 45 50 62 81 0
17 23 42 18 61 75 78 0
18 16 35 67 5 39 8 17 21 27 32 69 80 81 84 87 95 0
19 82 88 25 3 5 12 15 38 58 64 75 77 79 100 0
20 29 27 6 8 12 13 25 33 49 84 92 95 96 98 99 0
21 41 4 13 18 27 30 35 42 48 56 62 79 86 94 96 100 0
22 51 25 28 29 35 60 66 82 88 99 0
23 13 17 7 14 41 55 57 59 69 74 77 82 87 90 0
24 95 35 48 56 68 75 78 0
25 19 3 95 2 7 8 9 14 20 22 26 47 57 66 88 91 0
26 91 3 25 75 77 86 0
27 20 66 7 12 18 21 33 36 49 52 62 100 0
28 16 64 5 7 10 22 30 31 52 56 59 63 0
29 63 20 62 4 22 43 53 54 75 81 82 89 91 96 0
30 61 6 13 21 28 38 47 86 0
31 35 8 10 28 42 75 79 85 86 90 93 97 100 0
32 35 15 57 18 46 60 71 0
33 67 4 5 6 12 20 27 47 53 56 58 64 68 72 74 78 99 0
34 82 2 49 54 68 79 85 87 95 97 0
35 18 32 75 51 31 11 21 22 24 37 44 59 60 92 93 0
36 68 12 3 8 14 16 27 46 50 57 63 66 81 0
37 9 5 7 13 35 47 54 72 81 0
38 43 68 41 76 14 19 30 45 51 60 70 74 79 81 84 100 0
39 18 82 74 79 46 49 52 57 62 73 88 91 94 0
40 41 61 43 68 81 85 95 100 0
41 38 21 40 23 42 61 67 68 70 76 90 0
42 17 21 31 41 49 66 71 76 95 0
43 71 49 38 72 44 46 7 12 29 40 45 56 69 98 0
44 43 93 53 2 35 50 59 89 94 100 0
45 69 4 9 12 16 38 43 58 66 97 0
46 43 1 7 32 36 39 53 60 67 72 78 79 84 88 95 0
47 56 11 6 25 30 33 37 53 54 85 0
48 6 80 11 21 24 66 81 82 86 98 0
49 43 100 2 4 20 27 34 39 42 55 57 76 81 99 0
50 70 2 3 16 36 44 72 88 97 0
51 35 83 22 7 10 13 38 62 66 74 80 81 0
52 16 81 27 28 39 53 57 74 76 95 99 0
53 44 8 29 33 46 47 52 56 57 66 67 75 86 100 0
54 100 29 34 37 47 64 81 99 0
55 6 2 13 23 49 56 59 63 67 70 89 94 0
56 70 47 65 15 21 24 28 33 43 53 55 82 97 0
57 32 3 11 23 25 36 39 49 52 53 59 66 72 83 85 87 99 0
58 68 1 10 19 33 45 72 73 74 80 100 0
59 63 8 4 23 28 35 44 55 57 81 98 0
60 92 73 1 2 9 22 32 35 38 46 97 0
61 40 30 10 3 8 13 17 41 79 92 97 0
62 29 10 16 21 27 39 51 67 77 81 91 98 0
63 68 29 59 96 2 28 36 55 64 67 70 75 79 0
64 28 8 11 19 33 54 63 98 0
65 56 8 75 91 0
66 27 22 25 36 42 45 48 51 53 57 83 97 100 0
67 18 9 33 86 5 41 46 53 55 62 63 69 78 80 89 0
68 38 58 63 36 14 2 24 33 34 40 41 73 87 96 0
69 16 45 3 10 11 18 23 43 67 94 0
70 12 56 50 3 38 41 55 63 71 92 0
71 43 13 16 84 7 4 32 42 70 82 85 90 95 0
72 43 97 4 33 37 46 50 57 58 89 0
73 60 8 39 58 68 80 90 96 0
74 39 4 9 23 33 38 51 52 58 83 94 0
75 35 2 9 17 19 24 26 29 31 53 63 65 79 0
76 38 91 1 14 41 42 49 52 78 87 89 93 95 0
77 16 9 19 23 26 62 87 97 0
78 7 90 6 12 17 24 33 46 67 76 82 89 0
79 39 4 10 12 13 19 21 31 34 38 46 61 63 75 82 85 96 98 0
80 48 6 7 18 51 58 67 73 98 0
81 52 16 18 29 36 37 38 40 48 49 51 54 59 62 97 0
82 39 19 34 11 22 23 29 48 56 71 78 79 92 93 0
83 51 3 14 57 66 74 0
84 71 18 20 38 46 0
85 2 5 8 14 31 34 40 47 57 71 79 0
86 67 21 26 30 31 48 53 89 0
87 100 4 18 23 34 57 68 76 77 98 0
88 19 4 22 25 39 46 50 96 0
89 1 14 15 29 44 55 67 72 76 78 86 0
90 78 4 13 14 23 31 41 71 73 0
91 76 26 4 7 11 12 14 25 29 39 62 65 92 0
92 5 60 7 10 11 20 35 61 70 82 91 0
93 44 4 7 31 35 76 82 95 100 0
94 3 1 5 21 39 44 55 69 74 0
95 25 24 3 15 18 20 34 40 42 46 52 71 76 93 0
96 63 7 8 13 20 21 29 68 73 79 88 98 0
97 72 2 11 14 31 34 45 50 56 60 61 66 77 81 0
98 1 7 8 15 20 43 48 59 62 64 79 80 87 96 0
99 16 2 13 20 22 33 49 52 54 57 0
100 49 87 54 9 11 19 21 27 31 38 40 44 53 58 66 93 0

