200  278
1 124 195 170 0
2 128 67 0
3 144 4 47 56 0
4 17 3 0
5 47 39 67 98 0
6 11 69 149 0
7 166 154 77 0
8 12 0
9 146 98 199 0
10 92 111 128 171 0
11 13 34 6 151 0
12 39 8 80 16 0
13 57 11 71 135 30 177 0
14 30 0
15 68 167 0
16 139 101 24 12 0
17 68 4 0
18 20 39 121 176 0
19 100 0
20 152 18 106 0
21 173 164 42 0
22 86 130 0
23 101 0
24 16 125 67 61 144 97 0
25 119 163 200 0
26 67 134 0
27 187 49 77 0
28 179 0
29 68 35 159 180 43 0
30 44 14 13 0
31 147 133 200 0
32 149 0
33 147 109 0
34 11 143 185 0
35 29 0
36 57 0
37 67 187 0
38 74 150 0
39 18 12 5 184 0
40 154 0
41 44 134 0
42 178 21 74 106 111 0
43 73 29 0
44 119 30 41 0
45 105 0
46 128 89 0
47 64 190 5 3 109 0
48 64 54 149 198 100 140 0
49 27 194 0
50 167 169 127 0
51 128 0
52 57 95 0
53 174 147 184 65 0
54 48 99 197 75 0
55 57 136 0
56 58 3 104 167 0
57 139 191 55 13 52 36 127 111 63 0
58 108 56 0
59 129 0
60 125 124 70 142 78 0
61 24 86 0
62 133 0
63 146 57 0
64 92 48 47 110 0
65 53 189 0
66 90 0
67 24 153 26 37 183 2 5 0
68 139 15 29 17 0
69 140 6 108 0
70 60 192 0
71 13 129 0
72 102 74 174 0
73 89 43 102 0
74 72 38 42 0
75 160 158 54 84 154 177 0
76 102 84 0
77 7 27 0
78 119 60 0
79 161 145 0
80 12 0
81 96 103 150 0
82 145 180 0
83 102 0
84 76 75 0
85 153 130 0
86 61 194 22 146 0
87 106 0
88 152 0
89 92 179 73 109 181 46 0
90 199 148 66 155 166 0
91 161 117 0
92 163 64 175 152 89 132 10 102 0
93 125 0
94 115 0
95 124 52 0
96 179 81 0
97 143 24 0
98 9 5 0
99 54 0
100 150 19 48 117 0
101 16 23 0
102 153 76 72 185 83 120 73 92 177 0
103 81 0
104 147 131 56 0
105 125 199 45 0
106 119 87 20 42 0
107 125 0
108 152 58 69 118 0
109 89 33 47 197 0
110 64 0
111 57 10 42 0
112 166 118 0
113 174 153 0
114 115 0
115 173 161 114 94 0
116 132 133 0
117 91 100 0
118 112 108 0
119 139 25 78 44 106 0
120 102 0
121 18 0
122 192 0
123 143 0
124 60 1 95 138 0
125 24 60 105 196 107 93 151 167 0
126 132 0
127 57 50 151 0
128 196 162 51 46 141 2 10 0
129 71 168 59 167 0
130 22 85 0
131 104 165 155 159 0
132 92 151 116 126 0
133 31 62 116 0
134 26 41 0
135 13 0
136 160 55 184 0
137 177 0
138 145 124 163 0
139 16 57 173 68 119 172 0
140 147 69 48 0
141 128 0
142 60 0
143 34 97 123 0
144 24 160 3 0
145 79 138 82 0
146 162 177 9 63 86 0
147 53 31 140 33 104 0
148 90 0
149 48 32 6 169 0
150 38 100 81 0
151 132 11 125 127 0
152 92 108 20 88 0
153 67 102 85 113 0
154 7 40 75 0
155 131 90 172 173 0
156 173 0
157 187 0
158 75 0
159 29 193 131 0
160 144 136 75 188 0
161 115 79 91 0
162 128 146 0
163 25 92 138 188 0
164 21 0
165 131 198 0
166 196 7 112 90 0
167 15 50 56 125 129 0
168 129 186 0
169 50 149 0
170 175 1 0
171 194 10 0
172 178 139 155 0
173 139 156 115 174 21 155 0
174 173 53 176 113 72 0
175 92 170 0
176 174 182 18 0
177 146 137 13 75 102 0
178 191 172 186 42 0
179 89 96 28 0
180 29 82 0
181 89 0
182 176 0
183 67 0
184 53 39 136 0
185 102 34 0
186 178 168 0
187 37 157 27 0
188 160 163 0
189 65 0
190 47 0
191 57 178 0
192 70 122 0
193 159 0
194 86 171 49 0
195 1 0
196 125 166 128 0
197 54 109 0
198 48 165 0
199 105 90 9 0
200 25 31 0

