200  286
1 74 15 87 176 0
2 67 123 85 149 190 0
3 134 0
4 76 37 0
5 43 137 111 112 0
6 43 108 114 0
7 154 99 106 141 0
8 185 17 42 158 18 72 38 200 163 136 0
9 188 149 184 0
10 48 70 0
11 133 0
12 26 45 34 27 159 46 57 0
13 168 131 75 0
14 100 183 0
15 1 31 0
16 53 58 42 0
17 8 152 153 138 88 178 96 0
18 8 199 167 69 73 179 0
19 142 157 104 0
20 123 0
21 83 91 158 0
22 198 44 170 29 160 0
23 91 0
24 151 143 47 81 86 0
25 76 63 78 151 0
26 158 12 0
27 12 189 33 71 191 0
28 130 81 43 178 0
29 121 53 49 22 67 0
30 76 0
31 131 15 0
32 43 51 191 0
33 27 0
34 12 101 174 0
35 200 181 0
36 72 144 195 0
37 103 4 79 148 0
38 8 96 128 0
39 171 102 131 166 0
40 188 128 163 0
41 69 0
42 8 127 16 161 0
43 152 5 74 32 92 168 6 47 28 138 0
44 22 180 193 0
45 12 0
46 133 91 12 81 0
47 43 24 0
48 185 10 105 0
49 29 89 0
50 151 145 116 126 0
51 32 54 73 0
52 174 79 61 0
53 29 16 123 200 0
54 51 71 196 59 144 0
55 67 128 0
56 158 139 90 128 0
57 78 12 115 0
58 16 113 64 100 101 0
59 54 0
60 185 186 0
61 52 99 0
62 162 0
63 25 114 178 0
64 100 58 82 0
65 119 180 0
66 158 91 171 0
67 76 2 97 55 29 0
68 101 132 0
69 127 41 18 99 170 0
70 10 0
71 54 27 77 0
72 8 36 107 195 0
73 51 18 0
74 43 1 0
75 13 0
76 158 67 30 25 135 4 155 188 0
77 147 71 117 0
78 88 57 25 0
79 52 117 169 109 37 111 0
80 175 0
81 28 110 24 46 105 186 0
82 132 64 0
83 127 147 86 166 21 0
84 175 194 177 0
85 148 2 143 0
86 83 24 118 0
87 1 0
88 17 78 0
89 49 182 93 0
90 56 96 0
91 46 23 21 66 0
92 43 129 0
93 89 0
94 139 101 0
95 172 188 0
96 38 17 90 0
97 67 154 157 0
98 151 0
99 61 7 69 0
100 190 14 64 58 116 0
101 34 68 58 94 0
102 39 0
103 185 151 121 37 0
104 167 19 0
105 48 81 0
106 197 7 0
107 72 179 0
108 6 0
109 79 0
110 81 0
111 5 79 0
112 128 124 5 0
113 58 0
114 6 63 0
115 195 57 130 0
116 50 100 0
117 79 77 0
118 181 86 0
119 160 65 0
120 164 131 0
121 103 29 142 0
122 180 164 0
123 2 20 53 0
124 112 160 0
125 130 0
126 50 165 0
127 42 83 198 69 0
128 38 112 40 55 56 0
129 92 0
130 152 146 125 156 28 115 0
131 13 31 39 120 0
132 68 82 0
133 153 46 134 11 0
134 133 3 159 0
135 76 179 0
136 8 174 0
137 5 0
138 17 43 0
139 56 94 0
140 142 148 146 149 0
141 145 7 0
142 121 140 19 0
143 24 85 0
144 36 54 0
145 50 141 0
146 130 140 0
147 83 176 164 77 154 0
148 140 85 37 157 0
149 9 2 140 0
150 153 0
151 103 24 174 50 98 25 0
152 17 43 130 0
153 17 171 133 150 184 162 0
154 97 7 147 0
155 76 0
156 130 0
157 19 160 183 97 148 0
158 8 76 26 175 56 66 21 0
159 12 134 176 0
160 157 119 161 22 124 0
161 160 42 0
162 153 62 0
163 8 40 0
164 147 120 192 122 0
165 126 0
166 83 39 0
167 18 104 0
168 43 13 0
169 79 0
170 22 69 0
171 153 173 39 66 0
172 173 95 0
173 171 172 0
174 151 190 52 34 136 0
175 158 84 80 197 0
176 147 1 159 0
177 84 0
178 17 28 63 0
179 107 18 135 0
180 44 122 65 0
181 35 118 0
182 89 0
183 157 14 0
184 153 187 9 0
185 103 8 48 60 0
186 60 81 0
187 184 0
188 95 40 9 76 0
189 27 0
190 174 100 2 0
191 32 27 200 0
192 164 0
193 44 0
194 84 0
195 72 115 36 0
196 54 0
197 175 106 0
198 127 22 0
199 18 0
200 8 35 53 191 0

