200  2179
1 137 9 12 30 52 60 67 68 72 97 104 114 118 124 165 167 174 182 195 0
2 75 39 20 45 65 69 76 79 102 104 107 115 119 124 127 154 164 176 0
3 137 5 10 11 16 32 45 51 83 86 96 113 115 119 142 160 161 165 181 185 0
4 89 10 26 27 29 43 47 52 55 58 76 106 118 142 167 170 179 191 200 0
5 196 180 3 11 16 21 25 35 50 65 75 77 107 120 155 158 163 186 0
6 60 42 48 55 59 73 81 83 84 90 107 115 117 129 133 138 140 145 154 161 164 175 177 194 0
7 150 9 102 49 10 27 30 66 79 86 92 115 119 126 127 130 132 137 149 170 173 174 186 190 194 198 0
8 60 48 113 24 27 33 53 73 75 85 89 93 104 109 114 115 122 134 136 142 146 155 164 168 172 200 0
9 7 1 42 88 96 97 109 121 154 175 186 192 193 196 199 0
10 197 3 4 7 27 32 39 49 51 58 63 87 101 103 125 129 140 146 149 155 171 174 177 184 189 199 0
11 183 3 5 15 17 61 71 92 96 99 104 105 110 119 121 135 142 152 167 170 180 190 191 200 0
12 21 1 13 22 23 24 28 36 50 64 68 86 99 100 173 176 179 0
13 59 12 16 17 28 29 30 34 37 60 88 113 114 138 146 157 171 175 184 200 0
14 140 181 74 15 23 52 63 70 78 88 104 109 142 155 160 174 186 187 0
15 24 11 14 39 47 59 62 70 87 111 121 123 127 136 158 161 163 170 171 178 199 0
16 123 3 5 13 20 28 48 91 105 117 121 141 142 170 173 181 184 185 0
17 47 11 13 30 43 45 56 66 74 84 95 96 103 108 110 113 129 131 135 143 159 164 165 174 189 190 192 0
18 155 27 28 30 37 43 50 53 56 60 64 76 88 89 112 120 133 167 170 178 186 188 198 0
19 43 29 36 62 68 78 113 119 143 150 152 157 162 169 178 181 197 199 0
20 155 2 16 22 23 32 83 88 95 104 128 137 142 147 156 167 189 0
21 159 111 12 5 22 75 76 78 88 95 102 104 113 114 126 131 132 172 181 183 185 192 0
22 67 69 12 20 21 30 32 33 42 46 75 77 82 104 107 116 128 171 179 194 198 0
23 59 191 140 192 12 14 20 28 45 51 53 55 71 73 78 85 86 87 92 94 117 123 138 150 154 179 187 0
24 170 154 15 103 8 12 35 39 47 51 58 61 67 70 77 87 94 95 105 109 130 150 162 164 167 173 175 184 0
25 150 5 38 39 44 58 64 65 70 71 73 86 108 117 119 133 176 183 0
26 59 51 104 130 4 33 37 42 52 55 57 63 64 73 80 86 97 114 118 134 140 147 152 153 163 170 175 0
27 159 47 91 4 7 8 10 18 32 66 78 92 99 114 140 143 168 179 182 183 184 189 191 0
28 111 12 13 16 18 23 54 63 69 70 74 77 84 88 93 94 101 120 131 167 172 188 0
29 96 197 110 4 13 19 32 49 56 60 67 74 75 77 78 86 92 113 120 121 122 133 138 142 156 165 179 180 183 0
30 69 43 1 7 13 17 18 22 52 55 56 57 61 66 78 104 114 132 138 150 152 169 185 0
31 84 179 36 43 44 45 47 74 89 91 93 98 99 110 111 112 116 118 130 145 152 157 181 184 198 0
32 131 96 121 3 10 20 22 27 29 34 37 41 47 49 54 66 71 95 104 108 110 115 118 127 134 151 175 176 0
33 91 8 22 26 38 41 49 54 76 95 96 108 121 128 131 135 144 158 199 0
34 145 108 82 13 32 42 46 48 77 97 120 125 136 138 144 154 166 170 171 192 0
35 117 114 5 24 36 39 46 48 50 53 55 56 58 60 63 69 85 95 102 104 110 116 132 173 176 182 184 193 0
36 151 12 19 31 35 61 70 76 79 85 125 131 133 136 143 144 148 153 159 162 164 178 180 198 0
37 131 100 86 13 18 26 32 68 76 80 83 96 101 111 112 113 119 121 136 140 147 148 150 156 0
38 141 122 25 33 43 44 45 51 53 60 65 80 81 93 105 109 120 123 124 127 136 138 146 147 149 150 151 165 168 177 184 191 198 0
39 2 46 10 15 24 25 35 40 65 67 121 122 128 138 143 150 158 164 166 173 174 190 195 196 0
40 94 39 42 68 73 78 83 87 88 108 109 123 126 129 151 158 160 162 171 180 192 195 196 198 0
41 156 32 33 46 64 74 78 92 119 128 150 189 190 0
42 151 6 9 22 26 34 40 48 54 57 74 96 105 111 113 116 125 130 134 137 164 184 188 194 0
43 30 19 4 17 18 31 38 44 47 57 71 78 81 86 91 96 114 122 183 194 200 0
44 75 88 134 25 31 38 43 53 63 120 127 139 140 146 152 155 157 159 169 198 0
45 140 2 3 17 23 31 38 52 53 61 87 90 94 96 115 133 135 159 163 171 173 200 0
46 39 22 34 35 41 57 58 78 87 93 100 101 111 120 123 129 131 133 142 145 151 179 0
47 27 17 4 15 24 31 32 43 61 63 70 71 85 99 101 102 103 114 117 122 137 151 168 171 182 193 0
48 8 6 16 34 35 42 56 96 98 118 126 134 145 159 168 0
49 7 10 29 32 33 67 70 74 92 93 107 109 120 139 163 185 193 198 0
50 62 171 56 5 12 18 35 64 66 75 86 88 103 118 139 146 152 161 179 183 195 199 0
51 26 105 3 10 23 24 38 84 93 99 103 112 125 144 147 148 155 161 164 170 174 0
52 53 1 4 14 26 30 45 61 67 68 82 90 96 100 111 129 132 141 150 197 0
53 68 52 8 18 23 35 38 44 45 55 70 79 103 111 147 170 173 193 0
54 111 28 32 33 42 90 91 99 107 109 135 156 158 159 163 164 165 197 0
55 89 4 6 23 26 30 35 53 56 57 76 83 96 126 128 132 135 148 152 159 170 180 183 188 189 192 0
56 50 17 18 29 30 35 48 55 84 91 96 107 116 132 158 167 172 173 181 194 200 0
57 121 169 26 30 42 43 46 55 77 83 87 89 111 112 135 137 150 195 0
58 62 184 4 10 24 25 35 46 61 63 75 86 88 97 98 105 111 119 128 131 132 160 0
59 159 23 26 119 155 13 6 15 60 65 72 82 87 117 118 162 189 197 0
60 156 167 8 6 107 64 1 13 18 29 35 38 59 84 85 113 120 133 142 152 168 190 0
61 158 11 24 30 36 45 47 52 58 73 78 90 124 125 126 149 167 171 172 196 0
62 136 58 50 200 15 19 75 79 81 92 96 97 99 113 117 120 131 135 146 148 152 163 170 178 182 194 199 0
63 70 10 14 26 28 35 44 47 58 83 88 107 110 111 112 113 127 129 131 139 140 149 150 152 170 183 195 0
64 60 12 18 25 26 41 50 65 76 86 105 116 119 127 140 145 155 164 170 175 194 197 198 200 0
65 85 2 5 25 38 39 59 64 75 86 102 112 121 124 126 141 148 153 158 162 165 185 0
66 159 78 196 7 17 27 30 32 50 97 98 102 103 109 116 122 135 138 151 197 0
67 70 172 22 1 24 29 39 49 52 71 89 107 111 126 128 142 147 180 181 187 0
68 156 75 53 1 12 19 37 40 52 72 77 90 99 100 104 110 111 113 142 146 154 160 165 167 200 0
69 22 30 2 28 35 85 97 146 150 161 199 0
70 159 67 177 63 129 14 15 24 25 28 36 47 49 53 71 75 87 94 102 109 111 117 133 144 176 179 185 187 0
71 150 11 23 25 32 43 47 67 70 75 77 78 86 94 99 129 139 161 182 188 0
72 156 106 1 59 68 77 84 90 99 116 122 158 162 164 174 175 182 191 0
73 126 6 8 23 25 26 40 61 82 101 106 112 141 171 172 176 185 0
74 14 189 17 28 29 31 41 42 49 83 87 106 112 116 121 130 135 136 146 151 160 162 167 174 192 199 0
75 68 2 44 5 8 21 22 29 50 58 62 65 70 71 92 93 101 117 130 139 167 169 173 174 179 182 193 0
76 141 2 4 18 21 33 36 37 55 64 82 96 102 110 117 132 133 137 142 167 170 183 184 198 200 0
77 181 5 22 24 28 29 34 57 68 71 72 89 93 109 115 123 130 133 149 152 166 178 182 194 195 0
78 66 14 19 21 23 27 29 30 40 41 43 46 61 71 107 138 155 169 182 184 0
79 160 178 2 7 36 53 62 86 94 99 107 145 158 177 0
80 99 138 26 37 38 91 95 106 111 116 126 127 128 130 134 165 171 178 184 0
81 169 6 38 43 62 98 104 128 137 147 155 180 183 188 195 196 0
82 34 22 52 59 73 76 85 89 91 93 94 113 128 130 151 153 167 170 179 199 0
83 174 3 6 20 37 40 55 57 63 74 97 102 104 128 157 158 168 187 189 190 197 0
84 136 31 146 6 17 28 51 56 60 72 87 93 102 129 131 133 140 147 166 171 175 180 182 196 197 0
85 194 65 8 23 35 36 47 60 69 82 94 98 106 125 126 132 145 148 184 195 0
86 37 166 3 7 12 23 25 26 29 43 50 58 64 65 71 79 100 105 112 115 126 142 158 174 179 195 0
87 170 10 15 23 24 40 45 46 57 59 70 74 84 88 99 111 114 115 125 128 129 138 150 155 166 173 0
88 44 9 13 14 18 20 21 28 40 50 58 63 87 89 94 104 112 119 126 137 192 199 0
89 191 135 4 55 8 18 31 57 67 77 82 88 105 106 116 120 130 145 147 153 159 169 171 187 195 0
90 100 6 45 52 54 61 68 72 124 128 141 142 147 157 162 172 183 185 191 200 0
91 27 33 16 31 43 54 56 80 82 92 94 101 111 124 125 127 134 146 154 155 158 160 173 0
92 120 7 11 23 27 29 41 49 62 75 91 109 121 123 128 150 151 166 177 183 185 0
93 135 125 8 28 31 38 46 49 51 75 77 82 84 99 120 134 157 161 163 185 187 195 0
94 177 40 23 24 28 45 70 71 79 82 85 88 91 110 119 128 134 136 146 148 154 158 198 0
95 124 17 20 21 24 32 33 35 80 101 112 116 127 132 145 169 176 182 190 193 195 0
96 32 29 175 3 9 11 17 33 37 42 43 45 48 52 55 56 62 76 125 136 140 142 170 174 186 189 198 0
97 174 1 9 26 34 58 62 66 69 83 100 108 112 124 125 135 139 148 170 197 200 0
98 200 31 48 58 66 81 85 116 126 132 135 137 144 156 161 173 176 180 0
99 104 80 11 12 27 31 47 51 54 62 68 71 72 79 87 93 106 130 131 135 146 176 190 192 0
100 37 90 190 12 46 52 68 86 97 103 107 113 116 124 129 151 176 182 0
101 196 10 28 37 46 47 73 75 91 95 109 110 118 123 153 159 160 165 170 171 180 184 189 190 0
102 7 2 21 35 47 65 66 70 76 83 84 114 126 133 134 136 137 148 155 0
103 24 142 10 17 47 50 51 53 66 100 105 108 110 154 175 176 0
104 26 99 1 2 8 11 14 20 21 22 30 32 35 68 81 83 88 115 119 130 136 137 146 168 181 198 0
105 51 11 16 24 38 42 58 64 86 89 103 129 136 145 152 156 175 177 0
106 72 4 73 74 80 85 89 99 109 124 133 167 172 173 199 0
107 60 2 5 6 22 49 54 56 63 67 78 79 100 115 124 145 176 181 183 184 187 189 0
108 34 17 25 32 33 40 97 103 118 166 179 199 0
109 123 160 8 9 14 24 38 40 49 54 66 70 77 92 101 106 116 158 162 175 194 195 0
110 29 11 17 31 32 35 63 68 76 94 101 103 131 137 138 139 142 156 159 181 183 193 194 0
111 21 28 54 15 31 37 42 46 52 53 57 58 63 67 68 70 80 87 91 112 119 122 126 181 0
112 174 141 185 18 31 37 51 57 63 65 73 74 86 88 95 97 111 114 132 143 153 157 164 165 172 182 187 0
113 8 3 13 17 19 21 29 37 42 60 62 63 68 82 100 119 121 141 148 149 158 164 172 182 183 188 0
114 35 165 1 8 13 21 26 27 30 43 47 87 102 112 116 121 122 128 131 161 182 0
115 191 156 2 3 6 7 8 32 45 77 86 87 104 107 134 136 137 148 155 163 164 185 0
116 131 22 31 35 42 56 64 66 72 74 80 89 95 98 100 109 114 139 150 173 184 189 198 200 0
117 199 35 6 16 23 25 47 59 62 70 75 76 129 130 136 137 148 151 180 196 0
118 124 132 139 1 4 26 31 32 48 50 59 101 108 123 138 149 170 186 188 190 0
119 59 145 128 188 187 2 3 7 11 19 25 37 41 58 64 88 94 104 111 113 123 131 149 153 161 163 166 192 196 198 0
120 156 186 92 193 133 5 18 28 29 34 38 44 46 49 60 62 89 93 125 147 154 155 170 171 198 200 0
121 32 199 123 57 151 9 11 15 16 29 33 37 39 65 74 92 113 114 127 155 160 175 182 183 186 197 0
122 38 8 29 39 43 47 66 72 111 114 123 125 163 168 173 176 183 190 197 0
123 121 109 16 15 23 38 40 46 77 92 101 118 119 122 133 135 167 195 0
124 174 118 95 1 2 38 61 65 90 91 97 100 106 107 139 156 164 167 169 194 0
125 93 10 34 36 42 51 61 85 87 91 96 97 120 122 126 140 145 155 174 177 185 188 0
126 174 150 73 7 21 40 48 55 61 65 67 80 85 86 88 98 102 111 125 130 167 169 170 175 184 193 195 0
127 156 2 7 15 32 38 44 63 64 80 91 95 121 128 142 143 146 153 159 160 167 172 184 192 0
128 119 20 22 33 39 41 55 58 67 80 81 82 83 87 90 92 94 114 127 166 167 168 169 178 184 0
129 70 6 10 17 40 46 52 63 71 84 87 100 105 117 141 156 158 167 175 176 194 196 197 0
130 26 7 24 31 42 74 75 77 80 82 89 99 104 117 126 139 149 152 156 159 178 181 189 192 0
131 191 37 32 116 157 198 17 21 28 33 36 46 58 62 63 84 99 110 114 119 147 153 154 155 163 177 189 195 0
132 118 7 21 30 35 52 55 56 58 76 85 95 98 112 138 139 145 148 151 180 183 184 0
133 120 6 18 25 29 36 45 46 60 70 76 77 84 102 106 123 143 151 167 0
134 44 148 8 26 32 42 48 80 91 93 94 102 115 149 161 163 166 179 0
135 89 93 11 17 33 45 54 55 57 62 66 74 97 98 99 123 143 171 0
136 150 62 84 182 158 173 8 15 34 36 37 38 74 94 96 102 104 105 115 117 138 176 177 188 189 0
137 151 3 1 7 20 42 47 57 76 81 88 98 102 104 110 115 117 161 162 175 180 192 195 197 0
138 80 6 13 23 29 30 34 38 39 66 78 87 110 118 132 136 141 143 154 157 168 173 185 199 0
139 118 44 49 50 63 71 75 97 110 116 124 130 132 142 143 145 147 173 176 178 180 187 191 0
140 23 14 45 6 10 26 27 37 44 63 64 84 96 125 144 147 149 150 156 165 166 197 0
141 112 76 38 16 52 65 73 90 113 129 138 164 171 177 184 191 0
142 103 3 4 8 11 14 16 20 29 46 60 67 68 76 86 90 96 110 127 139 144 146 169 170 175 179 184 185 194 0
143 159 17 19 27 36 39 112 127 133 135 138 139 153 157 160 173 176 183 192 193 197 0
144 159 183 33 34 36 51 70 98 140 142 154 171 195 0
145 119 34 6 31 46 48 64 79 85 89 95 105 107 125 132 139 153 196 0
146 84 8 10 13 38 44 50 62 68 69 74 91 94 99 104 127 142 147 157 158 164 171 177 191 195 197 0
147 191 153 20 26 37 38 51 53 67 81 84 89 90 120 131 139 140 146 149 181 0
148 134 36 37 51 55 62 65 85 94 97 102 113 115 117 132 151 153 155 162 0
149 199 7 10 38 61 63 77 113 118 119 130 134 140 147 151 158 159 168 191 0
150 126 71 136 7 170 25 19 23 24 30 37 38 39 41 52 57 63 69 87 92 116 140 173 183 192 0
151 121 137 42 36 32 38 40 46 47 66 74 82 92 100 117 132 133 148 149 181 188 195 0
152 180 11 19 26 30 31 44 50 55 60 62 63 77 105 130 155 178 191 196 0
153 147 26 36 65 82 89 101 112 119 127 131 143 145 148 169 186 193 0
154 24 2 6 9 23 34 68 91 94 103 120 131 138 144 162 177 182 184 185 192 196 199 0
155 59 18 20 5 8 10 14 44 51 64 78 81 87 91 102 115 120 121 125 131 148 152 157 160 169 170 173 178 185 188 191 0
156 115 60 68 120 72 127 41 20 29 37 54 98 105 110 124 129 130 140 170 176 178 0
157 131 195 13 19 31 44 83 90 93 112 138 143 146 155 165 177 182 185 198 0
158 136 61 5 15 33 39 40 54 56 65 72 79 83 86 91 94 109 113 129 146 149 162 182 198 200 0
159 70 27 59 174 66 144 143 21 17 36 44 45 48 54 55 89 101 110 127 130 149 160 169 183 0
160 109 79 3 14 40 58 68 74 91 101 121 127 143 155 159 169 179 190 0
161 177 3 6 15 50 51 69 71 93 98 114 119 134 137 166 172 188 190 0
162 174 168 194 164 19 24 36 40 59 65 72 74 90 109 137 148 154 158 192 197 0
163 181 5 15 26 45 49 54 62 93 115 119 122 131 134 167 168 186 187 188 199 0
164 162 2 6 8 17 24 36 39 42 51 54 64 72 112 113 115 124 141 146 181 192 194 0
165 114 1 3 17 29 38 54 65 68 80 101 112 140 157 169 171 173 178 189 191 193 195 0
166 86 34 39 77 84 87 92 108 119 128 134 140 161 168 172 175 176 200 0
167 60 1 4 11 18 20 24 28 56 61 68 74 75 76 82 106 123 124 126 127 128 129 133 163 198 0
168 162 176 8 27 38 47 48 60 83 104 122 128 138 149 163 166 169 172 0
169 57 81 19 30 44 75 78 89 95 124 126 128 142 153 155 159 160 165 168 200 0
170 150 24 87 4 7 11 15 16 18 26 34 51 53 55 62 63 64 76 82 96 97 101 118 120 126 142 155 156 198 0
171 50 10 13 15 22 34 40 45 47 61 73 80 84 89 101 120 135 141 144 146 165 174 177 179 197 0
172 67 8 21 28 56 61 73 90 106 112 113 127 161 166 168 173 177 184 188 0
173 136 7 12 16 24 35 39 45 53 56 75 87 91 98 106 116 122 138 139 143 150 155 165 172 176 180 195 199 0
174 159 83 126 162 124 112 97 1 7 10 14 17 39 51 72 74 75 86 96 125 171 177 181 185 187 189 197 0
175 96 6 9 13 24 26 32 64 72 84 103 105 109 121 126 129 137 142 166 187 192 196 0
176 168 2 12 25 32 35 70 73 95 98 99 100 103 107 122 129 136 139 143 156 166 173 180 192 193 197 0
177 70 161 94 6 10 38 79 92 105 125 131 136 141 146 154 157 171 172 174 199 0
178 79 15 18 19 36 62 77 80 128 130 139 152 155 156 165 189 0
179 31 4 12 22 23 27 29 46 50 70 75 82 86 108 134 142 160 171 181 193 0
180 5 152 11 29 36 40 55 67 81 84 98 101 117 132 137 139 173 176 198 200 0
181 14 77 163 3 16 19 21 31 56 67 104 107 110 111 130 147 151 164 174 179 183 189 197 200 0
182 136 1 27 35 47 62 71 72 75 77 78 84 95 100 112 113 114 121 154 157 158 185 193 0
183 144 11 21 25 27 29 43 50 55 63 76 81 90 92 107 110 113 121 122 132 143 150 159 181 0
184 58 10 13 16 24 27 31 35 38 42 76 78 80 85 101 107 116 126 127 128 132 141 142 154 172 0
185 112 3 16 21 30 49 65 70 73 90 92 93 115 125 138 142 154 155 157 174 182 196 0
186 120 5 7 9 14 18 96 118 121 153 163 194 0
187 119 14 23 67 70 83 89 93 107 112 139 163 174 175 192 197 198 0
188 119 18 28 42 55 71 81 113 118 125 136 151 155 161 163 172 194 0
189 74 10 17 20 27 41 55 59 83 96 101 107 116 130 131 136 165 174 178 181 196 0
190 100 7 11 17 39 41 60 83 95 99 101 118 122 160 161 194 0
191 23 131 115 89 147 4 11 27 38 72 90 139 141 146 149 152 155 165 199 200 0
192 23 9 17 21 34 40 55 74 88 99 119 127 130 137 143 150 154 162 164 175 176 187 198 0
193 120 9 35 47 49 53 75 95 110 126 143 153 165 176 179 182 197 198 0
194 162 85 6 7 22 42 43 56 62 64 77 109 110 124 129 142 164 186 188 190 197 199 0
195 157 1 39 40 50 57 63 77 81 85 86 89 93 95 109 123 126 131 137 144 146 151 165 173 0
196 66 5 101 9 39 40 61 81 84 117 119 129 145 152 154 175 185 189 0
197 29 10 19 52 54 59 64 66 83 84 97 121 122 129 137 140 143 146 162 171 174 176 181 187 193 194 198 0
198 131 7 18 22 31 36 38 40 44 49 64 76 94 96 104 116 119 120 157 158 167 170 180 187 192 193 197 199 0
199 121 149 117 9 10 15 19 33 50 62 69 74 82 88 106 108 138 154 163 173 177 191 194 198 0
200 62 98 4 8 11 13 43 45 56 64 68 76 90 97 116 120 158 166 169 180 181 191 0

