200  2175
1 152 124 167 77 7 16 18 20 23 36 49 58 73 90 105 117 137 146 150 173 177 179 192 0
2 9 6 12 21 37 68 76 82 90 93 101 106 108 117 118 146 158 165 169 181 187 194 0
3 106 151 144 4 25 36 49 69 76 86 87 103 111 119 128 135 137 140 143 181 187 197 198 0
4 112 3 8 14 30 35 40 43 84 109 115 129 182 189 0
5 63 12 22 35 47 52 56 85 94 100 121 131 132 140 158 165 168 178 194 197 0
6 193 2 9 23 31 37 50 72 86 87 102 114 135 137 143 147 149 162 182 191 0
7 181 1 15 27 51 55 56 67 69 86 87 102 106 107 108 119 123 136 147 158 170 173 0
8 33 4 30 40 42 53 57 87 91 95 139 166 190 193 0
9 62 196 173 67 155 2 6 22 25 30 74 78 86 103 107 121 131 134 136 147 151 156 161 163 164 168 170 194 0
10 92 188 88 11 23 25 30 44 53 68 99 103 105 119 120 127 131 150 199 0
11 28 10 18 19 25 48 53 71 82 91 96 98 100 101 107 108 115 127 128 132 156 182 197 0
12 142 28 24 2 5 16 18 25 35 41 48 60 62 100 128 147 161 163 166 188 197 200 0
13 189 23 27 44 48 54 83 127 151 155 160 177 0
14 122 48 139 101 17 79 137 31 63 148 4 21 29 38 51 52 54 55 70 89 91 100 102 118 132 136 142 156 157 164 165 167 177 187 199 0
15 165 46 7 21 31 37 45 47 55 58 65 113 119 133 137 138 141 150 152 156 167 174 186 187 191 192 0
16 99 1 12 19 24 48 61 84 123 130 139 141 155 179 188 192 0
17 14 102 61 36 50 59 63 74 87 107 109 110 118 119 125 161 166 200 0
18 198 1 11 12 33 38 40 52 55 56 57 58 60 63 74 96 98 128 138 142 146 166 181 182 200 0
19 90 11 16 24 32 34 35 47 53 62 69 77 78 81 86 112 118 127 130 135 137 141 154 164 165 179 197 0
20 98 29 1 39 52 96 99 102 114 131 136 159 161 166 174 177 182 190 191 0
21 47 2 14 15 31 33 34 84 93 112 129 130 137 144 148 153 159 162 183 185 193 0
22 139 127 68 5 9 30 53 56 62 69 77 96 99 110 115 116 130 133 193 195 0
23 32 1 6 10 13 24 30 37 44 46 50 52 57 69 75 86 87 91 100 109 143 148 149 172 174 192 0
24 12 16 19 23 45 47 48 49 50 59 81 88 92 113 117 122 151 162 163 167 182 191 0
25 73 3 9 10 11 12 29 41 42 48 68 104 131 139 145 148 160 172 179 184 197 0
26 114 48 49 57 62 71 78 86 90 100 120 124 180 190 0
27 144 7 13 39 41 46 113 121 132 138 141 150 152 155 160 191 0
28 12 183 11 34 40 44 51 54 59 78 82 93 96 99 108 120 122 126 130 139 143 144 149 158 164 176 182 184 191 194 195 0
29 20 65 54 14 25 37 44 62 71 83 84 97 120 123 124 135 151 153 159 160 164 168 172 178 188 199 0
30 73 123 165 4 8 9 10 22 23 34 40 41 46 63 76 81 93 94 95 102 111 112 116 133 138 164 166 177 180 0
31 14 6 15 21 41 49 51 53 67 68 76 80 82 87 93 106 143 145 152 175 180 182 183 198 0
32 152 153 60 194 82 23 19 37 40 44 48 54 63 72 80 83 95 115 130 173 199 0
33 92 8 18 21 39 45 48 52 73 76 81 93 96 97 103 115 132 153 154 162 180 181 184 193 0
34 165 19 21 28 30 36 44 49 56 62 70 75 82 88 102 107 110 134 139 141 148 157 172 176 182 0
35 123 4 5 12 19 43 45 50 57 61 72 77 78 87 97 113 125 131 137 144 151 155 160 199 0
36 167 1 3 17 34 40 52 70 85 102 104 109 121 136 142 150 153 161 177 198 0
37 77 2 6 15 23 29 32 38 61 72 76 80 94 109 128 137 149 150 162 164 171 190 200 0
38 142 181 74 14 18 37 52 71 83 85 121 134 136 141 145 159 160 161 175 179 199 0
39 200 43 20 27 33 40 69 76 77 80 89 93 108 115 117 120 132 135 160 184 189 190 0
40 137 4 8 18 28 30 32 36 39 56 62 65 68 75 78 83 87 89 97 105 110 121 122 134 154 167 177 179 186 195 0
41 107 12 25 27 30 31 44 51 56 63 65 67 68 69 81 86 96 102 103 113 117 135 139 148 151 164 169 171 188 193 0
42 196 8 25 48 54 86 88 92 95 105 127 147 180 185 197 200 0
43 39 4 35 52 53 54 73 79 80 82 87 96 106 107 111 122 125 145 150 156 159 166 167 171 194 0
44 64 10 13 23 28 29 32 34 41 47 50 65 86 119 120 125 128 132 139 141 154 157 160 165 167 190 191 194 0
45 137 15 24 33 35 52 74 76 82 83 99 125 126 144 154 157 180 186 0
46 15 23 27 30 52 65 71 72 89 103 111 133 147 158 162 179 186 0
47 96 21 5 15 19 24 44 49 66 67 79 102 121 139 141 162 179 188 192 195 0
48 14 189 11 12 13 16 24 25 26 32 33 42 73 86 104 114 119 120 122 138 143 144 153 173 176 182 192 196 0
49 161 1 3 24 26 31 34 47 51 52 59 62 68 82 92 94 116 120 127 139 143 175 194 198 0
50 51 195 6 17 23 24 35 44 58 81 94 100 111 115 117 141 142 146 149 151 166 167 188 196 197 0
51 184 50 7 14 28 31 41 49 52 65 68 71 76 89 99 102 111 113 125 130 151 161 166 167 169 171 174 200 0
52 196 5 14 18 20 23 33 36 38 43 45 46 49 51 78 103 107 109 124 133 155 166 170 181 183 184 187 197 0
53 170 8 10 11 19 22 31 43 54 70 75 93 114 121 122 124 135 142 145 158 164 174 179 185 186 193 0
54 29 13 14 28 32 42 43 53 65 68 70 99 129 131 141 147 150 152 153 154 0
55 96 128 7 14 15 18 63 83 95 101 114 116 130 133 141 163 173 185 191 0
56 174 133 5 7 18 22 34 40 41 59 65 70 83 85 86 107 115 126 146 154 160 163 182 200 0
57 147 8 18 23 26 35 69 75 79 104 114 119 130 146 154 157 165 168 175 181 185 0
58 94 1 15 18 50 64 67 73 78 114 137 149 157 159 0
59 94 17 24 28 49 56 110 113 118 129 142 170 173 174 176 0
60 32 12 18 63 85 87 102 113 119 146 148 163 171 176 187 0
61 17 16 35 37 74 89 96 99 101 116 140 142 147 160 167 169 171 182 191 0
62 122 152 9 73 156 158 12 19 22 26 29 34 40 49 66 95 98 110 116 119 126 136 149 166 168 172 0
63 14 143 5 17 18 30 32 41 55 60 67 70 78 98 106 135 141 163 168 196 0
64 186 114 44 58 72 81 86 92 96 99 103 127 128 135 141 154 161 185 190 191 193 196 0
65 29 81 15 40 41 44 46 51 54 56 86 91 97 98 100 105 107 123 133 140 149 151 160 172 175 0
66 98 107 47 62 68 77 80 88 93 96 114 126 132 145 153 155 196 199 0
67 9 7 31 41 47 58 63 68 85 87 91 94 102 104 110 118 137 150 157 164 166 173 174 178 179 183 199 0
68 22 2 10 25 31 40 41 49 51 54 66 67 72 82 95 97 99 107 131 147 151 162 172 192 198 0
69 94 112 3 7 19 22 23 39 41 57 71 72 93 99 101 134 145 147 155 161 162 184 187 196 0
70 176 14 34 36 53 54 56 63 76 78 86 94 98 105 123 128 133 149 166 187 188 193 200 0
71 137 11 26 29 38 46 51 69 93 96 98 112 117 120 121 127 131 145 168 176 191 200 0
72 192 6 32 35 37 46 64 68 69 90 93 94 95 99 110 120 124 137 152 167 172 193 195 197 199 0
73 62 30 25 1 33 43 48 58 82 86 108 112 118 127 132 149 168 176 181 187 193 197 0
74 38 9 17 18 45 61 75 85 88 98 113 154 196 0
75 92 163 23 34 40 53 57 74 79 80 95 96 109 112 131 133 137 155 165 168 185 189 190 0
76 182 2 3 30 31 33 37 39 45 51 70 106 127 139 152 171 181 191 195 196 199 0
77 1 37 19 22 35 39 66 84 93 113 130 135 141 143 145 156 173 179 0
78 149 9 19 26 28 35 40 52 58 63 70 98 102 103 122 126 133 140 141 155 159 166 167 172 174 194 0
79 14 43 47 57 75 89 95 103 136 145 151 155 158 167 172 173 177 180 191 193 199 0
80 139 31 32 37 39 43 66 75 81 109 113 114 132 137 142 146 163 182 0
81 65 19 24 30 33 41 50 64 80 86 108 133 152 169 194 196 197 0
82 32 117 97 116 2 11 28 31 34 43 45 49 68 73 88 89 102 131 143 148 150 164 174 176 178 186 198 200 0
83 122 13 29 32 38 40 45 55 56 99 101 110 126 140 148 167 173 190 191 197 198 0
84 106 200 198 115 4 16 21 29 77 99 116 141 143 146 148 151 152 157 176 0
85 167 5 36 38 56 60 67 74 90 92 97 114 125 128 150 151 162 163 165 172 173 175 180 192 194 0
86 101 172 157 105 3 6 7 9 19 23 26 41 42 44 48 56 64 65 70 73 81 98 99 155 159 168 176 177 188 195 196 0
87 189 3 6 7 8 17 23 31 35 40 43 60 67 95 99 112 141 160 167 178 183 0
88 10 24 34 42 66 74 82 95 97 110 112 129 136 190 0
89 97 14 39 40 46 51 61 79 82 90 109 115 118 120 122 125 132 149 150 158 172 0
90 184 180 185 95 19 1 2 26 72 85 89 99 120 131 132 159 167 174 179 183 194 0
91 102 108 8 11 14 23 65 67 130 131 139 140 156 182 183 196 0
92 193 33 10 75 24 42 49 64 85 129 138 148 160 168 172 0
93 122 126 2 21 28 30 31 33 39 53 66 69 71 72 77 94 101 108 115 121 125 135 136 138 156 163 164 175 197 198 0
94 101 69 59 58 5 30 37 49 50 67 70 72 93 141 149 180 188 0
95 90 8 30 32 42 55 62 68 72 75 79 87 88 105 106 110 120 133 148 150 151 153 155 158 164 183 188 190 0
96 187 174 47 55 197 131 11 18 20 22 28 33 41 43 61 64 66 71 75 114 115 119 129 144 148 165 189 200 0
97 82 89 29 33 35 40 65 68 85 88 105 108 121 123 125 136 155 166 173 179 0
98 152 66 20 11 18 62 63 65 70 71 74 78 86 100 105 120 121 122 123 132 137 145 153 161 162 169 178 186 193 199 0
99 193 16 10 20 22 28 45 51 54 61 64 68 69 72 83 84 86 87 90 106 115 142 145 154 160 180 189 191 195 198 0
100 149 5 11 12 14 23 26 50 65 98 109 118 131 139 159 165 168 170 176 185 190 192 0
101 14 94 86 104 2 11 55 61 69 83 93 102 144 148 177 178 183 189 0
102 17 91 142 6 7 14 20 30 34 36 41 47 51 60 67 78 82 101 105 129 133 135 140 145 193 200 0
103 123 110 3 9 10 33 41 46 52 64 78 79 106 112 132 145 164 167 179 182 185 187 0
104 101 25 36 48 57 67 113 118 142 144 147 169 177 180 187 189 0
105 86 1 10 40 42 65 70 95 97 98 102 123 135 159 166 176 194 0
106 107 84 192 3 2 7 31 43 63 76 95 99 103 108 111 120 121 125 126 127 136 146 165 0
107 66 106 41 7 9 11 17 34 43 52 56 65 68 147 172 173 198 0
108 91 2 7 11 28 39 73 81 93 97 106 112 114 116 127 162 166 178 197 0
109 124 145 166 4 17 23 36 37 52 75 80 89 100 110 113 130 137 147 165 175 176 179 183 189 198 0
110 103 17 22 34 40 59 62 67 72 83 88 95 109 118 119 131 139 149 165 166 196 0
111 154 3 30 43 46 50 51 106 116 123 133 142 164 172 175 187 190 200 0
112 69 136 4 19 21 30 71 73 75 87 88 103 108 118 120 128 130 138 141 143 157 166 0
113 161 15 24 27 35 41 51 59 60 74 77 80 104 109 116 124 130 137 138 156 168 197 199 0
114 64 26 6 20 48 53 55 57 58 66 80 85 96 108 148 159 160 173 192 0
115 84 4 11 22 32 33 39 50 56 89 93 96 99 122 133 136 140 175 184 190 191 199 0
116 82 22 30 49 55 61 62 84 108 111 113 138 150 171 184 0
117 82 182 1 2 24 39 41 50 71 127 134 148 153 164 172 189 200 0
118 134 2 14 17 19 59 67 73 89 100 104 110 112 123 126 133 138 142 150 154 165 191 195 0
119 161 159 177 3 7 10 15 17 44 48 57 60 62 96 110 120 126 128 141 154 160 183 187 0
120 158 10 26 28 29 39 44 48 49 71 72 89 90 95 98 106 112 119 155 163 174 185 0
121 142 138 5 9 27 36 38 40 47 53 71 93 97 98 106 137 151 173 176 185 0
122 14 62 83 191 93 24 28 40 43 48 53 78 89 98 115 145 171 176 184 197 0
123 30 35 103 149 160 7 16 29 65 70 97 98 105 111 118 127 140 151 0
124 1 109 26 29 52 53 72 113 127 142 145 152 153 180 195 199 0
125 156 176 17 35 43 44 45 51 85 89 93 97 106 126 129 130 160 163 173 181 0
126 93 28 45 56 62 66 78 83 106 118 119 125 129 143 145 184 0
127 22 10 11 13 19 42 49 64 71 73 76 106 108 117 123 124 128 190 192 198 0
128 55 3 11 12 18 37 44 64 70 85 112 119 127 133 145 167 174 178 181 0
129 180 4 21 54 59 88 92 96 102 125 126 133 138 144 147 159 167 171 0
130 172 16 19 21 22 28 32 51 55 57 77 91 109 112 113 125 133 160 161 180 193 199 0
131 96 169 5 9 10 20 25 35 54 68 71 75 82 90 91 100 110 135 144 151 166 171 179 183 192 0
132 150 5 11 14 27 33 39 44 66 73 80 89 90 98 103 136 153 176 0
133 56 15 22 30 46 52 55 65 70 75 78 81 95 102 111 115 118 128 129 130 139 147 149 161 187 0
134 198 118 199 9 34 38 40 69 117 154 159 174 186 191 195 0
135 140 3 6 19 29 39 41 53 63 64 77 93 102 105 131 151 152 156 173 183 184 189 200 0
136 112 7 9 14 20 36 38 62 79 88 93 97 106 115 132 144 149 173 188 192 199 0
137 14 45 71 40 154 1 3 6 15 19 21 35 37 58 67 72 75 80 98 109 113 121 143 175 177 196 0
138 121 15 18 27 30 48 92 93 112 113 116 118 129 140 142 152 161 163 166 173 195 0
139 14 161 187 22 80 8 16 25 28 34 41 44 47 49 76 91 100 110 133 167 170 173 192 196 0
140 193 135 3 5 61 65 78 83 91 102 115 123 138 151 166 167 171 179 192 196 0
141 191 15 16 19 27 34 38 44 47 50 54 55 63 64 77 78 84 87 94 112 119 172 174 184 0
142 102 38 193 121 12 147 14 18 36 50 53 59 61 80 99 104 111 118 124 138 146 148 154 0
143 63 3 6 23 28 31 48 49 77 82 84 112 126 137 151 168 175 182 0
144 3 27 21 28 35 45 48 96 101 104 129 131 136 147 166 173 178 181 182 184 193 0
145 109 25 31 38 43 53 66 69 71 77 79 98 99 102 103 122 124 126 128 159 167 177 184 197 198 199 0
146 161 1 2 18 50 56 57 60 80 84 106 142 150 164 175 191 192 199 0
147 142 57 6 7 9 12 42 46 54 61 68 69 104 107 109 129 133 144 148 149 155 160 162 166 171 190 194 196 0
148 14 21 23 25 34 41 60 82 83 84 92 95 96 101 114 117 142 147 149 163 165 167 175 186 191 199 0
149 123 78 100 6 23 28 37 50 58 62 65 70 73 89 94 110 133 136 147 148 151 156 165 181 184 190 0
150 173 132 1 10 15 27 36 37 43 54 67 82 85 89 95 116 118 146 156 159 166 182 183 184 186 196 197 0
151 3 9 13 24 29 35 41 50 51 65 68 79 84 85 95 121 123 131 135 140 143 149 169 181 193 196 0
152 62 98 1 32 15 27 31 54 72 76 81 84 124 135 138 156 164 180 186 195 0
153 32 21 29 33 36 48 54 66 95 98 117 124 132 176 195 200 0
154 137 111 19 33 40 44 45 54 56 57 64 74 99 118 119 134 142 155 193 195 200 0
155 9 164 13 16 27 35 52 66 69 75 78 79 86 95 97 120 147 154 177 189 192 194 196 0
156 62 125 9 11 14 15 43 77 91 93 113 135 149 150 152 157 169 174 178 0
157 86 14 34 44 45 57 58 67 84 112 156 167 186 0
158 62 120 2 5 7 28 46 53 79 89 95 160 168 173 191 0
159 119 20 21 29 38 43 58 78 86 90 100 105 114 129 134 145 150 168 171 177 186 0
160 123 13 25 27 29 35 38 39 44 56 61 65 87 92 99 114 119 125 130 147 158 162 173 0
161 139 184 119 49 113 146 9 12 17 20 36 38 51 64 69 98 130 133 138 163 176 180 186 0
162 174 6 21 24 33 37 46 47 68 69 85 98 108 147 160 169 176 183 189 0
163 75 9 12 24 55 56 60 63 80 85 93 120 125 138 148 161 183 0
164 155 9 14 19 28 29 30 37 41 53 67 82 93 95 103 111 117 146 152 167 0
165 30 34 15 179 2 5 14 19 44 57 75 85 96 100 106 109 110 118 148 149 172 200 0
166 109 8 12 17 18 20 30 43 50 51 52 62 67 70 78 97 105 108 110 112 131 138 140 144 147 150 167 177 187 199 0
167 1 85 36 14 15 24 40 43 44 50 51 61 72 78 79 83 87 90 103 128 129 139 140 145 148 157 164 166 174 181 182 183 0
168 198 5 9 29 57 62 63 71 73 75 86 92 100 113 143 158 159 169 173 175 186 192 0
169 131 2 41 51 61 81 98 104 151 156 162 168 176 190 0
170 173 53 7 9 52 59 100 139 171 182 0
171 173 37 41 43 51 60 61 76 116 122 129 131 140 147 159 170 174 176 180 185 0
172 86 130 23 25 29 34 62 65 68 72 78 79 85 89 92 107 111 117 141 165 174 185 0
173 9 186 170 150 171 1 7 32 48 55 59 67 77 79 83 85 97 107 114 121 125 135 136 138 139 144 158 160 168 174 0
174 96 56 162 15 20 23 51 53 59 67 78 82 90 120 128 134 141 156 167 171 172 173 187 192 0
175 176 31 38 49 57 65 85 93 109 111 115 137 143 146 148 168 178 183 188 200 0
176 125 70 175 28 34 48 59 60 71 73 82 84 86 100 105 109 121 122 132 153 161 162 169 171 178 185 187 190 194 0
177 119 1 13 14 20 30 36 40 79 86 101 104 137 145 155 159 166 180 181 184 189 198 200 0
178 198 5 29 67 82 87 98 101 108 128 144 156 175 176 193 197 0
179 165 1 16 19 25 38 40 46 47 53 67 77 90 97 103 109 131 140 184 186 189 0
180 90 129 26 30 31 33 42 45 79 85 94 99 104 124 130 152 161 171 177 189 0
181 38 7 2 3 18 33 52 57 73 76 125 128 144 149 151 167 177 191 194 0
182 117 76 4 6 11 18 20 24 28 31 34 48 56 61 80 91 103 143 144 150 167 170 188 189 191 0
183 28 21 31 52 67 87 90 91 95 101 109 119 131 135 150 162 163 167 175 185 197 0
184 161 90 51 25 28 33 39 52 69 115 116 122 126 135 141 144 145 149 150 177 179 185 190 192 193 197 0
185 90 21 42 53 55 57 64 75 100 103 120 121 171 172 176 183 184 186 192 196 0
186 173 64 15 40 45 46 53 82 98 134 148 150 152 157 159 161 168 179 185 0
187 139 96 2 3 14 15 52 60 69 70 73 103 104 111 119 133 166 174 176 0
188 10 12 16 29 41 47 50 70 86 94 95 136 175 182 0
189 48 13 87 4 39 75 96 99 101 104 109 117 135 155 162 177 179 180 182 199 200 0
190 192 8 20 26 37 39 44 64 75 83 88 95 100 111 115 127 147 149 169 176 184 194 199 0
191 122 141 6 15 20 24 27 28 44 55 61 64 71 76 79 83 99 115 118 134 146 148 158 181 182 195 200 0
192 106 72 190 1 15 16 23 47 48 68 85 100 114 127 131 136 139 140 146 155 168 174 184 185 193 194 0
193 142 92 99 6 140 8 21 22 33 41 53 64 70 72 73 79 98 102 130 144 151 154 178 184 192 195 199 0
194 32 2 5 9 28 43 44 49 78 81 85 90 105 147 155 176 181 190 192 196 0
195 50 22 28 40 47 72 76 86 99 118 124 134 138 152 153 154 191 193 0
196 9 42 52 48 50 63 64 66 69 74 76 81 86 91 110 137 139 140 147 150 151 155 185 194 199 0
197 96 3 5 11 12 19 25 42 50 52 72 73 81 83 93 108 113 122 145 150 178 183 184 198 0
198 84 18 134 168 178 3 31 36 49 68 82 83 93 99 107 109 127 145 177 197 200 0
199 134 10 14 29 32 35 38 66 67 72 76 79 98 113 115 124 130 136 145 146 148 166 189 190 193 196 0
200 84 39 12 17 18 37 42 51 56 70 71 82 96 102 111 117 135 153 154 165 175 177 189 191 198 0

