200  306
1 183 54 106 158 165 0
2 87 22 155 0
3 119 22 0
4 87 71 116 186 0
5 173 9 139 19 134 0
6 186 10 72 0
7 144 0
8 92 95 157 0
9 5 0
10 6 143 13 137 175 0
11 119 113 148 0
12 159 0
13 10 109 188 0
14 179 116 0
15 185 91 0
16 173 155 50 121 164 54 0
17 165 34 0
18 73 76 0
19 112 41 125 5 145 0
20 102 0
21 176 56 147 181 0
22 2 3 0
23 68 169 0
24 192 195 71 26 123 0
25 47 96 0
26 143 39 24 113 157 0
27 86 64 0
28 185 0
29 83 84 178 157 0
30 129 181 90 165 92 179 0
31 91 43 83 88 101 0
32 165 179 0
33 129 142 75 0
34 73 122 189 17 0
35 199 175 181 0
36 156 0
37 136 49 0
38 100 0
39 26 52 89 0
40 109 0
41 19 96 114 0
42 162 153 87 93 0
43 117 59 65 31 175 0
44 186 120 62 0
45 106 159 53 121 0
46 81 0
47 173 25 134 131 100 143 0
48 196 95 0
49 112 37 0
50 16 126 0
51 167 0
52 171 39 68 0
53 45 0
54 142 156 55 1 16 0
55 54 178 0
56 140 21 107 116 0
57 63 126 0
58 117 190 75 170 0
59 43 151 197 0
60 185 106 171 0
61 129 78 158 0
62 199 44 89 0
63 167 57 0
64 72 166 27 0
65 43 0
66 167 148 101 124 0
67 119 83 0
68 176 158 23 52 80 0
69 89 0
70 73 0
71 24 4 0
72 6 64 137 0
73 79 34 18 70 0
74 169 0
75 33 58 200 0
76 179 18 0
77 185 115 0
78 117 61 0
79 114 102 167 73 0
80 171 112 68 0
81 136 46 0
82 150 175 0
83 142 184 29 200 31 67 0
84 29 155 197 0
85 184 89 130 0
86 106 27 137 0
87 90 4 2 42 0
88 102 154 31 0
89 123 69 39 62 85 0
90 30 87 103 0
91 108 31 15 0
92 170 8 30 114 0
93 160 42 0
94 154 0
95 8 48 0
96 41 25 188 0
97 148 0
98 101 0
99 177 115 0
100 102 38 160 47 0
101 66 98 31 111 144 0
102 79 185 88 123 20 100 187 126 182 0
103 90 178 184 0
104 106 144 161 0
105 143 0
106 60 86 45 192 104 1 0
107 134 135 56 0
108 129 91 194 0
109 13 40 0
110 151 121 0
111 164 101 0
112 80 19 49 0
113 144 11 26 177 0
114 183 79 41 92 0
115 77 99 184 0
116 14 4 56 0
117 179 180 43 58 78 0
118 164 0
119 188 67 11 3 0
120 44 0
121 16 177 45 110 0
122 34 191 0
123 102 89 24 159 0
124 66 0
125 19 133 0
126 50 163 57 102 133 0
127 160 0
128 179 0
129 186 33 30 108 133 162 61 184 0
130 189 149 85 146 175 0
131 47 195 0
132 185 192 0
133 129 125 126 165 0
134 47 107 5 0
135 107 0
136 143 37 81 167 0
137 10 72 86 0
138 183 193 0
139 5 146 179 0
140 173 56 178 0
141 170 0
142 33 83 54 0
143 10 136 105 26 147 47 0
144 104 145 7 113 101 0
145 144 19 151 168 0
146 139 130 149 0
147 143 21 0
148 66 97 11 0
149 130 146 164 182 0
150 184 198 82 160 0
151 59 110 145 185 0
152 173 188 0
153 42 0
154 88 94 0
155 16 2 84 0
156 54 36 175 0
157 8 26 29 0
158 68 1 61 0
159 45 12 123 0
160 100 93 127 150 0
161 104 169 0
162 129 42 0
163 126 0
164 16 118 196 111 169 149 0
165 30 32 17 1 133 0
166 64 0
167 79 66 63 51 136 0
168 186 183 173 176 191 145 0
169 164 74 23 161 193 0
170 183 179 92 141 58 194 0
171 60 80 52 0
172 174 0
173 168 5 47 140 16 152 174 0
174 173 172 0
175 35 10 43 82 130 156 0
176 168 21 68 182 0
177 121 99 113 0
178 29 55 103 140 0
179 170 117 14 128 76 30 32 139 0
180 117 0
181 30 21 35 0
182 176 102 149 0
183 168 114 170 138 1 0
184 83 150 85 103 115 129 0
185 102 60 77 15 28 132 151 0
186 168 129 6 44 4 0
187 102 0
188 13 119 96 152 0
189 34 130 0
190 58 0
191 168 122 0
192 106 24 132 0
193 138 169 0
194 108 170 0
195 24 199 131 0
196 164 48 0
197 59 84 0
198 150 0
199 195 35 62 0
200 83 75 0

