200  380
1 142 110 47 30 188 191 0
2 22 79 0
3 144 66 31 67 78 177 0
4 197 21 28 113 116 0
5 151 58 0
6 141 199 14 0
7 182 126 0
8 20 114 126 168 0
9 94 0
10 192 115 198 0
11 144 141 0
12 175 167 53 87 0
13 153 194 20 49 156 188 0
14 114 158 6 169 0
15 104 0
16 182 68 146 188 134 171 195 0
17 188 0
18 125 23 0
19 108 128 0
20 145 152 182 8 88 13 49 177 0
21 146 4 167 0
22 95 2 122 0
23 78 137 18 74 75 158 0
24 39 185 86 40 123 0
25 195 63 124 0
26 169 30 99 0
27 192 154 0
28 144 4 0
29 81 0
30 26 1 32 62 0
31 164 162 3 0
32 196 175 192 30 0
33 166 92 132 151 0
34 75 54 0
35 169 193 136 125 0
36 115 106 174 0
37 93 110 0
38 95 153 0
39 151 142 101 72 168 43 24 92 0
40 62 24 112 185 0
41 102 49 181 0
42 100 187 0
43 39 172 56 87 0
44 104 113 56 58 60 88 197 0
45 151 103 139 0
46 141 52 71 0
47 1 166 0
48 156 0
49 57 13 20 41 61 93 0
50 161 77 0
51 125 113 0
52 164 46 64 128 0
53 151 73 12 0
54 34 0
55 193 105 147 0
56 134 43 44 82 0
57 152 49 158 167 0
58 119 5 44 0
59 166 80 0
60 142 90 102 163 44 113 116 0
61 137 49 73 93 194 0
62 142 169 159 40 30 132 191 0
63 137 25 131 145 0
64 175 148 52 92 123 150 0
65 136 120 0
66 3 0
67 144 197 195 3 69 111 0
68 16 151 0
69 168 67 87 132 0
70 132 0
71 132 181 46 168 0
72 39 155 131 153 0
73 53 160 61 85 120 0
74 82 126 23 145 0
75 159 179 34 23 0
76 82 85 144 183 0
77 130 50 199 0
78 145 23 87 109 3 100 140 144 0
79 192 2 189 0
80 59 84 130 0
81 95 149 177 29 99 0
82 156 76 74 56 0
83 192 147 103 173 0
84 80 126 165 0
85 199 73 76 0
86 24 137 162 0
87 78 12 43 69 0
88 20 174 44 180 0
89 121 113 0
90 60 122 0
91 132 170 0
92 195 33 39 64 101 188 0
93 147 171 37 49 61 0
94 159 9 157 0
95 97 81 123 22 127 38 153 159 0
96 168 145 180 0
97 187 95 164 0
98 105 183 117 171 177 0
99 26 198 81 0
100 144 42 78 173 0
101 39 196 180 178 92 166 198 0
102 60 41 115 171 198 0
103 187 45 83 116 0
104 168 44 15 122 0
105 145 98 55 140 0
106 36 0
107 169 195 0
108 187 19 192 0
109 78 152 0
110 1 37 0
111 163 67 0
112 193 40 0
113 44 4 51 60 89 141 171 0
114 148 14 134 8 0
115 10 143 36 102 123 0
116 182 4 60 103 147 0
117 98 0
118 192 0
119 142 58 183 0
120 65 73 150 0
121 127 89 0
122 22 90 104 180 0
123 95 124 24 64 115 158 0
124 123 25 163 0
125 35 186 51 18 0
126 74 7 8 84 146 194 0
127 95 121 132 0
128 19 52 0
129 169 0
130 80 77 143 157 180 0
131 72 63 0
132 127 91 71 70 33 62 69 0
133 180 0
134 114 56 16 174 0
135 192 145 167 170 184 0
136 35 65 0
137 23 61 63 86 0
138 142 162 0
139 196 170 45 189 0
140 175 189 78 105 141 173 0
141 169 6 46 11 113 140 0
142 39 187 145 62 60 144 1 138 119 150 0
143 115 130 176 0
144 142 67 100 3 28 11 76 78 0
145 142 78 20 105 63 74 96 135 193 0
146 16 21 126 190 0
147 83 93 55 116 0
148 64 114 0
149 81 0
150 173 64 120 142 0
151 39 53 5 45 165 33 68 181 0
152 20 57 109 0
153 160 13 38 72 95 0
154 27 200 0
155 72 173 157 199 0
156 188 48 82 13 161 0
157 191 94 130 155 190 0
158 14 23 57 123 0
159 62 94 75 95 175 0
160 73 153 168 0
161 180 50 156 179 0
162 31 86 138 164 0
163 60 111 124 0
164 97 52 31 191 162 0
165 151 84 0
166 180 59 33 176 47 101 0
167 12 21 57 135 0
168 39 69 96 104 8 71 160 0
169 62 35 141 26 129 107 14 0
170 139 91 135 194 0
171 93 16 98 102 113 187 0
172 43 0
173 155 150 83 100 140 0
174 88 36 134 185 0
175 32 140 64 12 159 0
176 166 143 186 0
177 81 3 20 98 0
178 101 0
179 75 190 161 0
180 101 166 133 161 88 96 122 130 0
181 71 41 151 0
182 20 16 116 7 0
183 98 76 119 0
184 188 135 0
185 24 40 174 194 0
186 125 176 0
187 142 97 108 103 42 171 0
188 16 156 17 184 1 13 92 0
189 140 79 139 0
190 179 146 157 0
191 164 157 1 62 0
192 32 135 27 10 118 83 79 108 0
193 35 55 112 145 0
194 13 61 126 170 185 0
195 67 92 25 16 107 0
196 101 32 139 0
197 67 4 44 0
198 99 10 101 102 0
199 6 85 77 155 0
200 154 0

