200  2141
1 83 63 154 187 100 4 7 38 41 43 66 74 88 92 123 125 128 134 139 142 153 157 160 182 0
2 94 4 7 22 45 50 69 80 107 138 140 141 161 165 171 173 177 182 197 200 0
3 79 86 12 16 29 34 35 54 59 61 67 68 70 94 103 126 134 137 153 161 186 0
4 184 158 83 72 165 93 66 175 73 1 2 6 10 21 25 35 38 53 95 117 127 128 139 147 174 186 187 191 0
5 66 180 196 110 8 27 29 30 53 62 67 68 84 102 103 109 116 135 144 147 155 156 191 198 0
6 38 4 9 10 15 48 64 75 95 96 97 116 125 135 167 168 173 174 189 192 193 196 0
7 186 38 161 144 1 2 13 20 33 45 49 73 76 84 96 109 110 111 116 132 147 153 179 182 0
8 117 124 99 5 37 38 42 44 46 54 72 73 77 80 107 115 116 118 150 168 172 177 0
9 152 6 11 43 52 63 98 99 107 136 142 162 164 0
10 115 4 6 13 17 18 25 27 66 81 103 106 114 118 122 128 131 145 150 153 154 155 171 175 0
11 103 200 54 51 9 12 14 24 25 43 58 85 90 111 112 133 148 149 169 171 172 173 176 180 181 184 187 195 0
12 195 178 131 3 11 32 38 93 100 102 120 127 143 157 169 170 177 191 199 0
13 193 22 81 7 10 14 15 17 30 57 62 64 75 91 99 109 127 130 132 143 156 158 166 184 192 0
14 120 163 105 11 13 16 24 38 55 73 76 80 84 92 93 101 113 132 145 148 162 191 0
15 42 6 13 24 26 47 49 57 60 70 89 97 105 107 123 125 137 167 169 170 176 0
16 152 89 3 14 30 38 45 56 57 83 93 109 114 125 127 135 142 143 146 159 163 173 197 0
17 130 20 10 13 32 39 47 61 62 63 74 75 82 84 98 125 129 134 138 141 171 176 178 180 0
18 120 36 192 24 152 10 26 60 86 87 92 93 94 107 131 148 171 0
19 46 36 44 67 71 75 78 83 91 100 104 116 138 143 147 150 159 160 170 200 0
20 17 182 7 31 36 42 43 45 47 55 84 111 113 118 119 125 126 139 152 153 156 184 0
21 74 177 179 130 148 26 4 23 56 57 67 95 124 133 135 142 144 149 154 158 164 181 184 185 190 191 0
22 13 58 2 30 52 71 74 89 121 129 136 141 159 167 176 179 0
23 163 21 33 38 41 42 60 63 99 102 129 152 159 176 183 193 0
24 18 49 11 14 15 56 59 68 83 100 109 116 121 124 129 154 164 168 0
25 142 4 10 11 60 81 87 89 92 106 110 112 139 148 158 180 189 0
26 21 15 18 35 45 49 64 79 84 87 91 107 122 130 133 141 166 167 172 174 175 193 0
27 186 82 5 10 45 49 80 90 113 117 131 143 163 173 175 199 0
28 149 140 50 32 38 46 54 64 67 83 93 95 96 102 114 129 132 150 158 168 170 171 187 188 193 196 199 0
29 173 3 5 36 49 55 61 65 66 68 73 74 95 117 127 135 137 138 148 155 160 165 174 175 181 187 189 196 198 0
30 153 5 13 16 22 38 41 51 58 59 63 65 101 104 109 123 130 131 145 147 149 159 173 180 184 198 0
31 174 127 20 41 46 48 51 63 65 80 81 95 101 135 142 175 179 188 190 191 0
32 97 145 12 17 28 53 55 63 89 93 108 132 136 168 170 0
33 79 45 7 23 35 38 55 69 85 106 117 118 119 123 126 145 148 155 199 0
34 167 3 36 54 55 83 101 105 133 144 150 151 152 158 173 194 0
35 115 3 4 26 33 42 47 61 68 75 81 86 88 92 96 107 128 133 139 155 173 181 187 189 190 0
36 18 142 19 20 29 34 46 58 73 74 94 111 119 124 168 0
37 102 8 44 63 65 77 88 98 116 126 131 148 158 164 170 200 0
38 7 134 6 1 4 8 12 14 16 23 28 30 33 44 45 53 60 71 73 74 88 93 101 118 123 125 168 177 0
39 41 17 44 47 56 60 77 81 108 127 134 136 140 143 149 151 176 182 183 190 191 0
40 52 49 57 58 70 79 89 92 131 155 181 190 0
41 48 39 1 23 30 31 43 46 63 94 101 116 177 183 193 197 0
42 180 137 53 15 8 20 23 35 46 49 52 69 82 83 90 91 97 109 110 167 175 181 187 199 0
43 191 197 1 9 11 20 41 51 55 67 70 75 83 91 95 100 104 108 117 127 128 130 131 134 138 162 178 0
44 191 8 19 37 38 39 49 65 78 87 106 108 114 119 138 139 145 173 197 0
45 33 2 7 16 20 26 27 38 54 77 80 84 91 96 97 113 121 123 135 140 159 169 186 188 191 198 199 0
46 83 103 19 136 8 28 31 36 41 42 47 57 96 101 114 115 137 148 153 160 161 169 170 177 185 199 0
47 63 15 17 20 35 39 46 83 95 100 105 120 129 135 153 186 192 196 0
48 163 41 116 6 31 58 60 79 83 84 97 100 124 125 130 131 161 172 0
49 24 7 15 26 27 29 40 42 44 50 57 61 67 80 92 114 115 146 148 153 168 181 190 193 0
50 28 119 2 49 64 65 69 77 85 88 93 97 102 104 116 121 144 147 182 194 0
51 11 135 30 31 43 60 74 80 98 127 132 160 174 200 0
52 172 40 167 9 22 42 56 75 78 81 101 122 154 171 174 176 177 184 189 191 0
53 42 4 5 32 38 65 72 81 91 102 115 121 123 124 128 132 141 143 145 148 169 171 180 189 0
54 11 183 3 8 28 34 45 72 82 93 98 100 140 143 144 166 182 0
55 75 14 20 29 32 33 34 43 64 65 66 80 93 106 150 152 160 162 165 181 193 0
56 158 147 170 16 21 24 39 52 58 74 82 85 91 106 172 189 0
57 100 13 15 16 21 40 46 49 64 80 81 82 92 99 104 113 130 139 145 146 151 156 164 186 195 0
58 22 126 11 30 36 40 48 56 66 69 79 82 87 94 107 116 130 139 142 143 145 161 169 188 197 200 0
59 114 3 24 30 63 64 69 77 86 92 98 112 117 126 130 133 152 168 177 200 0
60 137 15 18 23 25 38 39 48 51 74 91 92 95 100 104 123 135 142 146 154 157 158 164 165 170 184 189 0
61 174 3 17 29 35 49 105 112 128 136 170 171 176 188 197 0
62 81 5 13 17 82 97 101 102 112 116 132 143 154 158 185 190 198 200 0
63 1 67 47 9 17 23 30 31 32 37 41 59 88 91 119 123 124 125 138 141 160 174 188 196 199 0
64 193 6 13 26 28 50 55 57 59 84 93 121 122 124 129 140 145 164 171 0
65 68 29 30 31 37 44 50 53 55 73 80 81 90 106 116 117 122 126 129 130 142 174 198 0
66 4 5 101 1 10 29 55 58 80 81 83 87 88 91 115 122 133 146 147 159 162 165 175 177 184 189 0
67 63 151 3 5 19 21 28 43 49 90 101 102 108 117 126 139 145 155 161 190 192 197 198 0
68 71 65 3 5 24 29 35 76 80 82 89 94 96 100 101 111 121 131 162 182 184 198 0
69 95 190 2 33 42 50 58 59 89 98 104 107 108 124 138 144 183 196 0
70 181 78 146 3 15 40 43 72 82 97 107 108 126 130 132 155 173 178 182 185 189 0
71 177 68 19 22 38 84 88 103 104 112 115 129 130 131 135 153 166 167 170 0
72 4 87 113 8 53 54 70 105 112 118 129 131 141 153 162 164 193 0
73 4 90 7 8 14 29 36 38 65 85 92 108 110 119 122 142 147 148 151 167 173 180 0
74 165 21 193 159 1 17 22 29 36 38 51 56 60 79 91 97 99 100 104 131 143 183 184 192 199 0
75 184 55 132 6 13 17 19 35 43 52 76 79 80 88 90 96 101 107 115 119 127 128 133 135 141 147 176 191 199 0
76 198 7 14 68 75 86 92 95 97 103 117 129 134 135 143 147 148 160 168 182 184 190 191 194 0
77 95 8 37 39 45 50 59 82 85 86 93 110 117 145 166 173 175 184 186 0
78 70 19 44 52 91 94 102 127 136 139 141 142 147 170 176 189 190 196 197 0
79 195 3 33 26 40 48 58 74 75 90 95 98 103 110 118 123 124 162 163 164 192 0
80 108 157 162 2 8 14 27 31 45 49 51 55 57 65 66 68 75 82 90 127 146 149 166 0
81 13 62 10 25 31 35 39 52 53 57 65 66 82 89 92 93 94 100 120 129 130 136 140 146 153 169 194 200 0
82 27 17 42 54 56 57 58 62 68 70 77 80 81 101 104 122 129 142 143 145 146 154 166 170 174 186 187 191 0
83 4 46 1 194 189 16 19 24 28 34 42 43 47 48 66 95 96 103 109 110 137 145 146 153 160 177 185 192 197 0
84 123 5 7 14 17 20 26 45 48 64 71 99 120 122 133 135 150 157 163 164 167 168 170 171 172 180 184 188 0
85 93 11 33 50 56 73 77 87 91 105 130 131 149 170 173 179 184 187 192 199 0
86 3 18 35 59 76 77 121 122 131 196 0
87 72 95 18 25 26 44 58 66 85 108 119 123 126 148 151 165 176 191 196 0
88 138 1 35 37 38 50 63 66 71 75 96 97 122 132 136 160 167 171 178 186 0
89 16 15 22 25 32 40 68 69 81 92 93 96 109 114 158 172 0
90 73 11 27 42 65 67 75 79 80 91 98 106 156 167 168 174 182 184 0
91 152 13 19 26 42 43 45 53 56 60 63 66 74 78 85 90 103 108 112 114 133 135 166 173 181 190 0
92 93 141 1 14 18 25 35 40 49 57 59 60 73 76 81 89 94 104 109 110 125 144 146 151 169 177 182 192 195 0
93 4 92 102 115 85 12 14 16 18 28 32 38 50 54 55 64 77 81 89 96 101 107 109 126 130 137 139 143 167 171 172 174 182 189 0
94 195 2 96 3 18 36 41 58 68 78 81 92 107 116 122 136 143 168 178 0
95 87 69 77 125 4 6 21 28 29 31 43 47 60 76 79 83 101 112 120 129 137 176 178 185 191 0
96 94 6 7 28 35 45 46 68 75 83 88 89 93 107 108 121 127 136 151 152 156 163 177 191 0
97 160 32 6 15 42 45 48 50 62 70 74 76 88 109 111 116 120 132 138 159 166 194 0
98 114 104 9 17 37 51 54 59 69 79 90 100 101 112 127 132 144 154 164 180 185 187 188 0
99 8 9 13 23 57 74 84 114 127 131 132 135 139 157 161 184 191 193 194 196 0
100 1 149 156 57 12 19 24 43 47 48 54 60 68 74 81 98 109 135 138 158 168 172 175 187 196 0
101 66 14 30 31 34 38 41 46 52 62 67 68 75 82 93 95 98 117 118 129 130 140 158 159 186 193 0
102 93 176 37 5 12 23 28 50 53 62 67 78 108 131 147 154 163 164 171 180 0
103 46 11 3 5 10 71 76 79 83 91 121 143 153 156 193 0
104 98 19 30 43 50 57 60 69 71 74 82 92 114 116 159 171 172 174 0
105 14 15 34 47 61 72 85 126 130 141 160 163 178 180 0
106 107 10 25 33 44 55 56 65 90 112 113 121 138 139 143 149 154 158 180 184 187 194 200 0
107 159 106 2 8 9 15 18 26 35 58 69 70 75 93 94 96 125 128 129 131 151 152 164 168 182 183 191 0
108 158 195 186 80 32 39 43 44 67 69 70 73 87 91 96 102 115 134 137 149 153 157 181 189 197 200 0
109 174 5 7 13 16 24 30 42 83 89 92 93 97 100 113 130 156 158 175 0
110 5 7 25 42 73 77 79 83 92 113 120 128 141 156 183 192 199 0
111 184 166 7 11 20 36 68 97 119 146 153 157 172 188 0
112 160 11 25 59 61 62 71 72 91 95 98 106 121 127 135 137 140 141 149 153 154 155 161 164 167 195 0
113 72 14 20 27 45 57 106 109 110 114 122 148 155 163 178 182 193 0
114 149 98 59 10 16 28 44 46 49 89 91 99 104 113 141 143 160 164 172 176 178 181 188 0
115 93 10 35 8 46 49 53 66 71 75 108 121 126 137 177 181 183 189 198 0
116 48 5 6 7 8 19 24 37 41 50 58 62 65 94 97 104 127 137 150 155 156 169 172 185 187 0
117 163 8 4 27 29 33 43 59 65 67 76 77 101 119 123 143 162 165 196 0
118 178 8 10 20 33 38 72 79 101 129 130 133 135 146 160 167 177 183 185 199 200 0
119 50 20 33 36 44 63 73 75 87 111 117 120 133 134 143 151 152 153 175 191 0
120 165 18 14 129 12 47 81 84 95 97 110 119 142 152 159 177 181 0
121 198 22 24 45 50 53 64 68 86 96 103 106 112 115 135 142 150 165 168 171 179 180 185 0
122 154 10 26 52 64 65 66 73 82 84 86 88 94 113 123 129 130 162 173 178 183 200 0
123 191 84 1 15 30 33 38 45 53 60 63 79 87 117 122 140 146 152 154 162 167 172 177 180 0
124 8 21 24 36 48 53 63 64 69 79 148 149 162 175 184 190 0
125 95 1 6 15 16 17 20 38 48 63 92 107 132 145 176 187 196 0
126 58 3 20 33 37 59 65 67 70 87 93 105 115 137 142 148 160 176 177 184 0
127 31 4 12 13 16 29 39 43 51 75 78 80 96 98 99 112 116 129 140 152 172 185 189 195 196 0
128 169 1 4 10 35 43 53 61 75 107 110 139 149 163 187 193 0
129 120 17 22 23 24 28 47 64 65 71 72 76 81 82 95 101 107 118 122 127 137 148 151 158 187 188 196 199 0
130 21 17 13 26 30 43 48 57 58 59 65 70 71 81 85 93 101 105 109 118 122 190 0
131 12 10 18 27 30 37 40 43 48 68 71 72 74 85 86 99 102 107 157 158 168 173 182 189 198 199 0
132 75 7 13 14 28 32 51 53 62 70 88 97 98 99 125 138 143 156 162 174 177 189 197 199 0
133 199 11 21 26 34 35 59 66 75 84 91 118 119 140 142 148 153 154 161 183 0
134 38 1 3 17 39 43 76 108 119 198 0
135 51 5 6 16 21 29 31 45 47 60 71 75 76 84 91 99 100 112 118 121 157 160 162 171 176 195 199 0
136 46 9 22 32 39 61 78 81 88 94 96 145 150 152 155 169 179 185 0
137 42 60 3 15 29 46 83 93 95 108 112 115 116 126 129 141 147 155 158 160 186 196 198 0
138 186 88 2 17 19 29 43 44 63 69 97 100 106 132 139 141 144 155 160 177 185 187 0
139 190 1 4 20 25 35 44 57 58 67 78 93 99 106 128 138 152 163 168 181 186 0
140 28 2 39 45 54 64 81 101 112 123 127 133 141 147 162 168 177 182 195 200 0
141 92 2 17 22 26 53 63 72 75 78 105 110 112 114 137 138 140 149 165 0
142 36 153 25 1 9 16 21 31 58 60 65 73 78 82 120 121 126 133 157 173 180 195 0
143 154 12 13 16 19 27 39 53 54 58 62 74 76 82 93 94 103 106 114 117 119 132 159 181 182 196 200 0
144 7 5 21 34 50 54 69 92 98 138 163 164 166 177 183 0
145 32 10 14 30 33 44 53 57 58 64 67 77 82 83 125 136 148 154 164 183 186 190 194 199 0
146 70 16 49 57 60 66 80 81 82 83 92 111 118 123 149 150 157 165 170 186 191 194 198 0
147 56 188 172 4 5 7 19 30 50 66 73 75 76 78 102 137 140 153 159 169 186 198 0
148 21 11 14 18 25 29 33 37 46 49 53 73 76 87 113 124 126 129 133 145 151 165 180 188 191 192 0
149 100 28 114 11 21 30 39 80 85 106 108 112 124 128 141 146 171 174 187 189 0
150 188 8 10 19 28 34 55 84 116 121 136 146 153 160 161 180 186 200 0
151 67 34 39 57 73 87 92 96 107 119 129 148 159 167 169 170 0
152 18 16 9 91 20 23 34 55 59 96 107 119 120 123 127 136 139 170 172 182 193 0
153 142 155 30 1 3 7 10 20 46 47 49 71 72 81 83 103 108 111 112 119 133 147 150 160 164 170 178 0
154 1 143 122 10 21 24 52 60 62 82 98 102 106 112 123 133 145 166 167 182 0
155 153 5 10 29 33 35 40 67 70 112 113 116 136 137 138 156 160 168 173 193 0
156 100 5 13 20 57 90 96 103 109 110 116 132 155 171 174 178 185 189 0
157 80 1 12 60 84 99 108 111 131 135 142 146 158 163 164 178 179 190 200 0
158 4 108 56 13 21 25 28 34 37 60 62 89 100 101 106 109 129 131 137 157 159 161 163 177 181 193 195 0
159 74 107 16 19 22 23 30 45 66 97 101 104 120 143 147 151 158 198 199 0
160 178 97 112 1 19 29 46 51 55 63 76 83 88 105 114 118 126 135 137 138 150 153 155 161 176 187 0
161 7 2 3 46 48 58 67 99 112 133 150 158 160 168 169 170 192 196 0
162 80 9 14 43 55 66 68 72 79 117 122 123 124 132 135 140 163 164 179 0
163 14 117 23 48 16 27 79 84 96 102 105 113 128 139 144 157 158 162 168 171 187 190 199 0
164 175 9 21 24 37 57 60 64 72 79 84 98 102 107 112 114 144 145 153 157 162 173 0
165 4 74 120 198 2 29 55 60 66 87 117 121 141 146 148 167 175 177 178 184 185 194 197 0
166 111 13 26 54 71 77 80 82 91 97 144 154 168 172 177 181 196 200 0
167 52 34 6 15 22 26 42 71 73 84 88 90 93 112 118 123 151 154 165 175 177 197 0
168 184 199 6 8 24 28 32 36 38 49 59 76 84 90 94 100 107 121 131 139 140 155 161 163 166 179 0
169 187 128 11 12 15 45 46 53 58 81 92 116 136 147 151 161 171 175 197 0
170 56 12 15 19 28 32 37 46 60 61 71 78 82 84 85 146 151 152 153 161 180 196 0
171 191 2 10 11 17 18 28 52 53 61 64 84 88 93 102 104 121 135 149 156 163 169 192 198 0
172 147 185 52 8 11 26 48 56 84 89 93 100 104 111 114 116 123 127 152 166 189 195 196 0
173 187 29 2 6 11 16 27 30 34 35 44 70 73 77 85 91 122 131 142 155 164 175 176 180 188 196 0
174 193 181 61 109 31 4 6 26 29 51 52 63 65 82 90 93 104 132 149 156 177 191 194 0
175 4 164 10 26 27 29 31 42 66 77 100 109 119 124 165 167 169 173 180 185 190 0
176 102 11 15 17 22 23 39 52 61 75 78 87 95 114 125 126 135 160 173 179 191 194 198 200 0
177 21 71 2 8 12 38 41 46 52 59 66 83 92 96 115 118 120 123 126 132 138 140 144 158 165 166 167 174 182 185 0
178 12 118 160 17 43 70 88 94 95 105 113 114 122 153 156 157 165 190 195 0
179 21 7 22 31 85 121 136 157 162 168 176 190 0
180 5 42 11 17 25 30 53 73 84 98 102 105 106 121 123 142 148 150 170 173 175 191 193 195 198 199 0
181 174 70 11 21 29 35 40 42 49 55 91 108 114 115 120 139 143 158 166 184 188 0
182 20 1 2 7 39 50 54 68 70 76 90 92 93 107 113 131 140 143 152 154 177 0
183 54 23 39 41 69 74 107 110 115 118 122 133 144 145 200 0
184 4 111 191 168 75 11 13 20 21 30 52 60 66 68 74 76 77 84 85 90 99 106 124 126 165 181 190 198 0
185 172 21 46 62 70 83 95 98 116 118 121 127 136 138 156 165 175 177 196 0
186 108 138 7 27 3 4 45 47 57 77 82 88 101 137 139 145 146 147 150 193 0
187 1 173 169 4 11 28 29 35 42 82 85 98 100 106 116 125 128 129 138 149 160 163 199 0
188 147 150 28 31 45 58 61 63 84 98 111 114 129 148 173 181 194 0
189 83 6 25 29 35 52 53 56 60 66 70 78 93 108 115 127 131 132 149 156 172 199 0
190 69 139 21 31 35 39 40 49 62 67 76 78 91 124 130 145 157 163 175 178 179 184 0
191 184 44 171 123 43 4 5 12 14 21 31 39 45 52 75 76 82 87 95 96 99 107 119 146 148 174 176 180 0
192 18 6 13 47 67 74 79 83 85 92 110 148 161 171 195 196 0
193 74 13 174 64 6 23 26 28 41 49 55 72 99 101 103 113 128 152 155 158 180 186 196 197 0
194 83 34 50 76 81 97 99 106 145 146 165 174 176 188 0
195 108 94 12 79 11 57 92 112 127 135 140 142 158 172 178 180 192 196 200 0
196 5 6 28 29 47 63 69 78 86 87 99 100 117 125 127 129 137 143 161 166 170 172 173 185 192 193 195 0
197 43 2 16 41 44 58 61 67 78 83 108 132 165 167 169 193 0
198 165 76 121 5 29 30 45 62 65 67 68 115 131 134 137 146 147 159 171 176 180 184 0
199 168 133 12 27 28 33 42 45 46 63 74 75 85 110 118 129 131 132 135 145 159 163 180 187 189 0
200 11 2 19 37 51 58 59 62 81 106 108 118 122 140 143 150 157 166 176 183 195 0

