200  2099
1 189 78 62 110 6 16 33 37 49 57 67 72 82 85 95 104 117 121 128 134 141 151 163 169 174 187 0
2 169 4 6 9 20 21 36 45 49 75 84 109 110 114 123 128 139 144 163 185 198 0
3 150 20 21 38 70 82 92 104 106 123 131 154 157 163 165 183 0
4 95 2 29 58 79 83 86 99 100 102 108 109 114 134 141 167 188 0
5 155 7 18 23 27 33 51 72 102 110 111 119 133 138 146 150 154 159 170 186 187 191 196 198 0
6 192 1 2 13 17 26 27 39 42 47 50 62 99 108 113 117 122 125 126 130 134 141 147 151 156 161 173 178 193 195 198 0
7 185 191 5 19 24 71 85 93 101 107 126 141 144 152 157 158 160 162 196 0
8 130 26 36 43 50 52 53 74 84 85 98 103 116 127 153 156 170 182 183 0
9 60 2 27 49 53 64 79 81 86 99 111 113 123 137 169 171 176 187 196 0
10 172 13 29 51 67 90 94 103 105 108 140 148 157 171 176 178 189 0
11 79 67 68 75 82 86 124 125 129 131 164 187 194 195 198 0
12 111 190 169 47 15 18 19 22 28 31 38 43 91 100 117 128 157 175 177 191 0
13 120 6 10 43 44 55 57 87 93 96 101 110 112 125 131 151 172 183 187 193 0
14 133 26 36 46 47 50 53 55 59 65 70 86 97 101 110 112 116 147 152 161 169 174 175 180 181 189 0
15 147 12 25 35 37 64 71 78 80 83 91 118 136 141 148 171 173 175 178 186 190 192 0
16 104 1 31 37 40 45 74 76 85 88 103 107 121 131 134 136 172 0
17 151 6 20 23 25 28 33 47 53 59 70 73 111 112 129 137 140 170 176 179 187 0
18 120 5 12 37 43 67 70 82 84 86 130 131 153 160 169 171 196 0
19 157 7 12 41 42 51 53 78 123 148 156 160 173 174 175 197 0
20 199 2 3 17 27 34 38 45 46 60 75 77 80 104 115 154 158 0
21 125 2 3 28 29 41 43 73 90 93 107 109 112 117 120 122 130 134 145 165 194 196 0
22 77 12 29 32 34 41 44 62 67 82 88 114 123 147 156 160 0
23 189 5 17 24 50 61 63 64 67 75 76 88 105 107 113 117 135 137 138 159 164 195 0
24 192 65 7 23 31 55 68 82 83 84 100 140 146 158 166 187 193 198 199 200 0
25 79 15 17 38 45 62 67 94 123 128 132 138 141 142 144 156 158 160 163 177 180 183 193 195 0
26 87 6 8 14 38 45 46 57 60 62 67 72 78 94 107 115 124 130 131 140 154 160 185 186 187 190 0
27 54 5 6 9 20 52 73 86 92 99 114 119 120 122 134 136 155 167 180 181 183 189 0
28 60 12 17 21 38 54 77 82 104 123 128 140 154 157 165 166 167 175 0
29 111 147 4 10 21 22 30 39 41 58 66 84 113 122 163 177 0
30 138 108 75 29 46 47 58 60 63 73 98 99 118 124 135 141 147 150 157 167 168 185 0
31 141 12 16 24 32 41 81 92 100 104 109 123 125 131 153 191 0
32 48 54 198 164 109 22 31 36 40 44 53 61 71 76 80 81 97 102 125 129 131 134 139 168 174 176 192 199 0
33 156 1 5 17 44 46 70 74 79 101 108 117 122 129 143 184 186 193 196 197 0
34 195 20 22 72 76 80 91 102 114 129 130 153 154 178 193 0
35 181 15 39 44 60 74 88 93 94 127 131 137 141 151 193 197 199 0
36 93 2 8 14 32 41 80 83 84 91 100 113 117 120 134 136 137 160 175 176 186 199 0
37 154 1 15 16 18 48 50 53 88 104 124 127 138 143 152 159 187 0
38 146 199 111 138 175 3 12 20 25 26 28 40 44 72 75 78 80 83 105 166 172 183 188 0
39 193 6 29 35 47 53 54 57 60 62 68 77 89 102 110 140 142 161 173 176 177 180 187 194 0
40 104 56 16 32 38 50 52 53 59 60 63 84 97 108 116 126 130 151 165 169 173 174 198 0
41 189 119 176 129 63 19 21 22 29 31 36 71 73 88 141 145 158 166 179 0
42 60 6 19 62 70 80 95 112 122 127 130 134 152 172 179 180 182 0
43 101 8 12 13 18 21 45 47 49 56 57 78 81 87 98 137 140 149 156 159 170 196 0
44 82 13 22 32 33 35 38 55 57 74 81 165 175 176 196 198 200 0
45 146 167 2 16 20 25 26 43 54 81 89 93 101 112 125 133 137 153 168 177 186 196 0
46 58 156 14 20 26 30 33 49 57 72 75 82 84 95 103 108 112 119 128 144 150 155 166 169 0
47 12 6 14 17 30 39 43 52 80 81 95 96 97 109 120 127 142 148 151 159 165 177 186 200 0
48 146 32 60 189 168 150 144 37 50 64 65 103 118 125 135 145 149 155 174 192 198 0
49 111 1 2 9 43 46 64 67 76 86 91 92 96 104 113 123 124 128 129 134 137 146 154 173 176 178 179 180 184 189 194 0
50 64 70 6 8 14 23 37 40 48 51 55 60 62 82 84 99 103 123 129 144 154 171 178 185 0
51 95 5 10 19 50 61 71 77 82 85 91 93 96 98 129 135 148 158 159 161 167 179 197 0
52 197 8 27 40 47 59 61 63 97 100 106 111 118 138 139 151 154 157 159 168 170 174 182 195 200 0
53 189 8 9 14 17 19 32 37 39 40 54 61 81 105 109 124 140 160 172 178 185 0
54 32 117 91 133 27 28 39 45 53 65 72 98 100 102 115 120 131 132 140 144 147 153 154 161 183 0
55 189 13 14 24 44 50 59 71 72 73 76 82 95 100 107 122 127 137 153 159 170 171 187 197 0
56 40 43 61 78 87 92 101 120 126 133 142 154 188 195 199 0
57 182 1 13 26 39 43 44 46 62 64 77 87 89 90 109 145 162 185 0
58 111 46 182 4 29 30 72 74 75 76 78 81 85 90 106 114 128 141 154 156 174 188 0
59 137 14 17 40 52 55 70 73 94 103 104 117 128 162 164 173 186 0
60 48 160 123 42 9 89 28 20 26 30 35 39 40 50 98 99 106 110 114 121 145 146 169 178 197 200 0
61 123 158 185 88 23 32 51 52 53 56 68 80 100 109 118 141 157 178 199 0
62 1 179 6 22 25 26 39 42 50 57 78 84 93 96 106 120 131 133 141 148 155 164 165 185 195 196 0
63 41 136 23 30 40 52 72 89 91 106 130 138 139 149 151 197 0
64 95 50 161 9 15 23 48 49 57 81 82 85 97 103 113 127 146 152 157 159 167 170 173 181 187 192 0
65 24 85 14 48 54 86 98 121 129 134 142 146 153 157 159 163 179 180 0
66 160 159 29 81 101 104 108 117 123 129 156 164 175 176 182 188 190 191 193 0
67 81 1 10 11 18 22 23 25 26 49 92 132 135 138 150 163 164 166 168 178 179 200 0
68 130 11 24 39 61 70 77 84 85 99 109 117 142 193 195 0
69 160 82 152 121 105 71 79 81 83 91 94 103 106 114 125 139 146 162 175 180 0
70 50 80 3 14 17 18 33 42 59 68 75 76 83 84 90 97 98 125 135 140 150 158 163 165 171 194 0
71 69 7 15 32 41 51 55 79 103 125 144 146 149 158 174 175 180 182 188 195 0
72 183 174 162 1 5 26 34 38 46 54 55 58 63 79 85 88 110 118 124 134 138 160 170 190 193 194 196 200 0
73 179 17 21 27 30 41 55 59 76 85 93 105 123 148 165 178 184 0
74 134 8 16 33 35 44 58 93 105 125 147 150 161 171 172 187 0
75 30 2 11 20 23 38 46 58 70 76 81 88 98 100 101 112 113 121 123 147 154 156 172 176 197 200 0
76 114 143 16 23 32 34 49 55 58 70 73 75 77 84 88 101 106 108 131 132 141 142 144 163 164 175 186 188 0
77 137 22 96 181 20 28 39 51 57 68 76 94 95 107 115 152 154 165 195 197 0
78 1 195 99 132 90 15 19 26 38 43 56 58 62 87 114 118 124 127 133 134 135 142 154 164 169 171 184 193 196 197 0
79 130 97 11 25 4 9 33 69 71 72 87 91 93 104 122 124 127 140 148 162 167 192 0
80 70 15 20 32 34 36 38 42 47 61 96 100 102 108 119 120 121 131 140 155 162 193 194 0
81 123 67 9 31 32 43 44 45 47 53 58 64 66 69 75 84 102 103 121 132 144 145 149 162 184 195 0
82 69 44 151 139 163 1 3 11 18 22 24 28 46 50 51 55 64 90 99 101 136 137 140 141 161 168 175 195 0
83 173 4 15 24 36 38 69 70 111 117 156 158 161 170 183 186 0
84 119 2 8 18 24 29 36 40 46 50 62 68 70 76 81 93 111 114 115 117 121 131 135 140 143 155 182 199 200 0
85 65 1 7 8 16 51 58 64 68 72 73 88 90 93 95 108 120 132 136 161 170 185 192 198 0
86 126 4 9 11 14 18 27 49 65 88 90 97 112 116 122 151 172 178 184 185 0
87 159 26 13 43 56 57 78 79 139 146 162 164 181 0
88 61 16 22 23 35 37 41 72 75 76 85 86 91 98 107 113 119 129 141 159 165 191 0
89 60 183 107 39 45 57 63 101 102 108 121 148 156 166 190 195 0
90 78 10 21 57 58 70 82 85 86 95 108 139 143 148 149 155 163 167 175 180 182 191 0
91 54 197 12 15 34 36 49 51 63 69 79 88 96 99 103 113 117 140 149 150 151 152 153 157 158 159 174 175 176 177 180 184 188 0
92 197 127 3 27 31 49 56 67 98 113 119 125 128 131 138 178 180 188 190 193 0
93 149 36 7 13 21 35 45 51 62 73 74 79 84 85 100 110 123 124 125 129 130 150 175 182 199 0
94 124 10 25 26 35 59 69 77 108 114 119 145 153 176 180 192 195 0
95 189 114 64 51 4 1 42 46 47 55 77 85 90 110 118 154 158 161 167 169 176 191 196 0
96 77 13 47 49 51 62 80 91 101 105 118 123 131 142 153 157 160 161 170 0
97 79 135 14 32 40 47 52 64 70 86 98 104 126 133 134 138 171 173 178 180 192 196 0
98 158 8 30 43 51 54 60 65 70 75 88 92 97 100 110 118 145 152 164 185 200 0
99 78 4 6 9 27 30 50 60 68 82 91 120 122 123 127 136 137 152 183 193 0
100 111 4 12 24 31 36 52 54 55 61 75 80 93 98 128 146 156 157 168 183 0
101 125 128 180 43 7 13 14 33 45 56 66 75 76 82 89 96 112 138 151 156 158 183 199 0
102 199 122 4 5 32 34 39 54 80 81 89 115 118 121 133 139 146 183 186 0
103 130 8 10 16 46 48 50 59 64 69 71 81 91 104 109 111 113 139 159 174 185 192 196 197 200 0
104 141 40 16 1 3 20 28 31 37 49 59 66 79 97 103 106 113 122 125 132 133 139 154 157 162 165 195 0
105 69 10 23 38 53 73 74 96 114 131 132 135 152 164 177 186 197 0
106 157 140 3 52 58 60 62 63 69 76 104 142 150 152 163 172 175 181 194 197 0
107 89 7 16 21 23 26 55 77 88 125 129 142 143 146 151 154 161 166 174 184 200 0
108 30 4 6 10 33 40 46 66 76 80 85 89 90 94 111 113 133 141 150 157 160 0
109 32 2 4 21 31 47 53 57 61 68 103 115 126 129 132 141 142 169 176 179 195 0
110 1 2 5 13 14 39 60 72 93 95 98 114 160 172 174 199 200 0
111 38 100 58 12 29 184 49 5 9 17 52 83 84 103 108 117 125 126 127 129 133 134 145 164 179 191 193 0
112 196 13 14 17 21 42 45 46 75 86 101 119 131 133 138 140 155 157 163 172 187 0
113 178 6 9 23 29 36 49 64 75 88 91 92 103 104 108 134 200 0
114 95 76 2 4 22 27 34 58 60 69 78 84 94 105 110 117 154 160 162 167 192 0
115 193 20 26 54 77 84 102 109 124 125 137 164 169 0
116 148 8 14 40 86 123 128 138 141 149 153 163 164 183 198 0
117 54 130 124 118 1 6 12 21 23 33 36 59 66 68 83 84 91 111 114 136 139 151 154 165 167 173 177 180 186 0
118 117 15 30 48 52 61 72 78 95 96 98 102 131 141 142 149 152 190 192 0
119 41 84 5 27 46 80 88 92 94 112 140 145 156 161 183 188 189 200 0
120 130 196 141 18 13 21 27 36 47 54 56 62 80 85 99 127 144 156 168 174 176 192 197 0
121 69 1 16 60 65 75 80 81 84 89 102 148 182 0
122 102 6 21 27 29 33 42 55 79 86 99 104 123 155 156 160 174 179 194 0
123 60 166 61 81 170 154 2 3 9 19 22 25 28 31 49 50 66 73 75 93 96 99 116 122 126 137 183 189 196 197 0
124 117 94 11 26 30 37 49 53 72 78 79 93 115 131 140 143 161 177 195 0
125 130 101 21 6 11 13 31 32 45 48 69 70 71 74 92 93 104 107 111 115 149 162 188 189 198 0
126 153 86 6 7 40 56 97 109 111 123 133 147 157 158 182 0
127 92 8 35 37 42 47 55 64 78 79 99 111 120 139 143 159 160 164 177 189 0
128 101 1 2 12 25 28 46 49 58 59 92 100 116 142 152 175 181 191 0
129 41 11 17 32 33 34 49 50 51 65 66 88 93 107 109 111 149 151 154 161 171 173 192 195 0
130 117 120 125 79 8 68 103 6 18 21 26 34 40 42 63 93 148 157 166 179 185 186 0
131 157 171 3 11 13 16 18 26 31 32 35 54 62 76 80 84 92 96 105 112 118 124 133 139 143 179 197 0
132 78 25 54 67 76 81 85 104 105 109 157 166 0
133 54 14 5 45 56 62 78 97 102 104 108 111 112 126 131 136 142 147 186 0
134 165 74 1 4 6 16 21 27 32 36 42 49 65 72 78 97 111 113 136 145 151 164 174 179 190 0
135 97 194 23 30 48 51 67 70 78 84 105 139 143 173 174 175 176 0
136 63 15 16 27 36 82 85 99 117 133 134 141 154 168 170 171 175 186 0
137 166 77 59 9 17 23 35 36 43 45 49 55 82 99 115 123 144 148 161 187 0
138 38 30 5 23 25 37 52 63 67 72 92 97 101 112 116 144 151 157 187 0
139 82 2 32 52 63 69 87 90 102 103 104 117 127 131 135 149 150 166 177 196 199 0
140 106 10 17 24 26 28 39 43 53 54 70 79 80 82 84 91 112 119 124 156 164 165 167 181 183 188 193 200 0
141 120 31 104 1 4 6 7 15 25 30 35 41 58 61 62 76 82 88 108 109 116 118 136 148 151 186 193 0
142 188 153 25 39 47 56 65 68 76 78 96 106 107 109 118 128 133 155 169 171 175 178 179 187 190 194 195 0
143 76 33 37 84 90 107 124 127 131 135 146 151 154 159 0
144 48 2 7 25 46 50 54 71 76 81 120 137 138 149 173 194 200 0
145 158 21 41 48 57 60 81 94 98 111 119 134 153 168 179 181 191 196 0
146 48 38 45 5 24 49 60 64 65 69 71 87 100 102 107 143 147 149 153 155 158 178 182 187 198 0
147 29 15 6 14 22 30 54 74 75 126 133 146 153 155 164 167 168 190 0
148 165 116 10 15 19 47 51 62 73 79 89 90 121 130 137 141 161 172 174 183 0
149 197 93 43 48 63 71 81 90 91 116 118 125 129 139 144 146 156 176 184 188 195 196 0
150 48 3 5 30 46 67 70 74 91 93 106 108 139 152 158 160 168 0
151 82 17 186 1 6 13 35 40 47 52 63 86 91 101 107 117 129 134 138 141 143 158 171 189 192 193 0
152 69 7 14 37 42 64 77 91 98 99 105 106 118 128 150 153 199 0
153 142 126 8 18 31 34 45 54 55 65 91 94 96 116 145 146 147 152 161 167 175 180 193 0
154 123 37 3 5 20 26 28 34 49 50 52 54 56 58 75 77 78 95 104 107 114 117 129 136 143 178 191 193 0
155 185 5 27 46 48 62 80 84 90 112 122 142 146 147 165 166 169 197 0
156 46 33 6 8 19 22 25 43 58 66 75 83 89 100 101 119 120 122 140 149 160 176 179 195 0
157 178 19 131 106 3 7 10 12 28 30 52 61 64 65 91 96 100 104 108 112 126 130 132 138 168 181 183 0
158 61 98 145 7 20 24 25 41 51 70 71 83 91 95 101 126 146 150 151 179 0
159 66 87 5 23 37 43 47 51 52 55 64 65 88 91 103 127 143 161 165 183 0
160 60 66 69 7 18 19 22 25 26 36 53 72 96 108 110 114 122 127 150 156 189 190 198 0
161 64 6 14 39 51 54 74 82 83 85 95 96 107 119 124 129 137 148 153 159 165 169 176 184 186 0
162 72 7 57 59 69 79 80 81 87 104 114 125 165 170 176 189 196 0
163 82 1 2 3 25 29 65 67 70 76 90 106 112 116 168 171 179 186 197 0
164 32 177 11 23 59 62 66 67 76 78 87 98 105 111 115 116 127 134 140 147 173 191 192 194 0
165 188 148 134 3 21 28 40 44 47 62 70 73 77 88 104 117 140 155 159 161 162 174 190 198 0
166 123 137 24 28 38 41 46 67 89 107 130 132 139 155 181 192 194 0
167 45 4 27 28 30 51 64 79 90 95 114 117 140 147 153 169 170 188 190 192 0
168 48 30 32 45 52 67 82 100 120 136 145 147 150 157 163 174 176 187 188 193 0
169 12 2 1 9 14 18 40 46 60 78 95 109 115 142 155 161 167 179 180 196 0
170 123 5 8 17 43 52 55 64 72 83 85 96 136 162 167 192 197 0
171 131 9 10 15 18 50 55 70 74 78 97 129 136 142 151 163 181 186 187 190 191 0
172 197 10 13 16 38 42 53 74 75 86 106 110 112 148 180 0
173 189 83 6 15 19 39 40 49 59 64 97 117 129 135 144 164 191 199 0
174 72 1 14 19 32 40 48 52 58 71 91 103 107 110 120 122 134 135 148 165 168 176 189 200 0
175 38 193 12 14 15 19 28 36 44 66 69 71 76 82 90 91 93 106 128 135 136 142 153 177 181 182 183 0
176 41 9 10 17 32 36 39 44 49 66 75 91 94 95 109 120 135 149 156 161 162 168 174 186 194 0
177 164 12 25 29 39 45 47 91 105 117 124 127 139 175 184 0
178 189 157 192 113 6 10 15 34 49 50 53 60 61 67 73 86 92 97 142 146 154 185 0
179 62 73 17 41 42 49 51 65 67 109 111 122 130 131 134 142 145 156 158 163 169 0
180 101 14 25 27 39 42 49 65 69 71 90 91 92 94 97 117 153 169 172 0
181 77 35 14 27 64 87 106 128 140 145 157 166 171 175 183 186 190 192 196 0
182 58 57 8 42 52 66 71 84 90 93 121 126 146 175 186 0
183 89 72 3 8 13 25 27 38 54 83 99 100 101 102 116 119 123 140 148 157 159 175 181 190 198 0
184 111 33 49 73 78 81 86 91 107 149 161 177 190 0
185 61 155 7 187 2 26 30 50 53 57 62 85 86 98 103 130 178 197 0
186 151 5 15 26 33 36 45 47 59 76 83 102 105 117 130 133 136 141 161 163 171 176 181 182 198 0
187 185 1 5 9 11 13 17 24 26 37 39 55 64 74 112 137 138 142 146 168 171 197 0
188 195 142 165 4 38 56 58 66 71 76 91 92 119 125 140 149 167 168 0
189 48 41 1 95 178 53 23 200 173 55 10 14 27 49 119 123 125 127 151 160 162 174 191 0
190 12 15 26 66 72 89 92 118 134 142 147 160 165 167 171 181 183 184 194 0
191 7 5 12 31 66 88 90 95 111 128 145 154 164 171 173 189 0
192 178 6 24 15 32 48 64 79 85 94 97 103 114 118 120 129 151 164 166 167 170 181 195 196 0
193 175 115 39 6 13 24 25 33 34 35 66 68 72 78 80 92 99 111 140 141 151 153 154 168 194 0
194 135 11 21 39 49 70 72 80 106 122 142 144 164 166 176 190 193 0
195 78 188 34 6 11 23 25 52 56 62 68 71 77 81 82 89 94 104 109 124 129 142 149 156 192 0
196 120 112 5 7 9 18 21 33 43 44 45 62 72 78 95 97 103 123 139 145 149 162 169 181 192 200 0
197 91 149 172 52 92 19 33 35 51 55 60 63 75 77 78 103 105 106 120 123 131 155 163 170 185 187 0
198 32 2 5 6 11 24 40 44 48 85 116 125 146 160 165 183 186 0
199 38 102 20 24 32 35 36 56 61 84 93 101 110 139 152 173 0
200 189 24 44 47 52 60 67 72 75 84 98 103 107 110 113 119 140 144 174 196 0

