200  1145
1 4 56 67 66 9 18 21 27 33 38 98 108 117 135 160 162 167 0
2 112 18 65 162 9 15 53 95 102 129 145 149 152 184 0
3 39 27 13 20 28 57 66 85 107 165 181 0
4 170 1 122 21 24 25 43 62 73 74 77 99 139 183 187 0
5 121 15 69 75 118 136 141 146 149 162 177 182 0
6 19 68 14 17 40 53 69 77 84 102 113 188 192 0
7 92 25 58 67 83 86 105 109 167 184 0
8 99 53 142 175 0
9 181 1 2 54 68 81 117 125 127 165 179 0
10 120 52 115 124 166 0
11 75 24 17 59 73 82 116 0
12 98 13 15 19 23 76 79 85 100 112 148 164 167 185 0
13 128 3 12 28 49 103 112 118 168 199 0
14 106 91 102 6 25 27 46 64 78 87 101 114 142 144 174 193 196 0
15 55 41 94 2 5 12 23 30 36 85 143 151 157 158 187 0
16 73 29 56 68 83 113 127 182 0
17 22 36 149 113 163 6 11 34 41 50 73 76 99 106 111 138 159 183 0
18 2 179 171 1 28 46 91 177 190 197 0
19 166 6 12 24 61 65 73 95 116 141 155 163 0
20 57 3 23 35 62 93 106 107 110 0
21 186 1 4 38 43 47 55 74 86 146 174 177 194 0
22 64 17 83 107 131 27 30 90 123 144 183 0
23 77 12 15 20 29 30 43 92 104 114 127 189 194 0
24 11 195 4 19 26 28 45 49 52 111 129 147 191 0
25 186 4 7 14 26 44 69 112 121 144 161 168 198 0
26 87 24 25 31 86 107 119 142 162 190 191 0
27 3 50 1 14 22 82 91 104 116 120 123 182 188 0
28 103 3 13 18 24 29 32 56 102 113 120 0
29 55 16 23 28 35 44 45 52 87 94 107 125 154 189 0
30 39 15 22 23 54 81 89 99 110 144 161 0
31 105 26 48 50 131 149 165 0
32 181 28 46 72 113 119 130 134 178 180 186 0
33 60 46 1 51 95 138 0
34 176 93 17 65 90 109 126 144 145 164 168 170 174 179 197 0
35 83 20 29 96 135 162 0
36 17 47 15 44 75 122 129 133 156 167 171 177 186 0
37 196 57 58 92 121 136 141 165 177 0
38 85 1 21 42 49 63 77 113 118 127 128 139 148 158 167 181 0
39 72 158 3 30 48 82 105 129 145 147 178 182 198 0
40 131 155 6 55 59 69 80 91 94 101 118 142 146 153 165 182 0
41 15 70 17 47 58 68 95 114 122 146 151 152 173 174 185 199 0
42 116 150 135 38 66 75 86 94 118 167 176 196 0
43 67 90 4 21 23 119 152 165 0
44 87 92 187 190 25 29 36 45 50 82 119 169 199 0
45 46 24 29 44 66 96 98 105 124 163 180 198 0
46 33 45 14 18 32 56 57 68 71 77 88 118 135 139 141 146 0
47 36 59 21 41 71 81 102 104 142 149 175 198 0
48 199 31 39 55 81 106 138 0
49 173 13 24 38 68 78 91 100 123 126 151 152 0
50 27 17 31 44 72 103 109 158 0
51 170 64 77 57 194 197 33 55 90 91 117 135 163 186 0
52 90 10 24 29 54 67 74 85 93 121 129 154 155 156 0
53 101 96 2 6 8 118 122 123 142 181 187 0
54 73 130 9 30 52 61 65 71 128 135 137 141 148 149 159 183 0
55 159 167 15 152 29 192 21 40 48 51 73 96 122 141 163 186 0
56 1 154 16 28 46 70 85 133 151 155 166 175 199 0
57 51 20 138 76 3 37 46 80 104 105 119 131 132 136 142 0
58 111 123 200 7 37 41 68 82 120 121 158 161 164 171 193 196 0
59 47 11 40 87 125 148 156 163 177 180 196 0
60 161 115 33 95 99 123 124 128 170 173 0
61 170 19 54 70 90 92 109 162 171 175 0
62 150 4 20 76 166 0
63 194 38 65 70 71 81 87 114 118 148 156 184 0
64 51 72 22 98 84 14 85 132 148 160 170 188 0
65 2 19 34 54 63 70 107 111 115 116 127 169 178 0
66 1 69 3 42 45 95 101 108 131 136 150 155 178 190 0
67 1 141 43 95 173 7 52 86 105 124 129 132 136 152 159 190 0
68 6 9 16 41 46 49 58 83 87 102 110 111 114 138 148 182 183 0
69 66 5 6 25 40 79 83 97 112 118 137 162 164 0
70 41 134 56 61 63 65 108 180 195 0
71 147 46 47 54 63 85 106 148 154 184 0
72 64 39 81 32 50 74 88 92 102 114 154 168 189 193 0
73 138 16 54 165 4 11 17 19 55 94 151 179 0
74 92 4 21 52 72 97 116 132 157 162 169 191 0
75 86 103 132 11 5 36 42 107 122 170 173 176 197 200 0
76 57 12 17 62 80 94 134 169 195 0
77 51 99 116 193 23 4 6 38 46 81 0
78 181 14 49 83 125 149 185 0
79 128 12 69 147 173 183 196 0
80 99 182 125 40 57 76 89 105 107 108 120 135 147 159 168 188 198 200 0
81 72 9 30 47 48 63 77 96 148 167 181 0
82 147 11 27 39 44 58 105 158 166 0
83 22 35 7 16 68 69 78 85 97 135 154 0
84 64 6 100 169 193 0
85 159 38 3 12 15 52 56 64 71 83 90 92 102 113 129 171 176 178 181 0
86 92 119 75 118 7 21 26 42 67 120 126 145 158 0
87 147 170 44 26 161 164 14 29 59 63 68 109 126 146 149 166 193 0
88 172 46 72 98 126 161 0
89 116 30 80 91 153 0
90 43 52 22 34 51 61 85 92 93 115 116 119 126 134 166 174 185 0
91 14 18 27 40 49 51 89 102 129 155 176 0
92 44 136 86 74 7 23 37 61 72 85 90 134 148 171 196 0
93 34 20 52 90 116 177 190 0
94 15 29 40 42 73 76 117 136 178 0
95 67 2 19 33 41 60 66 102 104 126 148 175 177 185 198 0
96 53 140 35 45 55 81 105 116 117 134 195 198 0
97 177 69 74 83 102 113 134 144 187 196 0
98 64 12 1 45 88 123 127 141 164 0
99 77 80 8 4 17 30 60 108 115 116 120 129 148 151 152 162 175 0
100 142 12 49 84 114 132 134 160 171 0
101 147 121 53 14 40 66 126 134 135 137 159 173 186 0
102 14 2 6 28 47 68 72 85 91 95 97 106 163 0
103 75 172 28 110 13 50 106 130 155 0
104 106 23 27 47 57 95 129 135 0
105 161 129 196 31 7 39 45 57 67 80 82 96 126 132 144 150 159 0
106 170 176 14 111 104 17 20 48 71 102 103 127 134 140 149 157 165 0
107 22 151 183 3 20 26 29 65 75 80 109 180 0
108 130 1 66 70 80 99 118 129 145 175 177 190 0
109 135 180 7 34 50 61 87 107 120 157 159 162 170 185 189 193 0
110 103 20 30 68 113 122 124 140 152 172 180 192 199 0
111 106 58 17 24 65 68 122 0
112 143 2 12 13 25 69 119 140 148 159 0
113 17 6 16 28 32 38 85 97 110 140 179 0
114 177 14 23 41 63 68 72 100 122 158 176 192 0
115 60 148 10 65 90 99 163 196 197 0
116 77 42 89 11 19 27 65 74 90 93 96 99 192 197 0
117 170 1 9 51 94 96 122 168 183 0
118 86 5 13 38 40 42 46 53 63 69 108 140 161 193 0
119 86 191 26 32 43 44 57 90 112 177 194 0
120 166 10 27 28 58 80 86 99 109 126 149 155 163 169 171 0
121 101 199 5 25 37 52 58 133 134 146 174 0
122 4 36 41 53 55 75 110 111 114 117 141 147 159 191 0
123 58 22 27 49 53 60 98 134 172 179 180 0
124 141 10 45 60 67 110 130 157 172 176 189 191 198 0
125 80 9 29 59 78 143 168 169 191 192 196 0
126 195 34 49 86 87 88 90 95 101 105 120 143 144 154 0
127 187 9 16 23 38 65 98 106 128 135 139 0
128 147 13 157 79 174 38 54 60 127 133 134 145 0
129 105 133 2 24 36 39 52 67 85 91 99 104 108 188 0
130 54 108 32 103 124 167 197 0
131 22 178 40 31 57 66 186 192 0
132 75 57 64 67 74 100 105 157 169 197 0
133 129 198 36 56 121 128 143 185 193 0
134 70 32 76 90 92 96 97 100 101 106 121 123 128 186 0
135 42 109 1 35 46 51 54 80 83 101 104 127 174 194 200 0
136 92 5 37 57 66 67 94 149 183 194 0
137 161 54 69 101 140 163 171 178 179 181 0
138 57 73 168 17 33 48 68 153 189 0
139 171 4 38 46 127 151 174 187 0
140 96 106 110 112 113 118 137 158 194 0
141 67 124 5 19 37 46 54 55 98 122 147 170 178 0
142 167 169 100 145 8 14 26 40 47 53 57 171 172 0
143 159 112 177 15 125 126 133 157 186 191 0
144 176 14 22 25 30 34 97 105 126 162 172 173 0
145 142 2 34 39 86 108 128 152 0
146 170 5 21 40 41 46 87 121 0
147 87 186 101 128 71 82 184 24 39 79 80 122 141 154 170 176 191 0
148 115 12 38 54 59 63 64 68 71 81 92 95 99 112 150 168 192 0
149 17 2 5 31 47 54 78 87 106 120 136 162 0
150 42 62 66 105 148 174 186 0
151 107 15 41 49 56 73 99 139 179 181 0
152 55 175 189 2 41 43 49 67 99 110 145 183 192 200 0
153 178 40 89 138 156 194 199 0
154 56 29 52 71 72 83 126 147 179 0
155 40 19 52 56 66 91 103 120 0
156 188 36 52 59 63 153 185 200 0
157 128 15 74 106 109 124 132 143 0
158 39 15 38 50 58 82 86 114 140 161 180 0
159 170 143 55 181 85 17 54 67 80 101 105 109 112 122 177 185 0
160 187 1 64 100 176 0
161 87 105 60 137 25 30 58 88 118 158 196 0
162 2 1 5 26 35 61 69 74 99 109 144 149 189 0
163 17 19 45 51 55 59 102 115 120 137 173 187 0
164 87 12 34 58 69 98 192 0
165 73 3 9 31 37 40 43 106 0
166 186 120 19 10 56 62 82 87 90 0
167 55 142 1 7 12 36 38 42 81 130 194 198 0
168 138 13 25 34 72 80 117 125 148 187 194 0
169 142 44 65 74 76 84 120 125 132 187 193 0
170 87 51 106 159 4 146 117 61 34 60 64 75 109 141 147 0
171 18 139 36 58 61 85 92 100 120 137 142 188 196 0
172 103 88 110 123 124 142 144 176 179 0
173 67 49 41 60 75 79 101 144 163 185 197 0
174 128 14 21 34 41 90 121 135 139 150 189 195 199 0
175 152 8 47 56 61 95 99 108 0
176 106 34 144 42 75 85 91 114 124 147 160 172 187 0
177 143 114 97 5 18 21 36 37 59 93 95 108 119 159 187 0
178 131 153 32 39 65 66 85 94 137 141 193 200 0
179 18 9 34 73 113 123 137 151 154 172 200 0
180 109 32 45 59 70 107 110 123 158 191 193 0
181 159 185 32 9 78 3 38 53 81 85 137 151 194 0
182 80 5 16 27 39 40 68 0
183 107 4 17 22 54 68 79 117 136 152 0
184 147 2 7 63 71 0
185 181 12 41 78 90 95 109 133 156 159 173 193 0
186 147 188 166 21 25 32 36 51 55 101 131 134 143 150 0
187 44 160 127 4 15 53 97 139 163 168 169 176 177 0
188 186 156 6 27 64 80 129 171 0
189 152 23 29 72 109 124 138 162 174 0
190 44 18 26 66 67 93 108 196 197 0
191 119 24 26 74 122 124 125 143 147 180 192 200 0
192 55 6 110 114 116 125 131 148 152 164 191 0
193 77 14 58 72 84 87 109 118 133 169 178 180 185 198 0
194 51 63 21 23 119 135 136 140 153 167 168 181 0
195 24 126 70 76 96 174 0
196 105 37 14 42 58 59 79 92 97 115 125 161 171 190 0
197 51 18 34 75 115 116 130 132 173 190 200 0
198 133 25 39 45 47 80 95 96 124 167 193 0
199 121 48 13 41 44 56 110 153 174 0
200 58 75 80 135 152 156 178 179 191 197 0

