200  2165
1 25 17 22 28 44 45 54 63 74 94 99 120 123 129 130 138 144 148 151 159 165 169 171 178 188 0
2 39 5 7 10 14 22 23 31 67 76 78 96 97 111 125 129 135 141 149 162 166 179 183 0
3 41 116 117 6 17 20 23 44 79 87 88 89 96 140 152 154 175 0
4 11 186 55 94 58 166 14 18 24 75 79 80 87 125 139 144 146 175 0
5 33 114 2 12 80 81 82 83 113 123 139 150 153 175 195 197 0
6 30 182 78 3 11 24 32 42 46 55 63 74 76 91 92 100 120 133 134 194 0
7 193 131 101 147 2 11 15 21 30 51 61 67 74 117 128 149 162 199 0
8 74 16 29 64 65 80 84 86 111 147 149 156 162 164 165 167 173 185 194 0
9 70 74 198 21 33 53 58 59 61 82 135 136 138 158 162 164 179 194 196 0
10 171 137 2 11 23 24 30 31 49 70 79 95 115 122 134 136 139 143 147 155 159 160 189 191 194 199 0
11 129 4 6 7 10 13 16 35 39 45 49 57 64 77 93 94 98 103 124 125 142 148 152 164 173 181 195 0
12 140 126 5 19 27 38 41 45 56 62 64 78 79 80 87 91 93 98 104 110 153 168 173 189 191 199 200 0
13 193 11 25 42 47 61 65 69 72 86 105 115 116 125 128 130 141 143 170 171 182 190 0
14 77 159 45 2 4 30 35 42 46 52 59 62 71 72 78 106 135 141 145 162 177 179 188 190 0
15 33 7 29 32 49 64 72 87 96 111 116 122 124 129 144 148 186 194 0
16 80 174 87 8 11 17 32 45 53 57 59 70 73 100 103 105 113 122 123 134 141 147 157 158 170 176 180 183 0
17 71 121 1 3 16 19 35 56 61 74 77 81 82 96 98 100 137 148 150 158 160 164 176 177 178 189 195 0
18 140 4 31 32 53 59 65 67 71 92 93 114 122 123 130 147 149 159 164 183 199 0
19 46 122 12 17 20 37 70 78 80 102 112 117 120 139 146 150 154 166 190 0
20 191 3 19 28 72 80 82 96 99 100 105 106 108 114 117 119 122 124 138 148 151 163 169 177 179 189 0
21 92 7 9 35 36 47 60 77 110 116 122 123 124 138 146 148 149 156 157 173 176 186 0
22 188 1 2 24 33 40 50 52 53 95 99 104 112 119 123 131 140 152 159 168 174 181 184 186 192 200 0
23 97 61 2 3 10 28 35 39 73 84 91 104 109 122 136 143 144 146 170 199 0
24 186 155 4 6 10 22 29 34 39 69 73 74 79 96 97 115 116 120 123 124 128 142 145 146 161 164 166 171 176 180 187 190 0
25 138 1 176 13 33 43 49 59 63 75 95 96 107 109 115 128 133 136 149 154 168 183 198 0
26 85 28 34 44 50 68 71 72 79 81 84 91 94 111 116 127 133 135 136 141 148 168 185 186 0
27 78 12 50 73 80 83 85 86 94 107 113 123 128 129 163 181 0
28 26 1 20 23 46 55 57 85 107 110 116 123 128 138 152 160 168 176 187 0
29 100 8 15 24 36 46 52 67 77 82 107 111 121 125 133 143 147 186 189 194 0
30 82 146 6 7 10 14 42 48 73 76 81 95 96 105 120 122 138 162 172 185 194 0
31 82 73 2 10 18 33 50 53 54 60 62 65 76 78 85 91 94 100 122 145 154 155 161 175 181 185 187 0
32 190 6 15 16 18 48 52 57 62 73 86 88 93 95 112 122 132 136 149 152 166 168 171 174 189 198 0
33 82 5 15 9 22 25 31 39 47 48 55 67 70 75 91 92 116 133 143 152 163 174 179 181 194 0
34 127 24 26 35 40 49 50 70 75 76 85 86 102 108 110 129 141 158 165 177 189 193 194 0
35 171 196 150 143 125 11 14 17 21 23 34 40 52 54 58 67 121 152 155 172 195 0
36 77 21 29 46 47 56 60 65 71 76 80 105 121 137 151 158 179 182 191 0
37 62 139 19 40 44 47 52 55 69 80 81 85 108 114 120 178 186 188 193 194 0
38 146 185 12 39 55 63 65 67 70 75 79 101 105 112 115 124 139 147 162 171 192 196 0
39 196 2 52 11 23 24 33 38 48 53 63 75 80 95 110 116 126 130 160 192 194 195 0
40 94 22 34 35 37 50 54 65 77 85 93 120 131 145 154 160 175 0
41 186 3 72 12 67 110 128 172 176 177 178 188 192 194 0
42 49 6 13 14 30 45 48 57 65 79 82 95 112 161 164 165 168 174 181 196 200 0
43 197 25 71 74 93 117 118 123 124 135 149 160 168 172 176 178 180 194 0
44 74 1 3 26 37 54 57 58 65 66 82 105 133 142 143 147 152 156 161 168 181 187 188 190 0
45 14 1 11 12 16 42 54 66 87 108 121 128 129 134 150 153 155 164 198 0
46 142 19 124 6 14 28 29 36 54 73 77 83 86 106 119 133 136 141 159 176 181 182 190 196 197 0
47 153 144 53 13 21 33 36 37 57 67 84 100 105 111 112 117 122 135 142 154 169 184 190 199 0
48 70 30 32 33 39 42 74 86 88 101 110 114 119 125 129 138 165 177 178 180 190 199 0
49 197 42 91 63 195 10 11 15 25 34 65 71 76 107 110 119 124 126 131 133 147 155 165 170 173 179 194 0
50 114 68 22 26 27 31 34 40 54 61 62 64 70 72 80 90 106 107 109 116 124 130 137 150 161 162 173 188 191 198 0
51 166 127 92 173 7 85 101 130 132 133 134 157 168 179 186 0
52 39 14 22 29 32 35 37 58 63 69 78 81 87 90 126 158 159 160 175 178 188 191 192 0
53 47 188 9 16 18 22 31 39 59 62 73 76 83 90 91 94 99 103 107 115 134 142 169 178 185 186 191 193 194 0
54 130 140 153 89 148 67 171 164 123 95 1 31 35 40 44 45 46 50 61 82 102 103 104 106 108 111 119 138 142 158 182 0
55 4 156 187 191 66 6 28 33 37 38 61 64 95 104 130 138 141 147 153 161 174 0
56 146 12 17 36 59 62 64 69 75 84 96 97 102 105 124 128 152 156 168 200 0
57 122 11 16 28 32 42 44 47 81 88 89 115 132 143 149 163 181 189 191 0
58 4 190 9 35 44 52 74 79 84 88 96 105 108 122 125 138 154 160 161 173 175 178 191 200 0
59 66 9 14 16 18 25 53 56 60 65 72 74 79 86 87 89 113 120 131 154 163 164 197 0
60 134 21 31 36 59 69 72 74 77 87 88 113 122 131 132 136 138 144 145 154 160 195 197 0
61 23 7 9 13 17 50 54 55 73 76 87 91 92 95 96 128 129 158 163 166 171 183 190 191 195 0
62 146 37 64 165 12 14 31 32 50 53 56 68 98 100 133 158 161 196 199 0
63 49 1 6 25 38 39 52 76 97 99 104 110 112 115 121 123 124 136 138 140 152 155 160 164 166 175 181 193 194 199 200 0
64 62 8 11 12 15 50 55 56 68 71 92 110 112 113 116 133 141 163 165 171 174 182 184 188 190 0
65 82 138 85 8 13 18 31 36 38 40 42 44 49 59 127 129 142 148 157 163 168 172 190 193 199 200 0
66 55 59 152 44 45 84 99 119 128 144 160 166 167 182 190 0
67 54 88 2 7 18 29 33 35 38 41 47 84 101 117 134 171 180 186 199 0
68 50 183 133 26 62 64 107 111 131 137 142 161 169 180 184 187 192 0
69 129 199 13 24 37 52 56 60 73 78 109 117 123 131 132 137 152 160 172 176 0
70 162 136 9 194 48 10 16 19 33 34 38 50 72 79 94 96 99 105 110 111 129 132 141 149 0
71 164 17 14 18 26 36 43 49 64 78 102 109 117 133 147 155 161 177 188 193 197 198 0
72 41 13 14 15 20 26 50 59 60 70 76 80 85 89 93 115 127 138 157 166 167 171 173 182 192 198 0
73 31 16 23 24 27 30 32 46 53 61 69 75 85 91 132 148 157 175 0
74 9 44 8 1 6 7 17 24 43 48 58 59 60 75 89 102 104 118 123 132 134 188 199 0
75 109 4 25 33 34 38 39 56 73 74 77 80 82 103 107 116 129 134 144 146 147 152 156 192 0
76 138 161 107 2 6 30 31 34 36 49 53 61 63 72 79 82 84 95 101 111 130 173 175 194 0
77 153 14 36 11 17 21 29 40 46 60 75 92 115 117 124 128 141 149 152 157 191 0
78 6 27 2 12 14 19 31 52 69 71 87 116 120 123 125 127 132 139 141 147 163 165 181 190 0
79 113 167 3 4 10 12 24 26 38 42 58 59 70 76 82 85 92 100 102 123 135 143 150 161 173 179 184 186 190 191 194 0
80 109 16 4 5 8 12 19 20 27 36 37 39 50 72 75 100 104 107 124 128 131 134 142 146 150 161 167 179 181 186 188 195 0
81 114 5 17 26 30 37 52 57 98 118 123 151 154 175 0
82 153 30 33 142 65 31 5 9 17 20 29 42 44 54 75 76 79 98 131 135 140 179 181 184 189 199 0
83 104 192 5 27 46 53 91 96 102 110 113 121 128 134 139 148 172 176 185 200 0
84 151 8 23 26 47 56 58 66 67 76 96 114 123 124 130 148 149 150 159 163 168 173 177 195 0
85 65 26 27 28 31 34 37 40 51 72 73 79 89 90 100 101 113 115 130 135 158 193 197 200 0
86 146 8 13 27 32 34 46 48 59 117 140 141 148 150 193 0
87 16 3 4 12 15 45 52 59 60 61 78 88 102 111 124 128 138 152 153 160 191 197 0
88 67 163 96 180 3 32 48 57 58 60 87 100 103 108 123 126 128 137 147 155 156 157 185 0
89 54 145 3 57 59 72 74 85 92 109 110 119 120 138 143 158 171 177 200 0
90 138 50 52 53 85 93 100 105 118 124 146 177 200 0
91 49 6 12 23 26 31 33 53 61 73 83 94 95 112 124 137 141 144 150 156 161 162 163 168 171 178 179 186 188 0
92 51 21 6 18 33 61 64 77 79 89 93 104 115 119 130 135 139 152 161 192 193 199 0
93 158 11 12 18 32 40 43 72 90 92 101 103 112 114 115 118 119 122 133 136 155 169 172 0
94 4 40 1 11 26 27 31 53 70 91 117 122 125 141 143 149 163 180 186 188 191 0
95 54 10 22 25 30 32 39 42 55 61 76 91 106 115 140 169 177 196 0
96 88 2 3 15 17 20 24 25 30 56 58 61 70 83 84 108 110 121 134 164 181 186 187 191 0
97 113 23 2 24 56 63 102 118 126 129 142 172 174 178 179 181 196 0
98 109 11 12 17 62 81 82 101 105 126 128 143 144 164 165 180 184 185 189 198 0
99 184 160 1 20 22 53 63 66 70 112 121 128 156 157 166 169 182 0
100 151 29 6 16 17 20 31 47 62 79 80 85 88 90 104 112 125 128 132 133 136 145 148 153 156 157 177 179 187 193 0
101 7 38 48 51 67 76 85 93 98 158 161 167 185 190 0
102 141 19 34 54 56 71 74 79 83 87 97 103 107 112 115 116 146 156 171 172 181 183 0
103 175 104 110 11 16 53 54 75 88 93 102 107 113 141 156 162 165 169 173 197 0
104 103 83 108 12 22 23 54 55 63 74 80 92 100 119 126 137 145 146 171 186 190 194 0
105 146 169 13 16 20 30 36 38 44 47 56 58 70 90 98 111 125 138 154 155 182 194 0
106 151 14 20 46 50 54 95 109 140 148 153 157 164 165 179 196 197 200 0
107 76 25 27 28 29 49 50 53 68 75 80 102 103 119 128 133 167 168 177 184 0
108 104 20 34 37 45 54 58 88 96 143 145 146 151 158 0
109 148 98 184 80 75 23 25 50 69 71 89 106 110 120 125 136 155 160 164 199 0
110 103 12 21 28 34 39 41 48 49 63 64 70 83 89 96 109 143 144 145 151 152 162 177 178 179 183 184 192 0
111 140 189 2 8 15 26 29 47 54 68 70 76 87 105 113 128 135 154 178 190 193 199 0
112 178 19 22 32 38 42 47 63 64 91 93 99 100 102 118 126 156 163 183 0
113 140 97 79 5 16 27 59 60 64 83 85 103 111 127 128 138 146 164 177 0
114 5 81 50 18 20 37 48 84 93 116 119 120 151 171 179 183 190 0
115 177 10 13 24 25 38 53 57 63 72 77 85 92 93 95 102 120 135 142 148 173 185 0
116 3 13 15 21 24 26 28 33 39 50 64 75 78 102 114 140 151 153 154 160 161 163 186 195 0
117 3 7 19 20 43 47 67 69 71 77 86 94 127 133 147 181 198 0
118 146 43 74 81 90 93 97 112 134 148 149 152 161 176 188 0
119 175 20 22 46 48 49 54 66 89 92 93 104 107 114 120 126 139 148 149 154 162 168 190 192 200 0
120 156 1 6 19 24 30 37 40 59 78 89 109 114 115 119 171 173 183 184 191 192 193 0
121 17 29 35 36 45 63 83 96 99 145 158 160 175 0
122 19 57 10 15 16 18 20 21 23 30 31 32 47 58 60 93 94 129 178 179 199 0
123 54 158 1 5 16 18 21 22 24 27 28 43 63 69 74 78 79 81 84 88 125 130 134 142 145 152 164 173 175 179 181 186 0
124 46 11 15 20 21 24 38 43 49 50 56 63 77 80 84 87 90 91 133 146 155 169 176 0
125 35 2 4 11 13 29 48 58 78 94 100 105 109 123 136 144 146 147 0
126 12 39 49 52 88 97 98 104 112 119 128 133 141 151 152 160 161 163 167 178 183 193 198 0
127 51 34 26 65 72 78 113 117 143 145 147 171 180 186 0
128 159 7 13 24 25 27 28 41 45 56 61 66 77 80 83 87 88 98 99 100 107 111 113 126 158 167 174 197 200 0
129 130 11 69 1 2 15 27 34 45 48 61 65 70 75 97 122 144 162 164 0
130 129 54 1 13 18 39 50 51 55 76 84 85 92 123 136 139 141 146 153 192 0
131 7 22 40 49 59 60 68 69 80 82 136 146 157 158 162 178 179 191 194 0
132 195 32 51 57 60 69 70 73 74 78 100 133 143 145 146 147 157 165 181 184 186 193 0
133 68 6 25 26 29 33 44 46 49 51 62 64 71 93 100 107 117 124 126 132 139 153 161 164 176 0
134 135 60 149 6 10 16 45 51 53 67 74 75 80 83 96 118 123 136 137 150 154 169 172 180 182 184 185 188 190 199 0
135 164 134 2 9 14 26 43 47 79 82 85 92 111 115 140 141 148 159 166 191 193 198 0
136 70 9 10 23 25 26 32 46 60 63 93 100 109 125 130 131 134 159 183 196 0
137 10 17 36 50 68 69 88 91 104 134 141 146 156 162 182 183 184 0
138 65 76 25 90 1 9 20 21 28 30 48 54 55 58 60 63 72 87 89 105 113 155 164 166 167 172 181 184 187 0
139 37 4 5 10 19 38 78 83 92 119 130 133 142 155 168 172 176 179 192 0
140 54 12 113 18 162 111 3 22 63 82 86 95 106 116 135 147 149 161 166 169 200 0
141 159 102 2 13 14 16 26 34 46 55 64 70 77 78 86 91 94 103 126 130 135 137 161 169 170 174 175 187 193 0
142 82 46 170 179 11 24 44 47 53 54 65 68 80 97 115 123 139 150 151 161 171 178 0
143 35 10 13 23 29 33 44 57 79 89 94 98 108 110 127 132 146 152 170 177 180 0
144 47 175 172 1 4 15 23 60 66 75 91 98 110 125 129 148 149 154 158 169 176 0
145 89 154 14 24 31 40 60 100 104 108 110 121 123 127 132 158 165 170 176 180 184 188 190 193 0
146 30 105 62 38 86 56 118 4 19 21 23 24 75 80 90 102 104 108 113 124 125 130 131 132 137 143 156 159 163 194 0
147 7 8 10 16 18 29 38 44 49 55 71 75 78 88 117 125 127 132 140 164 166 185 187 0
148 54 109 1 11 15 17 20 21 26 65 73 83 84 86 100 106 115 118 119 135 144 153 159 182 188 194 0
149 134 2 7 8 18 21 25 32 43 57 70 77 84 94 118 119 140 144 157 160 168 179 0
150 35 5 17 19 45 50 79 80 84 86 91 134 142 182 188 191 0
151 182 100 84 106 1 20 36 81 108 110 114 116 126 142 160 163 0
152 66 3 11 22 28 32 33 35 44 56 63 69 75 77 87 92 110 118 123 126 143 164 0
153 54 82 47 77 5 12 45 55 87 100 106 116 130 133 148 154 157 169 179 195 0
154 145 3 19 25 31 40 47 58 59 60 81 105 111 116 119 134 144 153 170 171 182 199 0
155 24 10 31 35 45 49 63 71 88 93 105 109 124 138 139 169 0
156 55 177 120 8 21 44 56 75 88 91 99 100 102 103 112 137 146 167 179 190 194 0
157 166 16 21 51 65 72 73 77 88 99 100 106 131 132 149 153 183 185 200 0
158 123 93 200 9 16 17 34 36 52 54 61 62 85 89 101 108 121 128 131 144 145 164 171 176 178 193 196 197 0
159 14 141 128 1 10 18 22 46 52 84 135 136 146 148 180 194 0
160 99 10 17 28 39 40 43 52 58 60 63 66 69 87 109 116 121 126 149 151 165 176 180 0
161 76 24 31 42 44 50 55 58 62 68 71 79 80 91 92 101 116 118 126 133 140 141 142 165 199 200 0
162 140 70 2 7 8 9 14 30 38 50 91 103 110 119 129 131 137 184 193 197 0
163 88 20 27 33 57 59 61 64 65 78 84 91 94 112 116 126 146 151 192 194 199 0
164 54 71 135 8 9 11 17 18 24 42 45 59 63 96 98 106 109 113 123 129 133 138 147 152 158 185 186 189 198 0
165 62 1 8 34 42 48 49 64 78 98 103 106 132 145 160 161 173 176 187 0
166 4 51 157 2 19 24 32 61 63 66 72 99 135 138 140 147 173 178 183 185 189 190 191 0
167 79 8 66 72 80 101 107 126 128 138 156 188 190 196 199 0
168 187 12 22 25 26 28 32 42 43 44 51 56 65 84 91 107 119 139 149 171 175 190 196 0
169 105 1 20 47 53 68 93 95 99 103 124 134 140 141 144 153 155 176 194 198 199 0
170 142 13 16 23 49 141 143 145 154 179 183 198 0
171 54 35 193 10 1 13 24 32 38 61 64 67 72 89 91 102 104 114 120 127 142 154 158 168 177 189 0
172 144 30 35 41 43 65 69 83 93 97 102 134 138 139 173 178 181 0
173 51 8 11 12 21 49 50 58 72 76 79 84 103 115 120 123 165 166 172 0
174 16 22 32 33 42 55 64 97 128 141 185 196 0
175 144 103 119 3 4 5 31 40 52 58 63 73 76 81 121 123 141 168 180 184 185 198 0
176 25 16 17 21 24 28 41 43 46 69 83 118 124 133 139 144 145 158 160 165 169 192 195 198 0
177 156 115 14 17 20 34 41 48 71 84 89 90 95 100 107 110 113 143 171 179 191 0
178 194 112 1 17 37 41 43 48 52 53 58 91 97 110 111 122 126 131 142 158 166 172 186 0
179 142 2 9 14 20 33 36 49 51 79 80 82 91 97 100 106 110 114 122 123 131 139 149 153 156 170 177 0
180 88 16 24 43 48 67 68 94 98 127 134 143 145 159 160 175 188 0
181 184 11 22 27 31 33 42 44 46 57 63 78 80 82 96 97 102 117 123 132 138 172 183 0
182 6 151 13 36 46 54 64 66 72 99 105 134 137 148 150 154 191 195 0
183 68 2 16 18 25 61 102 110 112 114 120 126 136 137 157 166 170 181 199 0
184 109 99 181 22 47 64 68 79 82 98 107 110 120 132 134 137 138 145 162 175 0
185 38 8 26 30 31 53 83 88 98 101 115 134 147 157 164 166 174 175 0
186 4 41 24 15 21 22 26 29 37 51 53 67 79 80 91 94 96 104 116 123 127 132 164 178 188 190 0
187 55 168 24 28 31 44 68 96 100 138 141 147 165 194 0
188 53 197 22 1 14 37 41 44 50 52 64 71 74 80 91 94 118 134 145 148 150 167 180 186 193 195 0
189 111 10 12 17 20 29 32 34 57 82 98 164 166 171 200 0
190 58 32 13 14 19 24 44 46 47 48 61 64 65 66 78 79 101 104 111 114 119 134 145 156 166 167 168 186 193 0
191 55 20 10 12 36 50 52 53 57 58 61 77 79 87 94 96 120 131 135 150 166 177 182 0
192 83 22 38 39 41 52 68 72 75 92 110 119 120 130 139 163 176 0
193 171 7 13 34 37 53 63 65 71 85 86 92 100 111 120 126 132 135 141 145 158 162 188 190 0
194 70 178 6 8 9 10 15 29 30 33 34 37 39 41 43 49 53 63 76 79 104 105 131 146 148 156 159 163 169 187 196 0
195 49 132 5 11 17 35 39 60 61 80 84 116 153 176 182 188 0
196 35 39 9 38 42 46 62 95 97 106 136 158 167 168 174 194 198 0
197 188 49 43 5 46 59 60 71 85 87 103 106 128 158 162 0
198 9 25 32 45 50 71 72 98 117 126 135 164 169 170 175 176 196 0
199 69 7 10 12 18 23 47 48 62 63 65 67 74 82 92 109 111 122 134 154 161 163 167 169 183 200 0
200 158 12 22 42 56 58 63 65 83 85 89 90 106 119 128 140 157 161 189 199 0

