200  304
1 18 86 182 62 4 128 130 137 0
2 52 186 195 0
3 138 175 0
4 163 40 1 131 136 181 0
5 179 154 147 0
6 33 162 0
7 52 140 192 25 32 0
8 122 146 0
9 193 47 11 17 69 168 0
10 117 27 122 0
11 18 150 9 80 0
12 129 125 0
13 135 95 0
14 115 153 76 31 37 126 95 38 0
15 186 41 50 0
16 18 151 37 55 97 0
17 130 9 0
18 54 11 16 1 135 0
19 133 120 24 36 0
20 40 169 0
21 127 0
22 33 38 0
23 130 48 0
24 19 200 0
25 70 7 59 185 0
26 64 0
27 38 85 10 0
28 189 200 0
29 153 146 34 190 0
30 76 98 60 0
31 14 136 41 73 176 0
32 147 7 73 0
33 80 22 6 164 0
34 182 29 170 0
35 168 107 43 0
36 19 0
37 14 16 180 0
38 77 27 14 22 0
39 58 0
40 4 20 0
41 15 31 77 0
42 76 0
43 116 35 52 55 124 0
44 148 176 66 142 0
45 89 174 188 0
46 90 0
47 9 99 0
48 122 23 0
49 186 141 0
50 52 15 0
51 115 123 122 153 0
52 132 83 67 2 138 89 116 50 7 65 43 95 0
53 146 83 166 0
54 64 18 80 94 0
55 180 16 43 0
56 96 112 0
57 105 0
58 175 39 0
59 141 25 0
60 30 0
61 91 0
62 1 0
63 112 184 148 0
64 178 54 193 127 124 87 26 170 142 139 164 179 0
65 52 168 0
66 44 183 116 119 173 0
67 52 83 0
68 196 198 188 139 126 0
69 199 9 74 0
70 155 25 149 0
71 87 0
72 149 117 0
73 96 31 32 109 0
74 161 141 69 0
75 101 109 78 0
76 14 196 30 42 0
77 105 157 110 91 38 41 88 0
78 75 156 150 0
79 139 157 0
80 54 33 191 11 0
81 148 131 119 0
82 176 0
83 52 105 53 67 113 0
84 155 134 102 0
85 27 151 0
86 1 199 130 0
87 64 163 147 121 71 0
88 194 77 117 0
89 52 45 0
90 177 46 0
91 77 61 0
92 110 152 0
93 183 0
94 54 0
95 14 13 52 113 0
96 190 103 73 56 108 0
97 196 16 142 0
98 30 0
99 47 0
100 135 104 0
101 155 75 148 187 172 0
102 84 0
103 96 166 133 0
104 100 183 0
105 83 77 165 57 197 162 0
106 118 161 129 136 0
107 35 0
108 126 96 0
109 75 200 73 133 0
110 77 92 0
111 153 145 198 0
112 177 63 56 0
113 173 83 95 0
114 127 0
115 155 122 14 190 51 0
116 52 43 66 134 163 0
117 72 10 88 0
118 122 106 164 0
119 81 66 195 0
120 19 0
121 87 142 0
122 115 178 118 185 8 48 10 51 0
123 51 0
124 64 43 0
125 12 0
126 14 108 68 0
127 64 114 179 189 21 159 0
128 161 1 177 0
129 193 175 12 106 0
130 138 23 17 1 86 0
131 81 195 4 138 197 0
132 167 52 170 0
133 196 135 19 103 109 0
134 84 159 116 0
135 133 162 173 13 100 18 0
136 31 4 106 0
137 186 1 0
138 52 194 130 3 131 0
139 68 79 64 0
140 7 0
141 74 59 49 0
142 64 44 97 121 0
143 155 0
144 157 0
145 111 0
146 29 53 8 0
147 87 32 5 0
148 101 81 44 149 63 0
149 148 72 169 70 0
150 11 78 0
151 16 85 0
152 185 92 0
153 14 29 111 51 0
154 5 195 0
155 115 101 84 70 160 158 143 161 167 0
156 78 0
157 77 144 79 0
158 155 0
159 134 127 0
160 155 0
161 106 74 128 155 0
162 135 6 105 0
163 87 4 116 0
164 118 33 64 170 0
165 105 0
166 103 180 53 0
167 178 132 155 0
168 65 35 9 0
169 149 20 0
170 64 34 132 164 0
171 194 0
172 101 200 0
173 135 113 66 0
174 45 0
175 129 186 58 3 0
176 44 82 31 0
177 185 112 90 128 0
178 122 167 64 0
179 127 5 64 0
180 166 55 37 0
181 198 4 0
182 1 34 0
183 66 93 104 0
184 63 0
185 122 177 152 25 0
186 175 49 137 15 2 0
187 101 0
188 68 45 0
189 127 28 0
190 115 96 29 0
191 80 0
192 7 0
193 64 129 9 0
194 138 171 88 0
195 131 2 119 154 0
196 76 97 68 133 198 199 0
197 105 131 0
198 68 181 111 196 0
199 86 69 196 0
200 109 24 28 172 0

