200  1158
1 133 3 48 71 75 90 97 105 110 124 132 138 146 148 193 0
2 187 141 16 19 34 45 51 57 77 120 153 162 168 193 198 0
3 187 1 16 21 49 70 83 149 0
4 17 58 198 10 48 65 90 91 102 105 110 116 122 146 151 158 161 185 194 0
5 200 30 38 40 48 54 81 98 122 135 171 0
6 52 16 28 32 58 66 70 87 111 175 182 193 199 0
7 95 22 34 46 64 79 99 136 143 189 0
8 46 108 20 30 42 47 54 70 82 83 84 100 131 187 0
9 171 116 79 98 104 135 143 185 186 0
10 4 25 85 125 135 167 172 173 174 0
11 106 15 20 29 57 62 69 84 98 102 133 139 166 0
12 25 66 106 125 162 183 31 47 73 87 102 124 137 158 181 0
13 101 17 51 86 97 113 132 178 0
14 134 20 23 47 67 80 81 101 109 117 136 156 174 192 198 199 0
15 11 37 42 53 69 77 131 155 164 173 0
16 138 196 88 153 2 3 6 23 25 31 35 41 60 67 82 93 117 124 149 160 166 170 184 188 0
17 187 4 107 179 13 19 52 83 89 108 190 198 0
18 95 44 22 37 76 86 100 123 131 175 192 193 0
19 108 2 17 23 48 51 66 85 89 125 128 139 178 0
20 74 8 11 14 21 34 36 111 118 139 147 150 175 0
21 22 55 3 20 57 60 158 160 185 0
22 148 21 7 18 36 63 93 106 125 129 139 156 162 177 182 0
23 193 14 16 19 29 39 54 60 73 83 92 129 144 159 190 0
24 169 134 128 199 124 150 178 0
25 12 46 97 53 171 31 68 99 136 10 16 100 105 117 183 0
26 66 147 32 72 106 109 143 182 0
27 101 34 46 65 86 152 0
28 162 73 6 82 106 142 147 175 198 0
29 169 11 23 40 71 74 98 127 128 131 140 147 155 167 183 0
30 41 5 8 31 66 87 96 123 195 0
31 25 102 140 12 16 30 42 43 90 95 156 175 185 199 0
32 74 6 26 56 70 106 118 119 129 142 147 157 162 179 199 0
33 145 127 36 54 71 76 171 188 189 0
34 125 2 7 20 27 52 71 76 77 96 103 109 131 157 164 167 200 0
35 77 181 16 49 55 81 101 109 126 139 145 153 187 0
36 110 111 20 22 33 113 131 142 152 165 188 0
37 46 15 18 128 132 133 0
38 194 5 50 67 91 121 137 140 150 164 181 0
39 100 172 23 47 60 61 88 89 121 134 163 173 180 196 199 0
40 46 169 100 5 29 89 99 105 117 134 185 186 0
41 106 30 16 45 80 109 123 159 166 0
42 187 195 8 15 31 89 96 98 108 127 130 156 167 172 178 0
43 139 31 71 123 142 147 149 177 186 194 0
44 18 45 88 104 137 143 0
45 138 2 41 44 61 86 94 114 123 139 144 149 157 170 173 197 0
46 25 40 8 63 60 124 37 7 27 73 87 106 144 169 173 0
47 171 80 8 12 14 39 94 104 107 114 132 146 155 177 191 0
48 189 1 4 5 19 51 81 96 123 146 149 151 170 0
49 57 3 35 63 100 112 119 131 148 151 164 184 0
50 74 143 101 200 176 121 54 38 95 100 102 110 145 165 188 0
51 80 2 13 19 48 58 91 94 95 119 168 192 0
52 191 123 6 17 34 58 64 89 92 93 124 134 169 185 194 0
53 25 187 159 173 15 80 82 149 152 157 191 0
54 50 5 8 23 33 55 64 90 108 127 143 190 0
55 21 35 54 85 92 105 114 163 165 192 0
56 106 122 32 66 111 138 167 181 184 200 0
57 171 163 49 161 98 2 11 21 125 134 141 169 0
58 4 6 51 52 83 143 153 178 184 0
59 87 81 60 74 85 96 130 134 175 192 0
60 46 16 21 23 39 59 99 129 133 178 187 191 0
61 133 39 45 62 69 90 104 105 106 117 123 140 182 183 189 0
62 119 11 61 67 82 99 107 140 151 166 181 189 0
63 46 194 109 22 49 81 93 121 159 195 0
64 88 7 52 54 72 81 84 87 90 121 143 170 0
65 189 4 27 88 90 116 162 193 0
66 12 89 26 189 6 19 30 56 68 69 115 126 130 150 160 161 0
67 167 14 16 38 62 101 144 145 146 188 191 0
68 25 66 80 99 105 0
69 193 11 15 61 66 78 106 109 131 153 0
70 93 3 6 8 32 83 102 106 149 160 187 197 0
71 194 1 29 33 34 43 72 102 146 0
72 193 26 64 71 75 130 145 157 180 0
73 28 12 23 46 95 111 127 176 183 185 199 0
74 187 50 133 118 20 32 29 59 80 135 136 139 166 179 190 0
75 154 1 72 79 93 110 133 147 190 0
76 169 18 33 34 84 103 127 143 174 175 0
77 107 35 2 15 34 78 92 97 98 122 128 141 154 178 200 0
78 129 170 69 77 90 94 95 97 124 147 151 157 194 196 0
79 186 7 9 75 94 171 0
80 47 51 193 14 41 53 68 74 81 92 103 129 132 140 175 0
81 59 5 14 35 48 63 64 80 91 103 148 157 165 188 0
82 145 8 16 28 53 62 90 91 108 121 125 126 138 168 177 179 0
83 188 192 135 3 8 17 23 58 70 96 181 182 0
84 185 90 8 11 64 76 86 128 164 173 195 0
85 106 10 19 55 59 90 97 135 153 167 170 185 193 0
86 177 13 18 27 45 84 103 123 166 187 188 193 0
87 178 59 6 12 30 46 64 107 138 152 157 175 199 0
88 16 64 166 39 44 65 104 109 132 165 186 191 0
89 66 17 19 39 40 42 52 98 126 141 166 0
90 84 1 4 31 54 61 64 65 78 82 85 99 110 118 182 0
91 146 4 38 51 81 82 138 157 184 187 192 0
92 182 114 23 52 55 77 80 97 102 133 153 174 178 0
93 162 70 16 22 52 63 75 101 111 131 150 164 191 0
94 167 45 47 51 78 79 95 103 112 127 135 168 169 173 183 0
95 101 7 18 31 50 51 73 78 94 112 131 141 149 190 193 194 0
96 111 30 34 42 48 59 83 102 122 124 165 167 188 191 0
97 25 110 126 180 1 13 77 78 85 92 106 123 137 172 0
98 57 5 9 11 29 42 77 89 131 167 173 175 189 200 0
99 25 7 40 60 62 68 90 180 0
100 40 39 144 8 18 25 49 50 120 158 168 0
101 50 95 13 27 184 14 35 67 93 111 119 124 140 0
102 31 138 4 11 12 50 70 71 92 96 193 0
103 191 34 76 80 81 86 94 119 158 0
104 180 9 44 47 61 88 111 183 0
105 121 1 4 25 40 55 61 68 0
106 12 11 56 41 85 22 26 28 32 46 61 69 70 97 140 170 199 0
107 17 77 47 62 87 116 183 0
108 8 148 174 19 17 42 54 82 156 175 0
109 63 14 26 34 35 41 69 88 112 152 163 173 186 198 0
110 97 188 36 137 1 4 50 75 90 116 135 161 166 0
111 36 96 6 20 56 73 93 101 104 113 144 184 0
112 195 115 131 132 49 94 95 109 146 168 170 172 175 196 0
113 178 13 36 111 114 116 124 140 168 172 181 200 0
114 92 117 45 47 55 113 118 123 126 144 147 0
115 112 66 125 165 0
116 9 4 65 107 110 113 130 135 136 139 143 150 178 0
117 114 14 16 25 40 61 145 0
118 74 168 20 32 90 114 157 175 0
119 126 62 32 49 51 101 103 130 144 164 0
120 178 2 100 143 155 166 172 195 0
121 50 105 38 39 63 64 82 137 140 165 0
122 56 4 5 77 96 148 0
123 52 18 30 41 43 45 48 61 86 97 114 138 142 154 175 182 0
124 46 1 12 16 24 52 78 96 101 113 139 0
125 12 186 158 34 155 10 19 22 57 82 115 150 175 0
126 97 119 167 197 190 35 66 82 89 114 129 168 189 191 194 0
127 33 29 42 54 73 76 94 135 172 189 0
128 24 19 29 37 77 84 145 158 174 188 0
129 187 78 22 23 32 60 80 126 135 136 0
130 194 42 59 66 72 116 119 133 152 185 0
131 112 8 15 18 29 34 36 49 69 93 95 98 142 153 0
132 112 1 13 37 47 80 88 133 158 165 198 0
133 74 61 1 11 37 60 75 92 130 132 162 192 0
134 24 14 39 40 52 57 59 147 157 189 0
135 83 5 9 10 74 85 94 110 116 127 129 140 144 180 200 0
136 25 7 14 74 116 129 165 182 187 0
137 110 12 38 44 97 121 140 178 0
138 102 16 45 1 56 82 87 91 123 147 173 0
139 151 43 11 19 20 22 35 45 74 116 124 172 181 184 196 0
140 31 29 38 61 62 80 101 106 113 121 135 137 146 156 175 185 190 0
141 2 57 77 89 95 145 147 160 0
142 146 28 32 36 43 123 131 0
143 50 164 7 9 26 44 54 58 64 76 116 120 155 159 166 179 196 0
144 100 23 45 46 67 111 114 119 135 161 179 0
145 200 82 33 35 50 67 72 117 128 141 152 159 160 185 194 198 0
146 180 142 91 1 4 47 48 67 71 112 140 172 195 0
147 26 20 28 29 32 43 75 78 114 134 138 141 150 159 178 197 0
148 108 22 1 49 81 122 166 199 200 0
149 171 3 16 43 45 48 53 70 95 0
150 169 160 178 20 24 38 66 93 116 125 147 166 0
151 188 139 157 4 48 49 62 78 0
152 195 27 36 53 87 109 130 145 156 0
153 16 2 35 58 69 85 92 131 161 167 187 0
154 157 75 77 123 182 189 0
155 125 15 29 47 120 143 168 182 185 0
156 192 14 22 31 42 108 140 152 158 170 0
157 151 154 32 34 45 53 72 78 81 87 91 118 134 164 182 0
158 125 4 12 21 100 103 128 132 156 182 0
159 53 23 41 63 143 145 147 193 194 0
160 150 16 21 66 70 141 145 174 178 0
161 57 4 66 110 144 153 165 174 194 0
162 12 93 28 2 22 32 65 133 178 0
163 57 175 39 55 109 0
164 143 15 34 38 49 84 93 119 157 176 182 0
165 177 36 50 55 81 88 96 115 121 132 136 161 199 0
166 88 11 16 41 62 74 86 89 110 120 143 148 150 178 0
167 126 94 67 10 29 34 42 56 85 96 98 153 173 182 184 0
168 118 2 51 82 94 100 112 113 126 155 0
169 40 150 24 29 76 46 52 57 94 189 191 0
170 78 16 45 48 64 85 106 112 156 178 188 0
171 25 47 57 149 9 185 5 33 79 200 0
172 39 10 42 97 112 113 120 127 139 146 0
173 53 10 15 39 45 46 84 94 98 109 138 167 181 183 192 200 0
174 108 10 14 76 92 128 160 161 191 193 0
175 163 6 18 20 28 31 59 76 80 87 98 108 112 118 123 125 140 0
176 50 73 164 185 0
177 187 86 165 22 43 47 82 182 0
178 150 120 113 87 13 19 24 42 58 60 77 92 116 137 147 160 162 166 170 180 0
179 17 32 74 82 143 144 0
180 97 146 104 39 72 99 135 178 0
181 35 12 38 56 62 83 113 139 173 0
182 186 191 92 6 22 26 61 83 90 123 136 154 155 157 158 164 167 177 190 0
183 12 25 29 61 73 94 104 107 173 0
184 101 16 49 56 58 91 111 139 167 0
185 171 84 4 9 21 31 40 52 73 85 130 140 145 155 176 0
186 125 182 79 9 40 43 88 109 0
187 53 74 42 177 17 129 2 3 8 35 60 70 86 91 136 153 0
188 110 83 151 16 33 36 50 67 81 86 96 128 170 0
189 66 48 65 7 33 61 62 98 126 127 134 154 169 0
190 126 17 23 54 74 75 95 140 182 192 0
191 182 52 103 47 53 60 67 88 93 96 126 169 174 198 0
192 83 156 14 18 51 55 59 91 133 173 190 0
193 80 72 69 23 1 2 6 18 65 85 86 95 102 159 174 197 0
194 63 71 130 38 4 43 52 78 95 126 145 159 161 195 0
195 42 112 152 30 63 84 120 146 194 0
196 16 39 78 112 139 143 197 0
197 126 45 70 147 193 196 0
198 4 2 14 17 28 109 132 145 191 0
199 24 6 14 31 32 39 73 87 106 148 165 200 0
200 50 145 5 34 56 77 98 113 135 148 171 173 199 0

