200  2202
1 148 22 2 25 35 37 48 50 59 66 68 70 75 82 83 89 105 116 119 127 140 159 164 181 185 190 192 193 0
2 116 57 21 177 1 17 19 24 33 72 73 85 91 93 118 123 133 137 147 152 181 192 197 0
3 93 92 25 183 5 6 32 39 69 70 75 80 105 114 143 146 156 165 167 172 179 185 200 0
4 190 101 17 21 42 45 55 63 85 87 91 93 94 95 96 106 129 130 147 188 195 0
5 85 3 10 15 20 25 29 30 33 36 47 50 51 83 89 103 112 120 121 122 155 166 171 172 173 184 195 0
6 171 45 3 13 41 66 71 74 77 78 80 85 89 108 109 138 142 169 172 0
7 97 128 138 65 17 18 22 28 30 32 34 57 66 80 84 105 108 115 116 144 150 162 169 174 181 191 196 197 0
8 57 49 155 19 11 26 28 33 35 50 69 84 97 100 110 112 136 145 148 156 160 165 188 0
9 98 149 18 25 27 54 64 83 101 114 122 141 145 146 152 160 161 179 0
10 165 5 14 34 43 46 61 81 95 99 100 101 108 113 115 116 126 132 133 138 143 146 153 157 166 195 0
11 38 8 22 35 40 51 60 62 81 91 99 108 129 147 153 155 176 179 180 182 0
12 53 35 66 129 130 134 149 151 157 161 165 170 183 197 0
13 185 6 17 39 46 47 69 73 78 94 128 135 138 168 179 181 189 192 196 0
14 153 197 10 42 44 45 48 50 52 78 85 87 91 93 101 116 121 129 135 136 155 161 163 164 0
15 57 126 85 146 5 26 27 33 60 66 70 77 86 90 115 124 132 144 152 153 155 156 172 178 189 199 0
16 167 18 32 40 44 49 74 80 86 98 100 130 131 140 163 182 184 195 196 198 199 0
17 42 26 165 2 4 7 13 35 36 37 45 63 80 91 109 127 152 153 163 170 183 185 191 192 0
18 129 104 7 9 16 29 33 36 53 60 63 115 119 126 128 134 147 160 167 169 181 192 0
19 8 2 21 33 61 69 70 71 72 75 78 79 88 92 97 107 109 110 111 117 129 130 131 132 146 175 176 183 0
20 163 5 25 39 40 54 63 83 91 94 95 101 102 106 107 137 141 143 152 156 169 200 0
21 2 48 4 19 29 31 45 57 78 91 92 93 109 122 127 128 134 136 153 154 174 187 196 0
22 1 7 11 42 52 58 60 66 86 92 96 106 113 118 119 135 136 154 161 166 195 0
23 153 135 93 198 40 45 52 58 66 87 88 91 94 99 110 112 139 140 147 159 161 162 197 199 0
24 135 200 2 27 35 52 55 60 64 65 86 94 96 99 106 107 111 121 132 145 158 166 167 174 179 186 193 0
25 3 1 5 9 20 26 32 44 64 66 109 125 145 151 162 164 166 170 171 176 180 185 186 188 0
26 17 8 15 25 28 52 65 84 90 110 118 122 125 136 142 146 170 176 179 187 193 0
27 130 9 15 24 30 40 46 54 59 70 76 80 106 111 112 113 120 121 150 177 178 194 0
28 80 7 8 26 29 30 52 64 67 72 89 117 121 124 148 151 161 174 178 183 196 0
29 134 5 18 21 28 31 35 37 51 55 68 73 75 76 81 82 89 92 93 117 118 130 139 147 151 156 164 166 185 199 200 0
30 60 134 136 5 7 27 28 35 47 48 69 72 83 85 86 99 102 103 106 118 125 143 144 150 155 157 162 182 0
31 53 36 21 29 35 38 67 68 69 77 85 104 108 112 117 122 129 136 140 191 193 0
32 87 3 7 16 25 42 50 63 71 72 79 103 114 124 158 168 176 186 189 198 0
33 158 2 5 8 15 18 19 49 52 57 64 99 122 125 145 152 164 170 172 183 189 199 0
34 141 115 51 7 10 40 56 60 66 70 74 83 86 89 95 98 112 127 129 133 136 139 151 176 186 190 196 200 0
35 171 1 8 11 12 17 24 29 30 31 41 50 67 91 101 122 135 152 158 173 181 0
36 31 5 17 18 38 48 50 62 66 67 77 116 125 127 131 137 141 152 157 158 161 170 183 0
37 38 159 1 17 29 42 51 79 88 89 100 101 102 117 118 133 152 178 192 196 0
38 100 11 37 31 36 42 84 105 112 122 123 134 156 179 180 185 189 0
39 188 3 13 20 45 51 73 74 109 110 124 147 148 152 155 186 192 0
40 130 64 11 16 20 23 27 34 52 60 70 72 79 111 126 135 136 151 156 161 193 0
41 119 42 6 35 49 52 61 62 68 69 80 83 85 98 105 116 130 139 148 156 157 162 172 192 198 0
42 41 118 17 4 14 22 32 37 38 44 67 76 85 93 95 111 122 126 140 158 163 165 173 180 191 198 0
43 153 171 163 10 44 45 56 59 65 76 82 108 116 145 146 147 151 154 155 162 177 184 189 0
44 141 89 14 16 25 42 43 47 50 58 59 61 64 68 69 84 85 106 114 121 140 143 158 179 193 196 0
45 6 4 14 17 21 23 39 43 54 76 78 79 83 114 121 144 145 171 178 190 192 0
46 49 10 13 27 47 48 50 55 78 80 82 110 116 118 131 156 158 173 191 0
47 86 132 5 13 30 44 46 94 112 117 146 155 179 195 199 0
48 21 1 14 30 36 46 55 58 60 81 95 117 118 125 128 141 146 147 178 183 197 0
49 8 59 195 46 16 33 41 50 73 85 91 93 94 95 119 126 133 164 170 172 0
50 153 129 139 147 137 1 5 8 14 32 35 36 44 46 49 51 54 55 65 69 70 76 100 116 124 140 190 0
51 34 5 11 29 37 39 50 72 73 74 106 117 127 136 137 149 152 161 163 165 167 175 178 180 187 189 0
52 157 182 14 22 23 24 26 28 33 40 41 75 99 104 118 122 129 131 142 145 148 155 156 160 164 167 169 170 186 187 192 195 0
53 119 167 31 12 18 62 70 94 112 114 117 123 133 155 163 169 173 175 197 200 0
54 157 160 9 20 27 45 50 91 115 140 153 164 187 189 191 0
55 185 4 24 29 46 48 50 60 63 70 102 133 136 138 145 154 159 165 167 188 192 194 0
56 80 34 43 60 61 74 86 87 110 115 164 170 175 0
57 2 15 8 142 7 21 33 59 67 75 77 79 90 100 107 125 134 146 153 168 169 172 181 193 0
58 189 114 22 23 44 48 72 80 130 137 145 146 150 153 155 159 0
59 49 162 1 27 43 44 57 60 71 76 111 112 118 140 151 158 166 186 0
60 119 30 74 11 15 18 22 24 34 40 48 55 56 59 63 66 68 89 93 97 100 128 144 148 149 169 191 195 0
61 127 169 10 19 41 44 56 83 91 103 115 132 147 167 183 189 0
62 175 11 36 41 53 70 72 79 88 97 98 100 104 107 116 134 149 167 168 171 0
63 135 4 17 18 20 32 55 60 73 81 91 113 140 145 146 149 159 169 176 196 0
64 40 9 24 25 28 33 44 65 69 72 86 90 100 114 116 148 159 160 167 172 184 189 200 0
65 7 24 26 43 50 64 73 77 78 92 99 102 114 141 152 153 162 169 170 183 185 186 192 0
66 134 1 6 7 12 15 22 23 25 34 36 60 70 76 79 81 102 110 111 122 130 132 144 146 154 156 163 168 170 172 181 187 0
67 116 86 174 28 31 35 36 42 57 88 94 100 103 104 105 109 112 119 151 156 181 192 198 0
68 121 1 29 31 41 44 60 91 96 98 106 150 152 158 171 183 186 193 0
69 157 170 196 3 8 13 19 30 31 41 44 50 64 75 93 105 108 113 124 128 147 163 164 168 176 182 184 186 187 0
70 117 1 3 15 19 27 34 40 50 53 55 62 66 90 92 94 101 119 144 149 0
71 189 6 19 32 59 76 83 84 106 110 113 118 131 134 136 139 151 158 164 168 170 184 186 196 200 0
72 80 2 19 28 30 32 40 51 58 62 64 78 94 110 111 130 135 154 159 168 196 0
73 173 2 13 29 39 49 51 63 65 74 91 111 114 117 125 140 145 149 155 158 183 184 198 199 0
74 60 6 16 34 39 51 56 73 77 85 93 95 97 113 114 130 139 143 148 164 166 176 186 187 188 0
75 174 1 3 19 29 52 57 69 78 87 92 109 117 126 139 159 160 170 183 192 0
76 192 27 29 42 43 45 50 59 66 71 88 109 118 123 125 129 136 137 149 158 160 181 182 185 187 189 0
77 171 6 15 31 36 57 65 74 78 80 98 107 116 126 127 128 146 154 159 172 198 0
78 140 6 13 14 19 21 45 46 65 72 75 77 99 120 129 141 142 147 162 165 173 175 182 189 194 200 0
79 150 88 19 32 37 40 45 57 62 66 90 94 101 120 122 128 134 159 166 169 192 0
80 150 161 106 28 56 154 72 3 6 7 16 17 27 41 46 58 77 88 121 130 137 152 167 176 194 200 0
81 187 151 99 10 11 29 48 63 66 113 114 119 124 125 133 142 150 155 178 184 194 197 0
82 185 181 1 29 43 46 84 98 103 108 109 117 118 132 138 169 176 187 191 198 0
83 153 1 5 9 20 30 34 41 45 61 71 103 105 156 159 160 195 0
84 155 120 7 8 26 38 44 71 82 90 94 115 118 123 140 144 149 158 160 161 177 196 0
85 15 5 2 4 6 14 30 31 41 42 44 49 74 92 101 106 107 120 137 139 142 143 151 152 156 165 173 174 177 188 189 196 0
86 67 47 15 16 22 24 30 34 56 64 87 98 103 125 131 135 139 153 169 185 187 193 0
87 96 32 4 14 23 56 75 86 89 129 130 132 138 154 171 185 197 0
88 79 19 23 37 62 67 76 80 89 100 102 106 110 123 133 136 161 165 168 175 187 196 0
89 44 1 5 6 28 29 34 37 60 87 88 93 95 117 131 133 143 155 159 179 182 195 0
90 171 125 15 26 57 64 70 79 84 95 96 138 147 148 156 159 170 181 193 196 199 0
91 124 2 4 11 14 17 20 21 23 35 49 54 61 63 68 73 106 110 130 140 162 165 0
92 3 19 21 22 29 65 70 75 85 95 132 140 148 159 184 194 196 0
93 23 131 3 2 4 14 21 29 42 49 60 69 74 89 104 118 119 121 147 161 163 168 173 192 0
94 140 4 13 20 23 24 47 49 53 67 70 72 79 84 96 113 125 135 148 162 167 175 176 183 189 192 200 0
95 200 4 10 20 34 42 48 49 74 89 90 92 109 124 129 130 140 147 148 157 159 160 189 199 0
96 138 87 186 4 22 24 68 90 94 102 114 117 118 120 132 142 160 164 173 181 184 196 0
97 119 175 7 8 19 60 62 74 99 113 120 126 138 140 146 152 170 183 190 0
98 139 9 105 16 34 41 62 68 77 82 86 106 116 120 132 142 146 154 156 159 165 180 185 0
99 81 10 11 23 24 30 33 52 65 78 97 113 114 115 126 153 156 157 167 176 188 195 0
100 129 38 8 10 16 37 50 57 60 62 64 67 88 109 120 128 150 155 169 193 0
101 4 9 10 14 20 35 37 70 79 85 105 107 123 131 141 149 162 180 0
102 107 20 30 37 55 65 66 88 96 119 128 154 158 166 174 175 189 200 0
103 173 5 30 32 61 67 82 83 86 153 160 162 165 166 182 199 0
104 18 31 52 62 67 93 112 114 117 129 134 169 190 195 0
105 98 1 3 7 38 41 67 69 83 101 107 108 111 116 132 135 144 154 160 183 192 0
106 80 178 4 20 22 24 27 30 44 51 68 71 85 88 91 98 109 128 129 131 135 137 149 156 0
107 150 102 19 20 24 57 62 77 85 101 105 126 133 134 138 146 151 160 164 188 195 200 0
108 193 6 7 10 11 31 43 69 82 105 109 115 123 150 157 163 164 0
109 121 6 17 19 21 25 39 67 75 76 82 95 100 106 108 114 125 134 162 182 0
110 189 8 19 23 26 39 46 56 66 71 72 88 91 151 172 182 0
111 153 19 24 27 40 42 59 66 72 73 105 126 131 150 157 181 184 188 198 0
112 134 189 199 5 8 23 27 31 34 38 47 53 59 67 104 113 135 144 149 154 155 160 180 183 0
113 116 10 22 27 63 69 71 74 81 94 97 99 112 121 126 128 133 140 144 149 154 165 166 178 194 199 0
114 58 166 3 9 32 44 45 53 64 65 73 74 81 96 99 104 109 126 130 142 144 161 199 0
115 34 7 10 15 18 54 56 61 84 99 108 125 140 147 181 182 197 200 0
116 2 122 117 119 113 67 172 1 7 10 14 36 41 43 46 50 62 64 77 98 105 127 128 141 174 186 188 0
117 116 187 153 70 19 28 29 31 37 47 48 51 53 73 75 82 89 96 104 123 133 138 150 169 178 184 192 0
118 42 2 22 26 29 30 37 46 48 52 59 71 76 82 84 93 96 127 148 150 157 163 180 0
119 116 60 41 97 53 1 18 22 49 67 70 81 93 102 138 145 150 160 180 183 0
120 84 5 27 78 79 85 96 97 98 100 133 147 162 176 0
121 171 109 68 5 14 24 27 28 44 45 80 93 113 124 140 146 147 148 155 156 162 183 184 188 0
122 116 157 140 5 9 21 26 31 33 35 38 42 52 66 79 126 158 169 172 173 191 197 198 0
123 185 194 2 38 53 76 84 88 101 108 117 126 130 149 153 176 196 200 0
124 187 91 15 28 32 39 50 69 81 95 121 140 150 195 199 0
125 90 25 26 30 33 36 48 57 73 76 81 86 94 109 115 128 143 183 193 196 0
126 15 145 10 18 40 42 49 75 77 97 99 107 111 113 114 122 123 172 178 182 187 191 200 0
127 161 61 1 17 21 34 36 51 77 116 118 128 155 163 171 176 178 182 196 200 0
128 7 13 18 21 48 60 69 77 79 100 102 106 113 116 125 127 129 150 157 0
129 50 158 18 100 4 11 12 14 19 31 34 52 76 78 87 95 104 106 128 136 144 146 151 187 0
130 148 144 40 191 27 4 12 16 19 29 41 58 66 72 74 80 87 91 95 114 123 137 150 162 170 180 184 185 197 0
131 93 190 16 19 36 46 52 71 86 89 101 106 111 148 161 163 178 181 184 185 191 192 195 0
132 47 10 15 19 24 61 66 82 87 92 96 98 105 133 137 138 152 173 179 185 0
133 194 2 10 34 37 49 53 55 81 88 89 107 113 117 120 132 135 145 149 157 171 178 0
134 30 112 29 148 66 12 18 21 38 57 62 71 79 104 107 109 136 143 150 155 156 158 166 167 174 175 188 0
135 23 24 63 13 14 22 35 40 72 86 94 105 106 112 133 141 152 157 169 170 180 185 0
136 30 8 14 21 22 26 31 34 40 51 55 71 76 88 129 134 152 176 189 200 0
137 50 152 2 20 36 51 58 76 80 85 106 130 132 145 149 165 190 0
138 7 96 6 10 13 55 82 87 90 97 107 117 119 132 141 142 155 156 164 172 0
139 50 173 98 23 29 34 41 71 74 75 85 86 144 180 184 186 194 0
140 122 78 94 1 16 23 31 42 44 50 54 59 63 73 84 91 92 95 97 113 115 121 124 154 162 172 177 0
141 185 34 180 44 9 20 36 48 65 78 101 116 135 138 144 159 161 171 191 196 0
142 57 176 6 26 52 78 81 85 96 98 114 138 158 161 165 167 173 177 182 185 187 190 197 0
143 145 3 10 20 30 44 74 85 89 125 134 169 174 186 0
144 130 179 7 15 30 45 60 66 70 84 105 112 113 114 129 139 141 167 187 190 198 0
145 126 143 8 9 24 25 33 43 45 52 55 58 63 73 119 133 137 148 154 164 172 174 179 181 193 0
146 15 3 9 10 19 26 43 47 48 57 58 63 66 77 97 98 107 121 129 147 159 179 189 195 197 199 0
147 50 184 2 4 11 18 23 29 39 43 48 61 69 78 90 93 95 115 120 121 146 160 161 170 173 190 198 0
148 134 130 1 8 28 39 41 52 60 64 74 90 92 94 95 118 121 131 145 150 152 155 198 199 200 0
149 9 12 51 60 62 63 70 73 76 84 101 106 112 113 123 133 137 151 153 163 0
150 153 188 80 107 193 156 79 7 27 30 58 68 81 100 108 111 117 118 119 124 128 130 134 148 169 173 185 0
151 81 12 25 28 29 34 40 43 59 67 71 85 107 110 129 149 162 166 172 185 191 192 196 0
152 137 2 9 15 17 20 33 35 36 37 39 51 65 68 80 85 97 132 135 136 148 157 158 167 192 0
153 117 23 50 43 150 14 83 111 10 11 15 17 21 54 57 58 65 86 99 103 123 149 155 162 189 193 197 0
154 80 21 22 43 55 66 72 77 87 98 102 105 112 113 140 145 156 164 165 174 0
155 8 84 5 11 14 15 30 39 43 47 52 53 58 73 81 89 100 112 121 127 134 138 148 153 165 166 181 191 199 0
156 150 3 8 15 20 29 38 40 41 46 52 66 67 83 85 90 98 99 106 121 134 138 154 171 196 197 199 0
157 122 69 54 52 10 12 30 36 41 95 99 108 111 118 128 133 135 152 176 197 0
158 129 33 24 32 35 36 42 44 46 59 68 71 73 76 84 102 122 134 142 152 175 177 192 193 199 0
159 37 1 23 55 58 63 64 72 75 77 79 83 89 90 92 95 98 141 146 161 182 193 198 0
160 54 8 9 18 52 64 75 76 83 84 95 96 103 105 107 112 119 147 170 172 173 187 188 0
161 80 127 9 12 14 22 23 28 36 40 51 84 88 93 114 131 141 142 147 159 176 183 188 0
162 59 7 23 25 30 41 43 65 78 91 94 101 103 109 120 121 130 140 151 153 164 166 168 179 184 193 0
163 43 20 14 16 17 42 51 53 66 69 93 108 118 127 131 149 168 170 175 0
164 194 1 14 25 29 33 49 52 54 56 69 71 74 96 107 108 138 145 154 162 165 172 174 181 184 191 198 0
165 17 10 3 8 12 42 51 55 78 85 88 91 98 103 113 137 142 154 155 164 189 0
166 114 5 10 22 24 25 29 59 74 79 102 103 113 134 151 155 162 167 173 178 186 192 196 198 0
167 53 16 3 18 24 51 52 55 61 62 64 80 94 99 134 142 144 152 166 168 174 176 186 189 196 0
168 176 13 32 57 62 66 69 71 72 88 93 162 163 167 171 191 0
169 61 6 7 18 20 52 53 57 60 63 65 79 82 86 100 104 117 122 135 143 150 176 192 200 0
170 69 12 17 25 26 33 36 49 52 56 65 66 71 75 90 97 130 135 147 160 163 181 184 196 200 0
171 43 6 121 77 90 35 5 25 45 62 68 87 127 133 141 156 168 196 0
172 116 3 5 6 15 33 41 49 57 64 66 77 110 122 126 138 140 145 151 160 164 173 184 194 0
173 139 73 103 5 35 42 46 53 78 85 93 96 122 132 142 147 150 160 166 172 175 177 181 182 189 196 0
174 67 75 7 21 24 28 85 102 116 134 143 145 154 164 167 178 192 0
175 97 62 19 51 53 56 78 88 94 102 134 158 163 173 196 0
176 142 168 11 19 25 26 32 34 63 69 74 80 82 94 99 120 123 127 136 157 161 167 169 180 0
177 2 27 43 84 85 140 142 158 173 183 186 199 0
178 106 15 27 28 37 45 48 51 81 113 117 126 127 131 133 166 174 181 190 0
179 144 3 9 11 13 24 26 38 44 47 89 132 145 146 162 187 0
180 141 11 25 38 42 51 98 101 112 118 119 130 135 139 176 193 0
181 82 1 2 7 13 18 35 57 66 67 76 90 96 111 115 131 145 155 164 170 173 178 189 191 0
182 52 11 16 30 69 76 78 89 103 109 110 115 126 127 142 159 173 190 0
183 3 192 12 17 19 28 33 36 48 61 65 68 73 75 94 97 105 112 119 121 125 161 177 189 196 0
184 147 5 16 43 64 69 71 73 81 92 96 111 117 121 130 131 139 162 164 170 172 192 194 195 0
185 187 123 141 13 82 55 1 3 17 25 29 38 65 76 86 87 98 130 131 132 135 142 150 151 195 196 0
186 96 24 25 32 34 39 52 59 65 68 69 71 74 116 139 143 166 167 177 195 0
187 117 124 185 81 21 26 51 52 54 66 69 74 76 82 86 88 126 129 142 144 160 179 0
188 150 39 4 8 25 55 74 85 99 107 111 116 121 134 160 161 190 196 197 0
189 112 58 71 110 13 15 32 33 38 43 51 54 61 64 76 78 85 94 95 102 136 146 153 165 167 173 181 183 191 0
190 131 4 1 34 45 50 97 104 137 142 144 147 178 182 188 0
191 130 7 17 31 42 46 54 60 82 122 126 131 141 151 155 164 168 181 189 0
192 183 76 1 2 13 17 18 37 39 41 45 52 55 65 67 75 79 93 94 105 117 131 151 152 158 166 169 174 184 0
193 150 108 1 24 26 31 40 44 57 68 86 90 100 125 145 153 158 159 162 180 0
194 123 164 133 27 55 78 80 81 92 113 139 172 184 196 0
195 49 4 5 10 16 22 47 52 60 83 89 99 104 107 124 131 146 184 185 186 0
196 69 7 13 16 21 28 34 37 44 63 71 72 84 85 88 90 92 96 123 125 127 141 151 156 166 167 170 171 173 175 183 185 188 194 198 199 0
197 14 2 7 12 23 48 53 81 87 115 122 130 142 146 153 156 157 188 0
198 23 16 32 41 42 67 73 77 82 111 122 144 147 148 159 164 166 196 0
199 112 15 16 23 29 33 47 73 90 95 103 113 114 124 146 148 155 156 158 177 196 0
200 24 95 3 20 29 34 53 64 71 78 80 94 102 107 115 123 126 127 136 148 169 170 0

