200  1177
1 86 63 66 81 139 173 182 195 0
2 182 58 26 106 114 124 143 175 186 196 0
3 153 74 104 9 43 86 128 162 200 0
4 134 6 20 29 36 57 59 100 156 167 0
5 47 30 70 87 88 97 100 111 140 161 181 0
6 117 57 4 15 21 27 40 76 89 103 121 174 185 195 0
7 135 14 37 42 60 68 83 85 92 93 139 144 163 175 188 189 0
8 186 45 69 79 134 153 168 171 0
9 3 106 18 40 103 109 124 126 131 168 0
10 76 84 120 0
11 102 119 182 184 110 133 17 24 66 142 145 156 175 194 196 0
12 138 164 40 38 59 75 120 147 165 175 0
13 151 18 31 34 47 57 78 90 98 116 145 165 0
14 134 158 113 7 25 51 69 75 79 90 128 129 179 194 0
15 148 79 188 6 17 50 56 82 87 100 107 176 200 0
16 103 59 71 88 117 119 121 142 0
17 196 11 15 74 80 106 124 134 168 173 183 188 190 199 0
18 187 9 13 67 108 127 139 184 186 0
19 134 24 29 60 68 88 92 123 144 169 186 200 0
20 117 4 52 76 81 87 114 151 154 194 195 196 197 0
21 106 6 25 31 57 77 83 120 133 153 180 183 0
22 109 29 110 118 186 0
23 39 47 76 101 111 132 134 136 137 138 141 154 191 192 196 0
24 60 11 19 149 152 153 157 168 176 179 194 195 0
25 49 14 21 34 57 90 144 0
26 151 2 30 34 36 43 79 111 119 132 134 153 185 192 0
27 83 6 48 69 73 106 120 138 174 0
28 140 144 49 161 167 181 0
29 194 4 19 22 79 98 100 158 171 197 0
30 187 5 26 35 48 114 135 162 189 0
31 85 100 13 21 74 99 131 151 154 171 188 0
32 42 196 189 59 66 81 95 114 131 136 187 0
33 104 68 94 105 137 138 183 0
34 103 13 25 26 65 85 125 148 161 171 182 0
35 115 117 185 194 46 30 43 55 60 83 92 111 174 178 188 0
36 183 4 26 46 64 90 96 114 137 185 0
37 132 62 7 43 53 69 77 78 80 84 117 149 154 156 168 186 188 200 0
38 12 48 83 97 0
39 115 140 23 43 68 74 83 99 106 150 165 0
40 12 199 6 9 83 84 90 101 117 133 157 166 0
41 178 51 54 55 67 138 144 151 189 200 0
42 148 32 43 170 167 7 44 56 57 173 185 187 0
43 42 86 3 26 35 37 39 57 73 127 131 142 164 174 193 0
44 150 42 72 86 93 116 152 156 185 192 0
45 60 98 76 8 47 55 59 82 83 96 117 125 129 152 169 185 0
46 35 36 62 63 74 114 118 129 135 0
47 130 5 107 168 13 23 45 57 61 70 71 118 124 134 135 140 149 167 193 0
48 179 27 30 38 54 107 124 131 140 142 186 0
49 158 25 28 79 101 134 186 192 0
50 200 15 56 126 138 144 156 160 0
51 143 154 14 41 54 117 118 0
52 132 20 69 75 90 138 178 188 0
53 81 37 55 56 68 80 97 111 180 0
54 83 162 41 48 51 75 108 112 117 129 154 177 0
55 105 35 41 45 53 79 88 121 162 181 0
56 84 70 101 161 15 42 50 53 98 109 114 127 139 142 144 169 177 186 0
57 6 4 13 21 25 42 43 47 119 133 141 150 157 161 187 192 193 0
58 2 97 105 108 126 127 138 153 0
59 190 177 4 12 16 32 45 60 87 137 138 140 156 159 169 180 199 200 0
60 96 45 24 176 159 7 19 35 59 70 80 101 109 118 180 0
61 185 198 47 73 78 90 114 132 135 146 147 184 187 189 0
62 37 160 46 76 107 127 158 179 0
63 90 1 46 79 112 163 172 189 0
64 183 173 181 67 36 75 135 154 174 185 0
65 173 78 34 68 84 97 109 124 147 168 196 0
66 148 165 121 1 11 32 71 77 89 91 105 150 160 170 0
67 64 18 41 87 93 101 119 135 141 143 146 148 149 150 151 161 168 177 200 0
68 112 7 19 33 39 53 65 79 85 118 137 141 147 160 166 0
69 70 8 14 27 37 52 75 86 92 111 187 0
70 56 69 5 47 60 73 83 88 161 190 195 198 0
71 81 16 47 66 92 94 98 101 104 116 137 156 163 182 197 198 0
72 84 44 83 91 111 118 132 140 154 162 174 183 187 191 198 199 0
73 147 27 43 61 70 87 108 128 143 177 182 0
74 3 85 105 156 17 31 39 46 84 112 127 134 136 149 160 186 0
75 79 126 12 14 52 54 64 69 93 96 98 117 181 0
76 45 10 6 20 23 62 98 122 144 149 151 183 187 0
77 99 21 37 66 109 127 136 193 0
78 65 13 37 61 136 142 0
79 15 75 8 14 26 29 49 55 63 68 135 143 186 0
80 119 166 17 37 53 60 92 104 128 131 132 133 176 199 0
81 96 125 151 53 71 1 20 32 97 127 132 183 191 0
82 197 15 45 103 108 113 125 149 165 195 0
83 88 54 27 142 128 7 21 35 38 39 40 45 70 72 85 89 95 191 0
84 112 72 56 10 37 40 65 74 131 134 143 153 157 161 0
85 74 31 116 7 34 68 83 92 94 95 100 105 134 165 170 0
86 43 94 150 1 97 3 44 69 131 156 182 193 0
87 104 5 15 20 59 67 73 96 114 122 143 152 155 165 197 0
88 96 83 5 16 19 55 70 94 119 135 167 170 181 186 188 191 0
89 99 6 66 83 102 128 166 183 189 194 0
90 170 63 13 14 25 36 40 52 61 108 111 143 165 193 0
91 194 66 72 95 118 140 0
92 187 7 19 35 69 71 80 85 118 138 167 0
93 130 143 195 7 44 67 75 127 193 0
94 86 33 71 85 88 111 177 0
95 138 32 83 85 91 98 102 171 177 188 0
96 153 60 148 81 88 36 45 75 87 102 109 114 120 146 181 182 194 0
97 86 5 38 53 58 65 81 113 132 137 172 193 0
98 45 13 29 56 71 75 76 95 137 141 164 0
99 197 89 157 77 31 39 121 130 169 176 179 192 195 0
100 31 191 4 5 15 29 85 102 104 112 116 122 136 158 169 180 193 199 0
101 56 23 40 49 60 67 71 107 132 133 146 175 193 0
102 153 11 89 95 96 100 124 125 128 140 149 164 175 191 0
103 183 129 130 200 16 34 139 6 9 82 155 0
104 3 138 124 87 33 71 80 100 152 187 0
105 74 55 33 58 66 85 108 121 151 190 0
106 9 21 2 17 27 39 135 138 158 169 0
107 47 15 48 62 101 119 122 125 179 190 0
108 197 178 18 54 58 73 82 90 105 135 180 0
109 140 22 9 56 60 65 77 96 155 163 173 194 0
110 11 22 119 120 150 161 178 194 198 0
111 147 5 23 26 35 53 69 72 90 94 152 183 0
112 148 68 84 145 193 180 54 63 74 100 113 127 147 155 161 188 192 0
113 14 123 82 97 112 124 125 128 140 162 178 185 187 0
114 139 2 20 30 32 36 46 56 61 87 96 119 181 0
115 153 134 183 35 39 131 145 165 166 0
116 85 13 44 71 100 119 143 170 171 187 189 0
117 35 6 20 16 37 40 45 51 54 75 124 145 163 0
118 120 22 46 47 51 60 68 72 91 92 122 132 195 0
119 11 80 16 26 57 67 88 107 110 114 116 178 185 0
120 158 192 118 10 12 21 27 96 110 123 133 171 176 182 194 0
121 66 141 6 16 55 99 105 152 183 0
122 185 76 87 100 107 118 140 152 190 0
123 113 19 120 140 160 169 0
124 104 2 9 17 47 48 65 102 113 117 188 0
125 81 34 45 82 102 107 113 137 152 165 185 0
126 75 9 50 58 148 150 165 188 0
127 166 18 43 56 58 62 74 77 81 93 112 169 0
128 83 3 14 73 80 89 102 113 165 182 0
129 103 14 45 46 54 137 151 183 0
130 103 93 47 171 99 137 143 145 184 0
131 115 9 31 32 43 48 80 84 86 134 162 186 0
132 183 52 37 23 26 61 72 80 81 97 101 118 141 151 157 173 188 0
133 11 21 40 57 80 101 120 136 167 189 198 0
134 115 14 174 4 19 8 17 23 26 47 49 74 84 85 131 162 165 187 0
135 185 7 30 46 47 61 64 67 79 88 106 108 164 190 0
136 184 149 23 32 74 77 78 100 133 156 170 0
137 191 23 33 36 59 68 71 97 98 125 129 130 144 164 167 179 0
138 104 172 12 95 23 27 33 41 50 52 58 59 92 106 193 198 0
139 103 114 1 7 18 56 158 164 169 179 0
140 39 109 28 5 47 48 59 72 91 102 113 122 123 196 0
141 121 23 57 67 68 98 132 154 174 177 185 187 0
142 83 11 16 43 48 56 78 150 155 181 183 197 0
143 93 51 2 67 73 79 84 87 90 116 130 154 157 195 0
144 28 7 19 25 41 50 56 76 137 146 160 161 179 187 0
145 112 11 13 115 117 130 148 149 169 0
146 182 61 67 96 101 144 186 192 0
147 185 111 73 12 61 65 68 112 157 175 184 197 0
148 96 42 66 112 15 169 163 34 67 126 145 180 0
149 136 24 37 47 67 74 76 82 102 145 157 181 0
150 86 44 39 57 66 67 110 126 142 161 171 175 196 0
151 81 26 13 20 31 41 67 76 105 129 132 0
152 194 24 44 45 87 104 111 121 122 125 159 160 170 187 193 0
153 115 3 187 96 102 8 21 24 26 58 84 156 168 185 192 0
154 51 20 23 31 37 54 64 72 141 143 173 187 191 0
155 187 87 103 109 112 142 156 169 184 191 0
156 74 4 11 37 44 50 59 71 86 136 153 155 162 175 0
157 99 24 40 57 84 132 143 147 149 159 171 178 180 195 0
158 14 49 120 186 175 29 62 100 106 139 162 176 178 0
159 60 59 152 157 0
160 62 50 66 68 74 123 144 152 167 180 0
161 56 5 28 34 57 67 70 84 110 112 144 150 164 172 175 181 186 0
162 54 3 30 55 72 113 131 134 156 158 0
163 148 7 63 71 109 117 182 200 0
164 12 43 98 102 135 137 139 161 0
165 66 12 13 39 82 85 87 90 115 125 126 128 134 193 0
166 80 127 40 68 89 115 0
167 42 4 28 47 88 92 133 137 160 168 185 194 0
168 47 8 9 17 24 37 65 67 153 167 171 180 0
169 148 19 45 56 59 99 100 106 123 127 139 145 155 0
170 42 90 66 85 88 116 136 152 178 0
171 130 8 29 31 34 95 116 120 150 157 168 0
172 138 63 97 161 185 199 0
173 64 65 1 17 42 109 132 154 0
174 134 179 6 27 35 43 64 72 141 176 194 196 198 200 0
175 158 2 7 11 12 101 102 147 150 156 161 0
176 60 15 24 80 99 120 158 174 195 0
177 59 54 56 67 73 94 95 141 180 182 189 0
178 108 41 35 52 110 113 119 157 158 170 196 0
179 174 48 14 24 62 99 107 137 139 144 197 0
180 112 21 53 59 60 100 108 148 157 160 168 177 0
181 64 5 28 55 75 88 96 114 142 149 161 0
182 11 2 146 1 34 71 73 86 96 120 128 163 177 190 0
183 115 103 64 197 132 36 17 21 33 72 76 81 89 111 121 129 142 186 0
184 11 136 18 61 130 147 155 189 0
185 35 147 61 122 190 135 6 26 36 42 44 45 64 113 119 125 141 153 167 172 187 0
186 158 8 2 18 19 22 37 48 49 56 74 79 88 131 146 161 183 187 0
187 153 155 92 18 30 32 42 57 61 69 72 76 104 113 116 134 141 144 152 154 185 186 192 199 0
188 15 7 17 31 35 37 52 88 95 112 124 126 132 0
189 32 7 30 41 61 63 89 116 133 177 184 0
190 185 59 17 70 105 107 122 135 182 197 198 0
191 100 137 23 72 81 83 88 102 154 155 0
192 120 23 26 44 49 57 99 112 146 153 187 200 0
193 112 43 47 57 77 86 90 93 97 100 101 138 152 165 0
194 35 91 152 29 11 14 20 24 89 96 109 110 120 167 174 199 0
195 93 1 6 20 24 70 82 99 118 143 157 176 0
196 32 17 2 11 20 23 65 140 150 174 178 0
197 183 99 108 82 20 29 71 87 142 147 179 190 0
198 61 70 71 72 110 133 138 174 190 0
199 40 17 59 72 80 100 172 187 194 0
200 103 50 3 15 19 37 41 59 67 163 174 192 0

