200  2136
1 130 4 14 35 45 50 57 62 79 82 83 97 100 101 108 139 161 170 171 183 195 0
2 91 24 34 35 45 77 84 87 119 129 138 139 161 179 183 184 200 0
3 133 12 54 59 82 100 106 126 157 164 177 196 0
4 123 1 16 26 38 56 68 93 108 119 132 134 159 162 171 198 0
5 52 9 14 18 29 34 36 45 57 59 61 69 84 86 89 128 141 158 162 172 175 176 185 186 193 198 0
6 86 18 33 70 79 81 87 88 93 99 109 111 121 123 139 149 166 167 168 180 190 193 0
7 129 132 22 45 54 62 66 77 90 106 124 127 140 145 157 160 171 182 183 200 0
8 39 66 21 15 41 52 64 72 75 84 108 112 116 120 127 150 157 158 161 176 198 0
9 30 5 16 38 49 64 67 103 111 114 116 123 124 129 133 143 160 190 200 0
10 49 14 22 44 61 72 77 81 112 120 122 123 133 141 147 148 164 192 199 0
11 144 110 13 30 32 55 90 93 111 116 123 126 135 138 147 168 179 195 0
12 59 3 17 23 28 33 38 48 56 58 75 93 105 120 129 140 141 152 169 172 173 182 190 192 197 0
13 125 106 192 11 23 38 74 84 88 89 90 98 119 124 128 132 149 150 167 169 189 0
14 166 148 1 5 10 21 44 45 54 64 79 83 84 92 98 121 132 133 153 177 0
15 8 94 27 57 61 71 77 89 95 117 119 146 159 165 200 0
16 45 4 9 42 50 58 60 82 89 93 95 97 103 106 110 115 122 128 149 156 172 190 191 0
17 116 12 20 22 25 44 76 79 80 100 115 131 133 141 144 162 165 170 185 188 0
18 123 5 6 45 53 61 70 80 87 111 124 134 147 153 162 170 174 175 179 184 197 0
19 88 22 30 45 63 71 86 87 112 122 129 183 187 0
20 50 17 25 39 46 56 62 63 66 68 88 96 118 134 139 155 157 179 198 0
21 8 14 22 25 36 48 50 60 70 72 82 86 162 169 177 180 194 198 0
22 170 194 7 10 17 19 21 43 49 70 76 81 85 87 88 102 151 192 0
23 39 12 13 32 36 38 41 45 59 70 71 90 93 99 119 130 134 158 159 161 186 0
24 47 2 30 45 48 50 58 62 82 87 109 123 128 129 134 140 142 155 165 168 0
25 40 17 20 21 35 46 48 52 66 68 96 99 108 109 116 127 133 151 157 177 198 0
26 99 121 195 4 51 83 84 89 92 96 98 129 146 155 192 193 0
27 133 15 31 38 65 70 71 82 88 94 105 111 114 121 135 151 154 165 177 181 0
28 81 12 34 44 59 66 85 127 142 152 161 166 167 175 178 186 198 0
29 185 33 111 5 30 36 43 49 51 53 54 82 84 92 141 183 195 0
30 183 9 11 19 24 29 32 43 48 49 52 63 67 69 72 76 77 81 128 129 165 166 167 180 0
31 105 27 38 39 40 92 114 118 126 130 135 155 160 173 175 179 0
32 188 118 175 11 23 30 40 70 81 103 119 122 124 141 145 155 174 180 191 192 195 197 198 0
33 29 57 75 6 12 43 52 96 104 107 111 120 127 129 131 133 134 136 166 176 182 188 192 195 0
34 164 2 5 28 46 52 96 100 101 102 104 126 138 139 180 195 196 0
35 107 129 62 79 1 2 25 70 71 84 116 120 125 133 137 138 147 167 171 172 182 193 0
36 125 43 5 21 23 29 42 57 83 115 122 127 136 138 147 153 186 191 0
37 53 52 65 77 88 95 107 120 121 128 135 136 142 151 158 166 167 168 0
38 39 173 147 4 9 12 13 23 27 31 51 55 72 81 83 102 105 113 124 127 129 142 159 163 175 185 0
39 139 182 8 38 23 20 31 45 48 58 62 63 65 68 70 75 79 83 86 104 128 129 131 143 163 164 174 179 186 189 191 0
40 106 25 31 32 47 58 70 80 82 83 85 94 100 127 176 187 190 0
41 199 146 8 23 42 45 75 79 83 84 85 97 98 103 105 116 129 137 139 180 0
42 175 16 36 41 83 84 103 105 113 122 123 139 140 161 178 183 195 199 0
43 36 22 29 30 33 48 63 65 69 81 84 88 101 121 156 161 182 183 184 192 193 0
44 130 10 14 17 28 51 65 66 68 69 75 87 92 100 110 133 143 155 160 161 171 177 180 181 186 197 0
45 58 16 1 2 5 7 14 18 19 23 24 39 41 63 66 70 71 80 113 124 132 138 146 157 163 169 172 180 183 191 0
46 140 70 116 126 20 25 34 59 72 78 97 115 144 150 152 196 0
47 199 140 130 149 24 40 50 62 70 73 77 95 104 129 135 138 144 156 159 160 163 175 197 0
48 140 12 21 24 25 30 39 43 67 68 72 82 85 91 120 121 126 133 136 161 166 175 176 185 195 0
49 88 10 9 22 29 30 54 61 68 75 85 89 90 95 104 113 134 139 154 160 166 174 188 192 0
50 162 20 1 16 21 24 47 51 53 61 78 93 98 107 122 126 143 154 171 183 191 0
51 164 26 29 38 44 50 54 68 73 84 92 103 119 158 180 184 188 190 192 200 0
52 125 186 98 5 8 25 30 33 34 37 67 79 94 118 129 134 146 147 148 157 158 192 0
53 188 37 174 193 18 29 50 54 63 67 78 96 108 121 155 160 162 199 0
54 200 81 3 7 14 29 49 51 53 75 86 92 110 128 135 144 147 158 159 160 178 190 0
55 161 135 11 38 59 61 67 79 87 118 122 124 125 129 138 173 176 188 192 193 0
56 198 4 12 20 79 90 95 102 113 114 119 121 136 141 145 149 155 161 172 178 180 199 0
57 33 1 5 15 36 58 72 80 89 91 112 114 115 116 120 127 144 148 153 166 167 168 191 200 0
58 119 45 12 16 24 39 40 57 64 68 77 94 95 121 151 175 176 184 187 192 193 198 0
59 144 198 188 89 12 3 5 23 28 46 55 60 69 71 86 87 98 108 115 143 163 171 191 200 0
60 183 16 21 59 65 75 96 100 101 112 116 120 127 128 147 156 168 176 177 200 0
61 125 123 5 10 15 18 49 50 55 73 76 109 112 114 118 137 140 146 152 183 196 199 0
62 35 1 7 20 24 39 47 77 101 106 128 134 138 144 149 152 180 193 0
63 81 19 20 30 39 43 45 53 76 97 106 110 115 120 122 130 132 136 141 146 147 165 0
64 119 83 8 9 14 58 69 73 78 85 89 90 92 95 108 126 129 138 139 149 0
65 144 107 199 170 80 27 37 39 43 44 60 68 72 75 92 110 126 138 141 146 153 155 179 189 191 0
66 8 191 7 20 25 28 44 45 68 71 73 76 80 81 88 96 103 118 134 137 143 145 160 180 181 182 0
67 170 9 30 48 52 53 55 95 140 156 167 175 194 0
68 154 138 4 20 25 39 44 48 49 51 58 65 66 81 82 89 94 100 110 118 126 132 148 164 175 176 182 183 185 188 189 194 200 0
69 73 5 30 43 44 59 64 70 78 82 83 87 88 89 104 115 122 123 126 148 165 183 186 188 195 0
70 46 156 133 6 18 21 22 23 27 32 35 39 40 45 47 69 81 90 92 102 135 136 142 152 162 169 170 171 175 181 185 187 0
71 76 15 19 23 27 35 45 59 66 77 94 116 121 145 166 182 185 0
72 125 8 10 21 30 38 46 48 57 65 80 85 89 95 108 117 171 175 183 0
73 182 162 69 47 51 61 64 66 75 89 90 105 129 140 158 169 180 188 198 0
74 119 13 98 101 112 114 142 146 156 160 162 175 190 193 0
75 33 8 12 39 41 44 49 54 60 65 73 76 77 78 94 118 121 176 181 0
76 107 71 190 17 22 30 61 63 66 75 91 99 124 133 164 166 179 0
77 85 2 7 10 15 30 37 47 58 62 71 75 90 98 101 109 117 131 137 149 174 176 192 194 0
78 82 97 46 50 53 64 69 75 87 94 96 98 101 103 111 116 129 141 143 145 151 165 166 189 199 0
79 35 1 6 14 17 39 41 52 55 56 83 102 103 114 135 137 145 150 153 157 166 174 180 192 0
80 65 153 17 18 40 45 57 66 72 93 103 104 108 115 123 126 137 144 148 150 164 189 193 194 0
81 54 28 63 6 10 22 30 32 38 43 66 68 70 85 91 95 106 135 147 156 171 195 0
82 129 78 179 151 1 3 16 21 24 27 29 40 48 68 69 99 104 105 147 150 152 173 191 0
83 64 1 14 26 36 38 39 40 41 42 69 79 97 99 102 105 108 127 137 143 149 156 161 172 0
84 140 2 5 8 13 14 26 29 35 41 42 43 51 85 94 105 119 122 129 131 133 138 174 181 183 184 185 195 196 0
85 170 77 95 184 22 28 40 41 48 49 64 72 81 84 91 98 105 119 126 132 151 157 188 197 0
86 87 6 5 19 21 39 54 59 91 102 103 128 133 171 0
87 163 86 2 6 18 19 22 24 44 55 59 69 78 89 90 91 99 105 116 118 120 129 138 145 154 160 174 178 0
88 182 49 19 6 13 20 22 27 37 43 66 69 97 99 158 181 185 188 194 196 198 0
89 59 5 13 15 16 26 49 57 64 68 69 72 73 87 96 100 107 114 127 133 137 140 160 173 175 181 182 198 0
90 128 7 11 13 23 49 56 64 70 73 77 87 93 101 102 104 107 109 117 120 130 165 187 0
91 108 2 48 57 76 81 85 86 87 98 112 115 120 122 126 130 146 155 187 190 192 0
92 125 14 26 29 31 44 51 54 64 65 70 100 124 134 147 157 182 184 0
93 164 196 4 6 11 12 16 23 50 80 90 95 105 111 118 120 125 133 142 143 145 152 162 165 169 171 180 186 0
94 15 27 40 52 58 68 71 75 78 84 98 108 127 128 132 163 166 182 0
95 85 15 16 37 47 49 56 58 64 67 72 81 93 97 115 120 156 161 165 174 0
96 189 177 20 25 26 33 34 53 60 66 78 89 98 100 106 152 165 193 194 0
97 78 1 16 41 46 63 83 88 95 107 109 117 121 124 146 169 174 175 199 0
98 52 13 14 26 41 50 59 74 77 78 85 91 94 96 135 137 138 159 168 174 186 199 0
99 139 157 26 141 183 6 23 25 76 82 83 87 88 104 109 110 123 127 149 160 164 165 170 172 173 176 181 198 0
100 170 114 102 1 3 17 34 40 44 60 68 89 92 96 108 110 113 115 126 132 135 137 147 155 166 167 178 192 193 196 0
101 116 176 1 34 43 60 62 74 77 78 90 103 108 114 136 146 148 162 167 172 186 190 191 192 0
102 100 22 34 38 56 70 79 83 86 90 106 117 120 122 128 134 161 181 187 0
103 144 9 16 32 41 42 51 66 78 79 80 86 101 117 120 125 166 168 170 186 200 0
104 168 185 33 34 39 47 49 69 80 82 90 99 119 128 130 143 144 145 150 171 173 181 183 187 199 0
105 121 31 12 27 38 41 42 73 82 83 84 85 87 93 129 131 138 141 142 145 165 167 170 181 0
106 13 40 3 7 16 62 63 81 96 102 126 128 136 143 144 154 166 167 175 178 186 188 194 0
107 65 35 120 76 33 37 50 89 90 97 108 115 137 138 142 144 151 163 177 187 193 0
108 128 91 1 4 8 25 53 59 64 72 80 83 94 100 101 107 117 121 124 129 134 140 147 175 190 193 0
109 170 124 6 24 25 61 77 90 97 99 114 140 145 158 162 179 196 0
110 11 16 44 54 63 65 68 99 100 114 125 138 142 147 164 167 187 0
111 29 6 9 11 18 27 33 78 93 114 131 139 146 148 149 150 153 156 159 163 184 186 192 0
112 181 8 10 19 57 60 61 74 91 132 133 137 139 153 168 184 0
113 174 38 42 45 49 56 100 118 128 139 153 155 156 166 170 173 0
114 100 143 9 27 31 56 57 61 74 79 89 101 109 110 111 135 136 141 142 147 162 186 0
115 185 16 17 36 46 57 59 63 69 80 91 95 100 107 122 181 182 187 194 0
116 46 101 17 8 9 11 25 35 41 57 60 71 78 87 117 123 146 152 157 173 176 177 0
117 131 15 72 77 90 97 102 103 108 116 120 121 142 153 162 183 199 200 0
118 32 197 20 31 52 55 61 66 68 75 87 93 113 135 150 157 159 168 180 195 198 0
119 198 58 167 74 64 2 4 13 15 23 32 51 56 84 85 104 123 139 140 149 158 170 194 196 0
120 107 145 8 10 12 33 35 37 48 57 60 63 87 90 91 93 95 102 103 117 122 136 146 162 163 174 177 195 0
121 26 105 150 6 14 27 37 43 48 53 56 58 71 75 97 108 117 122 138 144 167 172 175 182 184 186 0
122 142 10 16 19 32 36 42 50 55 63 69 84 91 102 115 120 121 125 133 146 180 182 187 0
123 61 4 18 6 9 10 11 24 42 69 80 99 116 119 129 131 132 136 152 163 185 196 199 0
124 109 7 9 13 18 32 38 45 55 76 92 97 108 126 136 140 153 156 162 184 188 196 199 0
125 170 52 13 92 36 61 72 35 55 93 103 110 122 141 162 190 196 199 0
126 46 3 11 31 34 48 50 64 65 68 69 80 85 91 100 106 124 129 146 152 160 167 178 185 187 196 0
127 200 7 8 25 28 33 36 38 40 57 60 83 89 94 99 128 134 148 149 158 162 163 164 176 190 0
128 170 108 90 5 13 16 24 30 37 39 54 60 62 86 94 102 104 106 113 127 132 156 168 172 173 174 183 191 196 0
129 35 7 200 82 2 9 12 19 24 26 30 33 38 39 41 47 52 55 64 73 78 84 87 105 108 123 126 132 144 149 184 190 0
130 47 1 44 23 31 63 90 91 104 133 139 155 0
131 186 117 17 33 39 77 84 105 111 123 146 151 166 181 188 0
132 7 4 13 14 45 63 68 85 94 100 112 123 128 129 137 149 178 179 184 186 194 196 0
133 70 3 27 9 10 14 17 25 33 35 44 48 76 84 86 89 93 112 122 130 142 143 154 161 162 167 169 0
134 139 181 4 18 20 23 24 33 49 52 62 66 92 102 108 127 138 150 172 177 186 187 195 0
135 55 11 27 31 37 47 54 70 79 81 98 100 114 118 149 163 193 0
136 159 33 36 37 48 56 63 70 101 106 114 120 123 124 151 160 162 170 172 182 184 186 189 192 200 0
137 140 35 41 61 66 77 79 80 83 89 98 100 107 112 132 156 176 185 188 0
138 68 2 11 34 35 36 45 47 55 62 64 65 84 87 98 105 107 110 121 134 142 154 162 169 180 188 198 0
139 144 39 99 134 171 1 2 6 20 34 41 42 49 64 111 112 113 119 130 152 155 156 161 170 0
140 47 46 163 84 48 137 7 12 24 42 61 67 73 89 108 109 119 124 165 170 178 193 196 0
141 99 5 10 12 17 29 32 56 63 65 78 105 114 125 151 154 155 174 182 189 192 0
142 170 122 24 28 37 38 70 74 93 105 107 110 114 117 133 138 149 172 173 174 178 199 0
143 114 9 39 44 50 59 66 78 83 93 104 106 133 144 154 157 162 186 190 198 0
144 11 59 65 139 161 166 103 17 46 47 54 57 62 80 104 106 107 121 129 143 159 167 200 0
145 120 165 7 32 56 66 71 78 79 87 93 104 105 109 154 161 174 177 183 184 190 191 193 0
146 41 15 26 45 52 61 63 65 74 91 97 101 111 116 120 122 126 131 160 163 166 183 189 0
147 38 10 11 18 35 36 52 54 60 63 81 82 92 100 108 110 114 159 160 161 190 200 0
148 14 10 52 57 68 69 80 101 111 127 168 170 0
149 47 6 13 16 56 62 64 77 83 99 111 119 127 129 132 135 142 163 167 173 183 0
150 121 8 13 46 79 80 82 104 111 118 134 163 190 199 0
151 82 22 25 27 37 58 78 85 107 131 136 141 156 163 168 183 197 0
152 182 12 28 46 61 62 70 82 93 96 116 123 126 139 157 159 169 200 0
153 80 14 18 36 57 65 79 111 112 113 117 124 187 190 191 0
154 182 68 27 49 50 87 106 133 138 141 143 145 190 193 0
155 157 20 24 26 31 32 44 53 56 65 91 100 113 130 139 141 156 160 162 168 170 172 173 187 188 0
156 70 16 43 47 60 67 74 81 83 95 111 113 124 128 137 139 151 155 168 175 176 192 0
157 99 164 155 3 7 8 20 25 45 52 79 85 92 116 118 143 152 188 195 197 0
158 161 5 8 23 37 51 52 54 73 88 109 119 127 162 167 180 189 191 0
159 168 136 4 15 23 38 47 54 98 111 118 144 147 152 166 180 182 190 197 0
160 199 7 9 31 44 47 49 53 54 66 74 87 89 99 126 136 146 147 155 161 172 186 187 0
161 144 158 55 1 2 8 23 28 42 43 44 48 56 83 95 102 133 139 145 147 160 166 174 180 188 0
162 73 50 178 4 5 17 18 21 53 70 74 93 101 109 114 117 120 124 125 127 133 136 138 143 155 158 165 166 172 177 190 0
163 140 87 38 39 45 47 59 94 107 111 120 123 127 135 146 149 150 151 176 177 183 186 190 192 199 200 0
164 157 51 93 34 3 10 39 68 76 80 99 110 127 172 176 185 0
165 145 15 17 24 27 30 63 69 78 90 93 95 96 99 105 140 162 169 180 181 191 194 0
166 144 14 6 28 30 33 37 48 49 57 71 76 78 79 94 100 103 106 113 131 146 159 161 162 180 0
167 119 6 13 28 30 35 37 57 67 100 101 105 106 110 121 126 133 144 149 158 173 178 186 191 0
168 170 104 159 6 11 24 37 57 60 98 103 112 118 128 148 151 155 156 175 178 182 0
169 172 12 13 21 45 70 73 93 97 133 138 152 165 197 0
170 65 168 128 125 67 142 22 85 100 109 1 17 18 70 99 103 105 113 119 136 139 140 148 155 186 200 0
171 139 1 4 7 35 44 50 59 70 72 81 86 93 104 179 0
172 183 169 5 12 16 35 45 56 83 99 101 121 128 134 136 142 155 160 162 164 176 0
173 38 12 31 55 82 89 99 104 113 116 128 142 149 155 167 178 181 184 197 198 0
174 53 113 18 32 39 49 77 79 84 87 95 97 98 120 128 141 142 145 161 175 194 0
175 32 42 5 18 28 31 38 47 48 58 67 68 70 72 74 89 97 106 108 121 156 168 174 180 183 185 0
176 101 187 5 8 33 40 48 55 58 60 68 75 77 99 116 127 137 156 163 164 172 179 184 192 0
177 96 3 14 21 25 27 44 60 107 116 120 134 145 162 163 199 0
178 162 28 42 54 56 87 100 106 126 132 140 142 167 168 173 187 0
179 82 2 11 18 20 31 39 65 76 109 132 171 176 184 190 195 0
180 191 6 21 30 32 34 41 44 45 51 56 62 66 73 79 93 118 122 138 158 159 161 165 166 175 189 0
181 134 112 27 44 66 70 75 84 88 89 99 102 104 105 115 131 165 173 187 199 0
182 39 88 73 154 152 7 12 33 35 43 66 68 71 89 92 94 115 121 122 136 141 159 168 188 193 198 199 0
183 99 30 60 172 1 2 7 19 29 42 43 45 50 61 68 69 72 84 104 117 128 145 146 149 151 163 175 184 194 200 0
184 85 2 18 43 51 58 84 92 111 112 121 124 129 132 136 145 173 176 179 183 194 0
185 104 29 115 5 17 38 48 68 70 71 84 88 123 126 137 164 175 186 189 195 0
186 52 131 5 23 28 36 39 44 69 93 98 101 103 106 111 114 121 132 134 136 143 160 163 167 170 185 0
187 176 19 40 58 70 90 91 102 104 107 110 115 122 126 134 153 155 160 178 181 191 193 0
188 59 53 32 17 33 49 51 55 68 69 73 85 88 106 124 131 137 138 155 157 161 182 190 198 0
189 198 96 13 39 65 68 78 80 136 141 146 158 180 185 195 0
190 76 6 9 12 16 40 51 54 74 91 101 108 125 127 129 143 145 147 150 153 154 159 162 163 179 188 193 0
191 66 180 16 32 36 39 45 50 57 59 65 82 101 128 145 153 158 165 167 187 195 0
192 13 10 12 22 26 32 33 43 49 51 52 55 58 77 79 91 100 101 111 136 141 156 163 176 0
193 53 5 6 26 35 43 55 58 62 74 80 96 100 107 108 135 140 145 154 182 187 190 194 200 0
194 22 21 67 68 77 80 88 96 106 115 119 132 165 174 183 184 193 0
195 26 1 11 29 32 33 34 42 48 69 81 84 118 120 134 157 179 185 189 191 0
196 93 3 34 46 61 84 88 100 109 119 123 124 125 126 128 132 140 199 0
197 118 12 18 32 44 47 85 151 157 159 169 173 0
198 59 119 56 189 4 5 8 20 21 25 28 32 58 73 88 89 99 118 138 143 173 182 188 0
199 65 47 41 160 10 42 53 56 61 78 97 98 104 117 123 124 125 142 150 163 177 181 182 196 0
200 129 54 127 2 7 9 15 51 57 59 60 68 103 117 136 144 147 152 163 170 183 193 0

