200  294
1 53 24 75 190 116 165 81 98 121 0
2 37 157 0
3 65 96 0
4 28 84 162 189 0
5 195 101 172 0
6 76 9 134 150 181 30 12 32 45 72 171 0
7 92 0
8 142 39 0
9 6 26 29 136 142 0
10 65 159 0
11 29 0
12 54 120 115 6 33 193 0
13 142 192 102 139 0
14 165 52 163 173 0
15 177 0
16 179 0
17 126 85 0
18 160 62 122 19 83 147 0
19 27 57 18 140 0
20 79 123 129 169 0
21 88 168 0
22 177 170 0
23 171 200 0
24 1 77 68 0
25 130 94 0
26 9 79 45 90 0
27 103 19 67 0
28 160 132 4 189 138 0
29 9 11 167 137 0
30 6 91 118 0
31 44 0
32 76 111 6 0
33 159 87 12 71 179 0
34 128 90 0
35 179 114 0
36 82 119 0
37 54 60 2 0
38 148 160 0
39 151 8 43 144 197 0
40 128 106 0
41 78 0
42 99 0
43 143 39 0
44 177 31 0
45 26 101 6 0
46 66 0
47 138 103 132 150 0
48 132 89 0
49 162 129 0
50 153 0
51 57 0
52 14 112 0
53 76 1 171 166 71 159 133 0
54 166 109 12 37 176 0
55 144 158 171 199 0
56 189 105 151 167 0
57 19 51 0
58 194 0
59 71 0
60 37 195 0
61 67 0
62 18 0
63 129 73 75 0
64 151 141 0
65 144 10 178 102 187 3 121 0
66 128 74 46 96 148 0
67 71 61 27 0
68 155 24 165 0
69 179 72 129 0
70 130 78 0
71 53 67 161 100 59 33 0
72 69 6 0
73 63 0
74 66 0
75 1 63 127 0
76 160 53 177 162 6 142 32 0
77 24 110 104 0
78 70 41 0
79 26 88 155 20 0
80 195 0
81 1 199 170 106 0
82 132 163 36 0
83 185 164 136 18 0
84 4 92 0
85 103 17 115 0
86 179 140 153 0
87 33 0
88 79 21 157 0
89 48 168 0
90 161 26 34 0
91 30 131 127 0
92 84 7 198 146 0
93 107 0
94 25 0
95 162 143 0
96 3 66 0
97 107 143 185 0
98 1 150 154 0
99 156 42 0
100 71 0
101 45 5 0
102 65 108 13 146 0
103 177 85 27 158 47 0
104 155 77 0
105 56 0
106 169 117 40 81 147 0
107 123 144 151 148 130 114 135 97 93 0
108 102 138 140 0
109 54 197 180 141 0
110 77 125 0
111 32 0
112 160 169 185 154 125 52 124 0
113 167 172 0
114 107 35 0
115 12 85 0
116 1 136 169 0
117 106 195 0
118 30 196 0
119 36 121 0
120 12 0
121 142 1 65 119 0
122 18 0
123 143 107 126 188 20 0
124 141 184 186 112 0
125 112 110 0
126 123 17 0
127 140 75 91 0
128 155 66 34 40 151 0
129 49 63 20 69 0
130 107 25 70 0
131 91 140 195 0
132 28 82 147 48 47 0
133 53 0
134 6 153 145 159 0
135 107 191 0
136 83 182 9 116 0
137 29 175 0
138 108 47 28 0
139 194 13 0
140 142 127 193 19 86 108 131 0
141 64 124 109 0
142 76 13 121 8 140 9 0
143 160 123 156 43 95 97 0
144 107 65 55 39 0
145 134 0
146 183 92 102 0
147 132 18 106 0
148 107 38 66 0
149 195 0
150 6 47 98 0
151 107 64 39 56 128 0
152 179 0
153 134 50 86 0
154 112 98 0
155 79 104 128 68 0
156 143 196 99 0
157 88 2 0
158 103 55 0
159 53 33 174 10 134 0
160 76 28 143 112 18 38 164 0
161 71 90 0
162 76 95 49 4 0
163 82 14 0
164 83 160 0
165 1 14 68 0
166 53 54 0
167 29 113 56 176 0
168 21 89 183 0
169 112 194 179 106 20 116 0
170 81 22 0
171 53 183 23 6 55 0
172 113 5 183 0
173 196 14 0
174 159 0
175 137 0
176 190 54 167 0
177 76 103 44 22 15 0
178 65 0
179 169 152 86 35 16 69 33 0
180 109 0
181 6 0
182 136 0
183 171 146 168 172 190 198 0
184 124 0
185 112 83 97 0
186 124 195 0
187 65 0
188 123 0
189 28 56 4 0
190 1 176 183 0
191 135 0
192 13 0
193 140 12 0
194 169 58 139 0
195 117 5 80 149 60 131 186 0
196 156 173 118 0
197 109 39 0
198 92 183 0
199 81 55 0
200 23 0

