200  2183
1 26 3 10 25 27 46 53 57 66 70 87 88 150 172 173 180 187 191 192 0
2 144 11 26 30 38 49 58 64 71 74 108 114 117 118 121 135 139 145 147 152 157 169 175 189 193 0
3 5 107 1 6 14 18 20 23 28 33 38 54 60 76 93 94 100 106 121 124 133 134 138 139 157 169 183 0
4 57 167 28 10 18 25 26 30 34 36 38 50 90 94 111 119 132 137 147 152 162 165 166 174 191 198 0
5 60 3 9 21 22 34 37 61 62 73 84 88 97 99 105 108 117 119 120 142 143 144 159 162 184 185 187 0
6 61 3 65 72 74 84 101 103 122 131 133 135 138 146 158 168 187 190 195 0
7 198 25 11 16 36 37 39 91 93 100 109 111 113 120 125 129 157 164 167 186 0
8 78 9 14 29 38 45 62 64 67 69 75 76 83 115 120 136 179 199 0
9 148 5 8 14 18 24 47 71 87 91 97 98 104 168 179 183 194 0
10 54 85 76 164 1 4 21 22 50 55 75 90 104 108 128 129 141 145 147 182 0
11 186 117 195 48 2 7 24 26 38 75 103 121 134 135 138 139 152 167 170 173 196 0
12 159 19 30 45 56 62 95 138 146 152 156 167 169 180 189 0
13 148 40 35 38 45 48 49 54 69 74 85 87 95 97 106 125 126 137 141 143 149 160 179 199 0
14 133 3 8 9 18 23 33 39 51 54 58 60 82 104 109 119 130 132 139 152 173 180 194 195 0
15 95 25 30 38 45 46 70 76 93 103 108 111 117 120 0
16 138 30 162 139 7 20 28 31 35 41 85 90 95 98 108 109 117 130 140 149 163 0
17 134 30 31 42 64 86 90 92 111 113 122 132 151 158 159 172 177 181 191 0
18 63 3 4 9 14 43 49 64 65 76 124 136 158 160 165 168 171 172 174 176 192 0
19 63 109 98 62 12 20 31 34 36 73 87 88 94 101 102 124 126 128 132 134 135 138 144 152 157 160 168 172 199 0
20 61 3 16 19 39 44 46 48 50 69 75 76 94 98 132 139 141 174 178 179 184 200 0
21 70 5 10 56 75 102 108 111 134 154 155 159 162 170 178 185 187 188 190 196 0
22 56 5 10 23 36 66 92 95 99 100 119 123 133 135 158 167 172 184 190 0
23 110 111 182 31 3 14 22 41 43 50 65 87 89 98 100 116 123 137 149 170 197 0
24 123 9 11 27 44 89 92 99 103 106 113 119 128 155 158 161 180 187 190 194 0
25 7 1 4 15 41 43 45 54 58 61 84 85 128 151 153 158 160 162 170 172 174 184 187 0
26 138 102 136 198 55 1 2 4 11 31 48 53 67 82 86 97 100 148 194 0
27 184 1 24 51 53 65 70 81 90 102 107 113 126 134 135 140 155 157 162 166 183 187 199 0
28 4 116 3 16 33 34 38 57 66 84 102 106 107 110 125 135 144 165 175 180 181 185 0
29 30 8 50 54 59 77 78 89 92 105 137 139 143 144 145 172 189 191 194 0
30 16 101 29 2 4 12 15 17 39 42 60 113 127 130 133 145 148 152 153 155 162 175 179 181 193 0
31 23 16 17 19 26 32 68 71 91 96 102 112 113 116 119 122 136 174 183 187 190 0
32 194 185 125 74 129 31 54 61 62 71 75 86 88 89 112 127 134 136 166 170 177 0
33 70 152 176 142 3 14 28 51 53 57 78 109 117 119 122 124 133 145 154 157 163 179 181 183 190 191 197 198 0
34 111 71 4 5 19 28 38 49 50 66 89 97 108 110 118 119 131 142 158 163 164 165 195 197 0
35 13 16 45 63 73 78 83 86 90 99 106 121 128 171 173 175 179 183 189 191 198 200 0
36 140 4 7 19 22 53 54 59 67 89 91 105 130 134 135 143 161 177 179 184 188 192 0
37 70 5 7 43 46 50 65 72 78 79 106 111 122 140 144 147 150 151 166 168 185 199 0
38 151 2 3 4 8 11 13 15 28 34 58 62 63 65 67 83 89 92 109 111 123 129 135 138 155 156 157 161 170 171 177 179 193 196 199 0
39 191 7 14 20 30 53 57 80 81 95 97 100 104 119 139 143 144 155 157 171 173 0
40 13 62 70 72 78 79 93 104 158 159 181 186 0
41 138 16 23 25 43 89 90 93 113 135 140 148 151 165 185 188 198 0
42 154 59 80 17 30 52 53 67 72 79 88 99 101 110 115 118 141 143 144 149 150 157 163 172 183 191 193 0
43 193 18 23 25 37 41 52 54 58 64 66 74 95 103 105 118 120 121 129 132 138 139 162 165 197 0
44 198 193 178 140 106 47 68 20 24 50 60 76 77 107 116 121 124 129 141 151 177 192 0
45 194 8 12 13 15 25 35 55 88 90 93 105 111 127 132 154 157 164 170 171 172 184 197 198 0
46 55 87 1 15 20 37 50 56 61 62 65 83 88 111 120 137 145 161 176 192 193 196 0
47 44 84 9 53 78 80 86 103 114 118 124 137 142 173 187 189 191 0
48 11 13 20 26 55 62 67 87 94 98 115 125 129 135 140 147 157 164 172 183 185 0
49 178 2 13 18 34 60 86 88 91 100 132 137 150 155 165 187 191 0
50 155 122 4 10 20 23 29 34 37 44 46 64 68 72 81 82 85 93 107 108 121 125 127 130 134 136 157 159 167 173 189 190 196 0
51 124 179 14 27 33 54 58 61 64 78 83 110 111 117 129 147 166 168 169 173 180 188 190 0
52 186 200 42 43 59 71 75 77 78 87 91 97 125 129 136 138 156 163 164 170 194 0
53 136 1 26 27 33 36 39 42 47 67 70 72 78 97 103 123 131 137 145 182 0
54 102 10 3 13 14 25 29 32 36 43 51 59 71 74 83 92 97 135 180 187 188 198 0
55 26 46 10 45 48 72 81 104 146 147 151 165 172 0
56 144 22 12 21 46 63 71 81 91 98 99 107 122 123 149 151 153 163 164 174 178 183 200 0
57 186 123 4 1 28 33 39 58 66 80 116 120 127 130 136 139 167 173 184 0
58 194 2 14 25 38 43 51 57 64 65 113 126 135 139 145 152 153 154 163 175 176 181 190 0
59 42 29 36 52 54 61 77 85 95 107 116 119 129 144 152 166 178 179 190 194 0
60 136 5 115 166 153 3 14 30 44 49 65 73 79 80 85 87 105 113 114 116 128 145 152 155 163 183 196 0
61 133 20 6 130 5 25 32 46 51 59 62 64 84 91 106 107 109 127 134 148 154 158 191 193 0
62 19 5 8 12 32 38 40 46 48 61 73 75 81 89 90 109 114 119 127 139 140 144 152 156 170 180 183 0
63 90 19 18 35 38 56 68 97 105 106 134 137 138 144 150 168 178 183 191 196 0
64 109 2 8 17 18 43 50 51 58 61 79 85 111 126 135 137 141 157 162 170 188 195 0
65 125 6 18 23 27 37 38 46 58 60 76 90 97 105 109 113 115 137 150 158 165 171 185 193 196 200 0
66 105 1 22 28 34 43 57 86 92 98 106 109 119 122 131 158 161 166 171 181 196 0
67 186 8 26 36 38 42 48 53 76 79 85 96 98 106 115 125 134 136 150 155 159 164 174 192 0
68 44 197 31 50 63 72 94 116 123 142 148 153 155 156 167 192 0
69 75 8 13 20 76 84 104 114 117 121 128 132 134 144 165 172 186 192 0
70 112 21 33 135 37 1 15 27 40 53 71 84 101 102 109 116 138 151 160 193 194 0
71 34 2 9 31 32 52 54 56 70 98 102 134 140 152 153 154 156 162 163 182 0
72 194 6 37 40 42 50 53 55 68 74 96 97 102 106 120 124 129 131 135 145 153 154 169 180 195 197 0
73 138 110 90 151 104 5 19 35 60 62 87 93 107 132 133 153 155 156 157 159 185 194 0
74 32 120 2 6 13 43 54 72 95 116 117 118 142 150 156 166 169 173 184 191 194 0
75 141 69 8 10 11 20 21 32 52 62 102 147 165 0
76 10 3 8 15 18 20 44 65 67 69 88 109 112 113 123 125 151 152 165 176 0
77 155 170 29 44 52 59 81 87 91 98 116 120 127 149 151 154 160 161 172 177 0
78 138 8 127 29 33 35 37 40 47 51 52 53 79 90 99 115 118 124 137 141 142 147 159 169 172 175 189 190 194 0
79 106 37 40 42 60 64 67 78 84 88 113 123 126 128 144 173 180 187 189 196 0
80 42 39 47 57 60 94 99 118 121 140 148 151 154 168 169 177 178 180 0
81 135 27 39 50 55 56 62 77 106 107 111 120 125 128 134 142 152 154 184 199 0
82 181 14 26 50 93 97 99 131 139 176 193 199 0
83 171 96 8 35 38 46 51 54 115 155 157 170 180 195 0
84 47 5 6 25 28 61 69 70 79 97 117 119 137 140 147 159 161 172 192 0
85 10 13 16 25 50 59 60 64 67 118 125 134 135 142 163 181 182 185 188 0
86 157 17 26 32 35 47 49 66 93 126 140 150 160 0
87 46 1 9 13 19 23 48 52 60 73 77 100 109 130 135 138 144 156 158 159 186 187 0
88 141 1 5 19 32 42 45 46 49 76 79 91 101 104 124 147 151 160 163 165 0
89 167 23 24 29 32 34 36 38 41 62 100 102 111 119 120 127 146 150 154 185 197 198 0
90 73 112 131 63 4 10 16 17 27 35 41 45 62 65 78 96 100 101 114 118 122 127 132 133 139 144 154 155 166 167 171 173 178 179 198 199 0
91 169 165 7 9 31 36 49 52 56 61 77 88 95 103 105 118 129 136 137 141 161 0
92 195 17 22 24 29 38 54 66 100 106 131 136 143 155 157 180 192 0
93 125 3 7 15 40 41 45 50 73 82 86 108 110 115 118 121 123 158 164 188 192 195 200 0
94 198 3 4 19 20 48 68 80 100 113 114 123 129 133 136 137 150 163 175 181 183 186 188 0
95 176 15 12 13 16 22 39 43 59 74 91 101 103 105 119 123 134 141 146 150 157 158 164 173 194 0
96 83 31 67 72 90 120 161 166 0
97 140 5 9 13 26 34 39 52 53 54 63 65 72 82 84 101 105 106 108 110 172 174 184 185 0
98 19 9 16 20 23 48 56 66 67 71 77 105 109 119 155 156 162 176 189 199 200 0
99 193 5 22 24 35 42 56 78 80 82 104 110 115 129 131 140 147 150 153 154 176 183 186 0
100 110 3 7 22 23 26 39 49 87 89 90 92 94 122 145 149 150 164 0
101 30 6 19 42 70 88 90 95 97 113 120 129 136 146 156 162 163 187 195 0
102 26 54 19 21 27 28 31 70 71 72 75 89 103 116 140 164 165 173 178 180 185 187 0
103 141 177 6 11 15 24 43 47 53 91 95 102 105 120 133 161 181 195 197 0
104 73 9 10 14 39 40 55 69 88 99 127 141 143 146 165 188 190 194 200 0
105 136 159 66 180 5 29 36 43 45 60 63 65 91 95 97 98 103 106 111 113 114 116 129 140 146 151 156 160 161 187 191 193 198 0
106 44 79 3 13 24 28 35 37 61 63 66 67 72 81 92 97 105 133 147 149 174 178 189 195 198 0
107 3 27 28 44 50 56 59 61 73 81 122 128 129 136 158 172 175 180 0
108 199 2 5 10 15 16 21 34 50 93 97 112 124 129 147 157 162 177 178 189 0
109 19 64 7 14 16 33 38 61 62 65 66 70 76 87 98 110 113 114 119 134 139 145 164 169 172 176 0
110 73 23 175 132 100 28 34 42 51 93 97 99 109 112 125 129 153 178 179 195 197 198 0
111 23 124 174 187 34 4 7 15 17 21 37 38 45 46 51 64 81 89 105 118 119 130 132 139 156 163 164 166 188 196 0
112 90 70 31 32 76 108 110 115 119 132 134 149 167 169 172 192 0
113 150 7 17 24 27 30 31 41 58 60 65 76 79 94 101 105 109 116 144 156 157 163 181 182 199 0
114 128 2 47 60 62 69 90 94 105 109 117 120 133 140 147 148 150 151 163 170 182 184 187 190 199 0
115 60 191 196 8 42 48 65 67 78 83 93 99 112 117 126 131 135 143 164 165 186 0
116 28 23 31 44 57 59 60 68 70 74 77 102 105 113 126 140 176 0
117 11 189 168 118 2 5 15 16 33 51 69 74 84 114 115 122 126 127 137 156 158 161 166 171 177 0
118 117 190 2 34 42 43 47 74 78 80 85 90 91 93 111 120 140 141 148 161 173 0
119 148 4 5 14 22 24 31 33 34 39 59 62 66 84 89 95 98 109 111 112 120 125 163 188 196 0
120 74 5 7 8 15 43 46 57 72 77 81 89 96 101 103 114 118 119 137 142 156 176 0
121 182 2 3 11 35 43 44 50 69 80 93 122 137 161 172 188 195 0
122 50 6 17 31 33 37 56 66 90 100 107 117 121 126 129 130 131 154 157 168 184 195 0
123 57 24 192 22 23 38 53 56 68 76 79 93 94 95 127 152 158 159 160 164 167 170 177 180 185 189 191 196 0
124 111 51 3 18 19 33 44 47 72 78 88 108 126 129 150 155 180 182 194 196 197 0
125 32 171 65 93 188 7 13 28 48 50 52 67 76 81 85 110 119 128 134 155 173 180 184 190 197 0
126 168 13 19 27 58 64 79 86 115 116 117 122 124 132 139 143 150 154 158 173 189 0
127 78 30 32 45 50 57 61 62 77 89 90 104 117 123 136 139 140 142 155 162 164 169 182 195 200 0
128 143 114 10 19 24 25 35 60 69 79 81 107 125 161 164 186 187 193 0
129 32 7 10 38 43 44 48 51 52 59 72 91 94 99 101 105 107 108 110 122 124 138 142 143 158 164 181 186 0
130 61 14 16 30 36 50 57 87 111 122 131 150 184 185 0
131 90 6 34 53 66 72 82 92 99 115 122 130 138 139 180 181 185 187 196 197 198 200 0
132 110 4 14 17 19 20 43 45 49 69 73 90 111 112 126 135 140 163 177 184 185 187 188 0
133 138 156 61 14 3 6 22 30 33 73 90 94 103 106 114 134 144 148 149 154 172 193 0
134 155 17 161 3 11 19 21 27 32 36 50 61 63 67 69 71 81 85 95 109 112 125 133 145 150 170 174 178 182 200 0
135 70 145 81 2 6 11 19 22 27 28 36 38 41 48 54 58 64 72 85 87 115 132 138 141 160 181 196 0
136 26 155 53 105 154 60 8 18 31 32 50 52 57 67 91 92 94 101 107 127 142 152 181 187 0
137 151 183 4 13 23 29 46 47 49 53 63 64 65 78 84 91 94 117 120 121 142 143 144 154 157 159 166 170 174 199 0
138 73 194 26 186 78 184 16 133 41 3 6 11 12 19 38 43 52 63 70 87 129 131 135 156 160 167 176 193 199 0
139 16 2 3 11 14 20 29 39 43 57 58 62 82 90 109 111 126 127 131 140 178 181 182 191 195 199 0
140 44 97 199 36 172 16 27 37 41 48 62 71 80 84 86 99 102 105 114 116 118 127 132 139 159 166 168 169 200 0
141 175 75 88 103 10 13 20 42 44 64 78 91 95 104 118 135 146 168 171 189 190 0
142 33 5 34 47 68 74 78 81 85 120 127 129 136 137 163 171 182 190 0
143 194 128 5 13 29 36 39 42 92 104 115 126 129 137 150 184 188 192 196 0
144 151 2 56 5 19 28 29 37 39 42 59 62 63 69 79 87 90 113 133 137 161 175 180 197 0
145 135 157 2 10 29 30 33 46 53 58 60 72 100 109 134 152 163 165 179 183 190 191 0
146 200 6 12 55 89 95 101 104 105 141 181 182 192 196 0
147 159 2 4 10 37 48 51 55 75 78 84 88 99 106 108 114 153 164 172 175 194 199 0
148 185 13 119 9 26 30 41 61 68 80 114 118 133 161 168 170 177 187 191 193 194 196 0
149 152 13 16 23 42 56 77 100 106 112 133 157 158 163 166 184 187 0
150 182 113 1 37 42 49 63 65 67 74 86 89 94 95 99 100 114 124 126 130 134 143 163 171 177 179 0
151 73 144 38 137 17 25 37 41 44 55 56 70 76 77 80 88 105 114 154 155 159 184 187 0
152 33 149 2 4 11 12 14 19 30 58 59 60 62 71 76 81 123 136 145 154 155 170 173 180 0
153 60 25 30 56 58 68 71 72 73 99 110 147 169 176 0
154 136 42 21 33 45 58 61 71 72 77 80 81 89 90 99 122 126 133 137 151 152 156 158 171 176 178 197 198 0
155 136 77 134 50 21 24 27 30 38 39 49 60 67 68 73 83 90 92 98 124 125 127 151 152 173 178 181 187 0
156 133 12 38 52 62 68 71 73 74 87 98 101 105 111 113 117 120 138 154 170 183 185 189 0
157 145 86 2 3 7 19 27 33 38 39 42 45 48 50 64 73 83 92 95 108 113 122 137 149 159 167 176 182 188 194 0
158 184 6 17 18 22 24 25 34 40 61 65 66 87 93 95 107 117 123 126 129 149 154 169 181 0
159 105 147 12 5 17 21 40 50 67 73 78 84 87 123 137 140 151 157 170 186 0
160 194 13 18 19 25 70 77 86 88 105 123 135 138 172 191 200 0
161 134 24 36 38 46 66 77 84 91 96 103 105 117 118 121 128 144 148 168 169 183 0
162 16 4 5 21 25 27 30 43 64 71 98 101 108 127 172 175 177 183 190 192 197 198 200 0
163 176 16 33 34 42 52 56 58 60 71 85 88 94 101 111 113 114 119 132 142 145 149 150 166 169 175 179 0
164 10 7 34 45 48 52 56 67 93 95 100 102 109 111 115 123 127 128 129 147 194 0
165 91 4 18 28 34 41 43 49 55 65 69 75 76 88 102 104 115 145 171 172 175 182 188 0
166 60 4 27 32 37 51 59 66 74 90 96 111 117 137 140 149 163 177 192 0
167 4 89 7 11 12 22 50 57 68 90 112 123 138 157 168 192 194 195 0
168 117 126 6 9 18 19 37 51 63 80 122 140 141 148 161 167 0
169 175 91 2 3 12 51 72 74 78 80 109 112 127 140 153 158 161 163 170 179 180 181 183 187 195 0
170 77 11 21 23 25 32 38 45 52 62 64 83 114 123 134 137 148 152 156 159 169 184 194 198 0
171 125 83 18 35 38 39 45 65 66 90 117 141 142 150 154 165 176 181 195 200 0
172 140 1 17 18 19 22 25 29 42 45 48 55 69 77 78 84 97 107 109 112 121 133 147 160 162 165 176 200 0
173 186 1 11 14 35 39 47 50 51 57 74 79 90 95 102 118 125 126 152 155 195 0
174 111 4 18 20 25 31 56 67 97 106 134 137 0
175 110 169 141 2 28 30 35 58 78 94 107 144 147 162 163 165 194 0
176 33 163 95 18 46 58 76 82 98 99 109 116 120 138 153 154 157 171 172 183 0
177 103 17 32 36 38 44 77 80 108 117 123 132 148 150 162 166 186 187 193 196 0
178 44 49 20 21 56 59 63 80 90 102 106 108 110 134 139 154 155 0
179 51 8 9 13 20 30 33 35 36 38 59 90 110 145 150 163 169 182 189 0
180 105 1 12 14 24 28 51 54 62 72 79 80 83 92 102 107 123 124 125 131 144 152 169 190 199 0
181 194 82 17 28 30 33 40 58 66 85 94 103 113 129 131 135 136 139 146 155 158 169 171 187 197 0
182 23 150 121 10 53 71 85 113 114 124 127 134 139 142 146 157 165 179 183 185 186 196 198 0
183 137 3 9 27 31 33 35 42 48 56 60 62 63 94 99 145 156 161 162 169 176 182 188 189 200 0
184 138 158 27 5 20 22 25 36 45 57 74 81 97 114 122 125 130 132 143 149 151 170 188 195 0
185 32 148 5 21 28 37 41 48 65 73 85 89 97 102 123 130 131 132 156 182 188 0
186 138 11 57 173 52 67 7 40 69 87 94 99 115 128 129 159 177 182 0
187 111 1 5 6 21 24 25 27 31 47 49 54 79 87 101 102 105 114 128 131 132 136 148 149 151 155 169 177 181 189 196 200 0
188 125 21 36 41 51 54 64 85 93 94 104 111 119 121 132 143 157 165 183 184 185 194 195 198 0
189 117 2 12 29 35 47 50 78 79 98 106 108 123 126 141 156 179 183 187 192 195 0
190 118 6 21 22 24 31 33 50 51 58 59 78 104 114 125 141 142 145 162 180 0
191 115 39 1 4 17 29 33 35 42 47 49 61 63 74 105 123 139 145 148 160 0
192 123 1 18 36 44 46 67 68 69 84 92 93 112 143 146 162 166 167 189 0
193 44 43 99 2 30 38 42 46 61 65 70 82 105 128 133 138 148 177 196 199 0
194 138 32 143 181 160 45 58 72 9 14 24 26 29 52 59 70 73 74 78 95 104 124 147 148 157 164 167 170 175 188 196 0
195 11 92 6 14 34 64 72 83 93 101 103 106 110 121 122 127 139 167 169 171 173 184 188 189 0
196 115 11 21 38 46 50 60 63 65 66 79 111 119 123 124 131 135 143 146 148 177 182 187 193 194 197 0
197 68 23 33 34 43 45 72 89 103 110 124 125 131 144 154 162 181 196 0
198 26 44 94 7 4 33 35 41 45 54 89 90 105 106 110 131 154 162 170 182 188 0
199 140 108 8 13 19 27 37 38 81 82 90 98 113 114 137 138 139 147 180 193 200 0
200 52 146 20 35 56 65 93 98 104 127 131 134 140 160 162 171 172 183 187 199 0

