200  313
1 16 182 0
2 15 10 103 151 0
3 185 108 174 165 175 0
4 161 54 0
5 36 69 170 0
6 61 143 0
7 42 27 65 96 0
8 70 154 0
9 54 0
10 2 0
11 84 129 0
12 43 75 111 0
13 51 0
14 59 76 0
15 124 163 143 2 136 0
16 35 1 67 0
17 69 29 24 191 161 0
18 125 182 0
19 190 0
20 150 0
21 50 41 180 0
22 117 0
23 90 30 42 0
24 17 160 120 131 0
25 189 177 0
26 68 198 60 82 0
27 68 197 7 0
28 36 104 132 0
29 17 170 62 47 46 88 0
30 172 173 23 40 0
31 117 116 0
32 154 128 0
33 68 50 92 122 194 70 0
34 44 61 60 64 163 0
35 50 16 157 0
36 122 5 28 77 0
37 84 128 115 0
38 74 159 71 0
39 84 57 192 197 0
40 99 30 121 146 188 0
41 21 94 0
42 164 7 23 0
43 91 188 12 0
44 87 34 0
45 150 63 128 0
46 164 168 29 60 0
47 29 0
48 60 54 65 102 0
49 84 0
50 33 21 35 0
51 69 186 151 13 0
52 107 69 94 0
53 172 0
54 4 158 9 48 187 0
55 143 193 0
56 180 0
57 39 86 0
58 121 76 105 118 0
59 72 147 14 0
60 161 48 26 34 46 119 124 158 0
61 34 85 178 6 0
62 29 104 128 183 0
63 150 45 0
64 170 34 0
65 84 7 48 0
66 90 132 170 0
67 16 87 166 0
68 70 80 33 146 26 27 0
69 109 113 17 131 51 148 5 52 87 0
70 129 68 8 33 98 188 0
71 38 0
72 178 59 73 130 0
73 72 134 144 178 0
74 150 38 152 0
75 12 0
76 58 14 198 0
77 175 36 0
78 142 141 169 196 0
79 124 135 87 0
80 68 91 177 0
81 90 0
82 127 26 104 123 0
83 163 198 0
84 113 102 39 65 37 121 11 49 145 0
85 61 111 0
86 57 0
87 109 44 67 69 79 107 0
88 143 100 29 0
89 150 185 0
90 129 23 81 144 66 145 0
91 80 43 182 0
92 33 167 106 179 0
93 99 0
94 41 52 98 99 123 0
95 184 0
96 149 7 165 0
97 159 170 0
98 129 70 94 102 145 177 0
99 125 124 142 40 93 181 176 94 0
100 88 124 181 0
101 147 0
102 84 48 98 0
103 158 2 195 0
104 62 141 28 82 0
105 192 58 113 178 187 0
106 112 92 147 0
107 185 171 52 87 0
108 3 0
109 69 125 87 0
110 180 150 0
111 85 12 0
112 185 106 163 0
113 69 175 84 105 140 161 0
114 185 0
115 186 37 166 0
116 150 31 0
117 160 22 134 31 0
118 194 58 0
119 132 60 167 0
120 24 0
121 84 58 40 177 0
122 33 36 0
123 150 82 94 0
124 99 15 79 60 100 0
125 109 99 18 135 0
126 198 0
127 155 82 137 0
128 37 32 45 62 0
129 150 70 90 132 98 11 0
130 72 0
131 69 164 133 24 0
132 129 119 28 66 158 182 0
133 131 0
134 117 73 0
135 79 125 145 0
136 15 154 0
137 178 127 0
138 152 0
139 158 0
140 160 113 175 0
141 104 78 190 0
142 99 169 78 0
143 15 55 183 189 88 6 0
144 90 195 73 0
145 167 84 90 98 135 0
146 68 185 153 40 0
147 59 101 106 0
148 69 0
149 185 96 0
150 175 129 20 89 63 74 123 116 45 110 192 0
151 51 2 0
152 74 138 169 0
153 146 0
154 136 32 8 168 0
155 161 127 0
156 169 0
157 35 0
158 54 139 103 60 132 0
159 38 97 0
160 24 117 140 0
161 17 155 4 60 196 113 0
162 165 0
163 15 187 83 34 112 167 0
164 131 42 46 0
165 3 162 96 0
166 167 67 115 0
167 92 145 166 119 163 0
168 46 179 154 0
169 142 172 156 78 152 0
170 29 64 5 66 97 0
171 107 0
172 169 184 30 53 0
173 30 0
174 3 0
175 113 150 200 77 3 140 0
176 99 177 0
177 25 80 98 121 176 0
178 61 72 137 73 105 0
179 168 92 0
180 21 56 110 194 0
181 99 100 0
182 91 1 18 132 0
183 143 62 0
184 172 95 0
185 146 3 112 149 114 107 89 194 0
186 51 115 0
187 163 54 105 0
188 43 40 70 0
189 143 25 0
190 191 19 141 0
191 17 190 0
192 39 105 150 0
193 55 0
194 33 118 180 185 0
195 144 103 0
196 161 78 0
197 27 39 0
198 26 126 76 83 0
199 200 0
200 175 199 0

