200  306
1 55 56 0
2 57 0
3 122 144 14 24 0
4 113 10 53 76 111 185 0
5 66 41 65 82 174 0
6 68 65 46 33 87 126 0
7 72 121 111 125 0
8 140 175 46 57 0
9 140 131 22 0
10 182 25 4 171 0
11 103 156 26 123 0
12 99 64 72 0
13 72 69 128 87 119 0
14 168 3 93 0
15 44 171 163 95 128 0
16 193 0
17 191 128 0
18 181 34 35 0
19 135 192 0
20 65 136 0
21 84 199 194 0
22 155 36 9 143 0
23 173 111 139 0
24 113 74 3 0
25 10 0
26 11 194 130 0
27 121 101 96 0
28 103 130 0
29 44 30 0
30 39 29 163 164 0
31 187 0
32 78 140 0
33 137 6 181 190 0
34 18 48 102 0
35 64 18 0
36 22 0
37 156 175 0
38 156 40 98 114 117 0
39 64 146 103 51 166 60 30 169 0
40 38 0
41 5 84 99 124 0
42 92 0
43 64 81 148 107 109 0
44 135 197 15 29 175 0
45 68 120 187 56 93 110 0
46 6 8 0
47 137 142 0
48 68 34 72 115 0
49 68 137 112 149 94 70 0
50 78 0
51 39 0
52 81 91 0
53 101 4 0
54 140 57 74 0
55 92 1 160 0
56 45 1 77 0
57 184 2 8 54 0
58 142 70 103 0
59 128 103 0
60 39 0
61 85 155 104 0
62 188 0
63 108 118 0
64 92 186 39 43 35 12 0
65 6 143 20 5 78 0
66 103 133 5 181 0
67 185 155 0
68 92 45 49 77 6 48 141 0
69 13 176 116 96 0
70 118 49 58 0
71 161 150 183 0
72 92 7 13 78 161 170 12 48 0
73 188 0
74 24 54 0
75 189 0
76 130 4 128 0
77 68 188 113 56 0
78 72 140 135 118 182 32 50 106 65 98 161 0
79 156 154 133 0
80 84 177 132 138 0
81 43 198 52 0
82 185 5 140 0
83 173 88 0
84 150 21 119 162 80 41 143 0
85 121 117 61 102 124 125 0
86 199 122 123 0
87 176 165 6 13 0
88 83 126 0
89 135 0
90 112 0
91 133 52 0
92 72 64 68 129 185 55 42 153 164 0
93 45 14 0
94 49 0
95 165 15 113 0
96 27 69 0
97 193 110 0
98 38 78 0
99 200 12 41 0
100 200 0
101 27 153 53 139 0
102 85 34 0
103 39 66 11 183 28 58 59 167 0
104 61 157 0
105 112 113 174 0
106 78 0
107 43 0
108 168 63 0
109 135 43 0
110 97 178 45 0
111 23 4 7 156 0
112 49 138 90 145 105 0
113 77 191 24 4 95 105 0
114 140 38 0
115 118 48 185 0
116 69 152 0
117 85 130 38 143 144 165 0
118 78 70 115 63 157 0
119 84 13 0
120 45 0
121 7 85 157 27 195 0
122 188 3 86 142 0
123 11 86 0
124 85 41 130 0
125 196 7 85 191 0
126 146 6 88 0
127 198 147 0
128 13 173 59 15 17 76 0
129 92 189 174 180 0
130 117 76 26 28 124 0
131 9 0
132 188 80 0
133 66 91 79 0
134 185 153 0
135 78 44 19 109 89 0
136 20 0
137 49 47 33 0
138 112 80 0
139 182 23 101 0
140 78 9 54 8 114 32 82 0
141 68 0
142 47 58 122 0
143 65 22 84 117 0
144 3 117 0
145 112 0
146 39 126 167 0
147 127 164 174 0
148 43 0
149 49 158 0
150 71 84 188 0
151 153 0
152 116 0
153 101 151 92 134 0
154 79 184 0
155 61 22 67 167 0
156 11 38 37 79 111 0
157 121 160 104 118 0
158 149 159 0
159 158 185 0
160 157 55 0
161 72 71 179 78 194 0
162 84 0
163 15 30 193 194 0
164 147 30 92 0
165 87 95 117 0
166 39 0
167 146 103 155 0
168 183 193 108 14 0
169 179 39 0
170 72 0
171 15 200 10 0
172 180 0
173 128 83 23 0
174 129 5 105 147 0
175 8 37 44 0
176 69 87 0
177 80 0
178 110 0
179 161 169 0
180 129 172 0
181 66 18 33 0
182 78 10 190 139 0
183 103 168 195 71 0
184 185 57 154 0
185 92 134 67 184 82 4 115 159 0
186 64 0
187 45 31 0
188 77 122 196 62 73 132 150 0
189 129 75 0
190 182 33 0
191 113 17 125 0
192 19 0
193 168 97 16 163 0
194 26 21 161 163 0
195 183 121 0
196 188 125 0
197 44 0
198 81 127 0
199 21 86 0
200 171 99 100 0

