200  429
1 153 25 105 26 60 89 0
2 119 5 110 180 0
3 23 143 0
4 160 43 164 0
5 188 129 145 118 51 39 2 146 0
6 66 0
7 44 133 142 0
8 160 170 136 29 82 0
9 30 70 129 132 0
10 46 39 0
11 168 128 66 0
12 98 17 0
13 41 94 113 112 16 35 47 143 0
14 156 149 182 190 37 34 63 76 183 0
15 98 188 191 195 49 42 102 167 0
16 13 191 194 0
17 82 23 12 114 171 0
18 153 19 164 0
19 18 74 0
20 26 29 74 88 91 101 135 195 200 0
21 138 168 125 186 0
22 145 45 53 68 95 98 138 153 167 0
23 17 89 3 135 72 123 0
24 44 163 54 122 192 0
25 1 36 114 179 0
26 191 117 157 20 1 37 43 76 106 0
27 114 0
28 50 153 0
29 108 8 20 67 174 184 0
30 82 9 35 0
31 90 174 0
32 160 151 167 43 91 114 191 0
33 124 156 173 0
34 68 14 40 98 186 0
35 180 183 13 30 81 90 97 113 133 0
36 25 118 142 158 0
37 14 26 56 102 0
38 129 119 124 198 95 75 64 116 0
39 5 10 45 71 74 107 0
40 98 142 97 156 100 200 34 49 0
41 188 13 154 54 67 135 138 162 0
42 81 15 0
43 98 171 4 26 32 49 121 154 0
44 140 24 7 57 123 142 143 0
45 90 22 39 76 151 0
46 176 185 10 147 183 0
47 82 101 103 13 128 131 155 168 0
48 142 126 192 61 149 0
49 15 40 43 89 131 0
50 140 79 28 0
51 5 186 101 111 172 0
52 100 112 193 0
53 82 143 74 22 105 184 0
54 24 41 145 182 0
55 74 58 0
56 109 150 37 89 0
57 153 44 0
58 108 55 118 131 0
59 107 124 187 0
60 106 177 1 151 0
61 138 81 48 69 125 136 0
62 199 77 150 173 0
63 132 14 79 153 0
64 119 38 139 0
65 171 82 89 158 0
66 168 6 76 11 74 101 187 0
67 117 83 29 41 193 0
68 140 174 34 111 93 22 186 0
69 94 61 0
70 126 9 180 0
71 129 85 120 122 39 168 185 0
72 124 110 23 131 0
73 117 130 162 0
74 53 55 19 20 39 66 0
75 38 0
76 66 14 26 45 137 0
77 97 131 88 62 84 0
78 88 197 0
79 50 63 91 158 0
80 156 0
81 61 42 35 192 0
82 65 17 47 30 53 8 194 0
83 67 184 0
84 90 114 77 140 161 0
85 71 87 197 169 186 0
86 99 152 0
87 85 0
88 77 78 20 192 0
89 23 1 49 56 65 199 0
90 188 84 45 31 35 126 154 168 0
91 110 175 20 32 79 0
92 156 0
93 68 150 0
94 13 69 111 119 0
95 38 179 22 150 0
96 124 126 0
97 40 77 35 0
98 15 40 43 138 12 187 22 34 99 0
99 137 86 98 136 141 0
100 40 52 181 0
101 47 20 51 66 102 0
102 118 162 15 37 101 176 180 0
103 47 193 0
104 141 0
105 1 53 0
106 108 60 134 26 0
107 145 59 39 174 0
108 191 106 58 29 130 0
109 124 56 135 0
110 72 91 2 117 172 0
111 68 152 51 94 149 0
112 13 52 0
113 13 35 187 0
114 84 27 17 25 32 0
115 188 0
116 140 38 0
117 26 73 67 110 128 0
118 5 102 36 58 0
119 38 64 2 94 0
120 71 170 0
121 133 43 136 148 0
122 71 24 161 164 0
123 143 23 44 0
124 38 72 173 109 33 96 59 0
125 21 137 61 0
126 48 70 90 96 0
127 180 169 0
128 11 47 117 0
129 5 38 160 141 71 9 188 0
130 187 73 108 144 161 0
131 77 139 47 49 58 72 151 171 0
132 141 63 9 0
133 168 121 7 35 147 167 190 0
134 106 142 0
135 23 20 41 109 0
136 8 61 99 121 0
137 125 99 76 151 0
138 98 21 180 61 189 22 41 169 193 0
139 131 166 64 0
140 145 50 44 68 116 178 84 0
141 129 104 132 99 163 195 0
142 40 48 7 36 44 134 0
143 53 196 123 3 13 44 159 0
144 188 172 130 192 0
145 5 107 140 22 54 150 0
146 188 5 164 193 0
147 46 133 199 0
148 184 121 0
149 14 48 111 191 0
150 56 62 93 95 145 0
151 32 169 45 60 131 137 198 0
152 111 86 0
153 28 165 1 57 18 22 63 0
154 41 43 90 200 0
155 200 194 47 0
156 40 14 92 80 33 0
157 26 169 194 0
158 171 36 65 79 190 0
159 200 143 171 174 0
160 129 32 8 4 0
161 187 84 122 130 0
162 102 41 73 0
163 24 141 0
164 18 4 122 146 0
165 153 175 0
166 139 183 0
167 32 15 22 133 0
168 21 133 176 11 66 47 71 90 0
169 151 193 85 127 138 157 0
170 8 120 0
171 43 65 158 17 131 159 0
172 144 51 110 0
173 124 33 62 0
174 68 29 31 107 159 195 0
175 91 165 0
176 168 46 102 0
177 60 0
178 140 0
179 95 25 0
180 138 127 35 2 70 102 0
181 100 200 0
182 14 54 0
183 35 14 46 166 0
184 83 148 29 53 0
185 46 71 195 0
186 51 21 34 68 85 0
187 98 161 130 59 66 113 0
188 15 5 199 90 41 144 146 115 129 0
189 138 0
190 14 133 158 0
191 15 108 26 16 32 149 0
192 48 24 81 88 144 0
193 169 52 67 103 138 146 0
194 155 16 82 157 0
195 15 20 141 174 185 0
196 143 0
197 85 78 0
198 38 151 0
199 188 62 89 147 0
200 40 155 159 20 154 181 0

