200  1204
1 139 36 38 40 90 103 110 128 131 132 138 187 189 0
2 60 166 8 32 33 39 50 76 77 84 119 121 125 139 141 150 160 163 0
3 200 52 10 41 60 64 82 88 120 123 124 167 0
4 194 8 16 26 28 41 96 111 122 153 158 192 0
5 66 154 54 110 24 33 34 41 43 75 108 115 138 181 196 0
6 92 175 91 9 40 46 65 80 85 97 116 153 185 191 0
7 200 124 13 21 29 114 0
8 4 19 2 11 17 31 52 53 57 63 76 80 114 115 132 154 165 0
9 188 185 6 26 40 67 78 109 122 125 192 0
10 105 53 3 29 43 47 65 98 121 140 151 156 168 169 193 196 199 0
11 200 164 109 118 8 15 18 25 33 40 61 67 69 76 88 102 110 132 140 179 0
12 147 133 136 56 58 98 102 124 139 159 167 170 173 176 177 194 0
13 54 7 53 78 92 105 141 144 190 0
14 45 32 68 84 108 109 112 174 184 0
15 70 11 22 42 73 92 100 113 121 187 190 0
16 92 4 64 84 108 112 124 135 136 158 178 0
17 97 168 8 60 91 175 0
18 179 58 11 21 33 45 47 54 63 72 78 82 85 109 117 126 128 173 174 0
19 8 64 134 155 156 0
20 59 42 58 64 75 146 149 153 178 199 0
21 193 7 18 35 43 82 125 132 173 0
22 168 15 35 40 43 48 50 70 71 94 95 106 115 184 185 0
23 153 34 57 94 105 109 113 125 144 156 165 188 0
24 98 5 33 44 56 92 123 134 155 161 172 187 197 0
25 125 11 67 76 88 99 113 145 0
26 97 76 72 151 4 9 41 46 54 67 73 82 124 139 143 148 150 154 170 191 193 0
27 199 28 41 42 43 50 53 92 111 115 124 133 150 155 183 0
28 183 131 35 87 4 27 59 63 86 90 108 114 140 144 178 180 185 192 0
29 135 7 10 34 41 44 63 84 102 113 121 137 191 0
30 46 45 54 57 84 150 0
31 193 149 8 58 62 75 86 116 130 141 144 0
32 178 2 14 44 58 60 110 130 140 146 148 174 189 200 0
33 59 64 61 179 65 2 5 11 18 24 56 62 66 88 93 148 161 191 196 0
34 111 5 23 29 71 81 91 103 114 147 173 179 181 182 186 187 0
35 28 21 22 38 43 44 102 117 124 145 181 195 0
36 186 1 38 47 48 58 71 74 121 123 131 135 137 159 160 0
37 89 67 136 197 0
38 71 1 35 36 78 90 91 95 106 127 136 143 173 0
39 99 96 2 40 59 109 110 136 151 192 0
40 143 1 6 9 11 22 39 146 174 178 0
41 133 81 3 4 5 26 27 29 51 62 77 93 120 126 177 187 0
42 68 15 20 27 43 51 63 73 76 86 102 109 115 127 132 178 181 0
43 118 5 10 21 22 27 35 42 91 112 120 141 144 197 0
44 159 57 24 29 32 35 48 90 94 97 100 121 127 150 160 174 190 0
45 146 14 18 30 53 80 110 121 132 149 156 200 0
46 76 104 30 6 26 81 113 121 125 147 151 198 0
47 200 10 18 36 48 53 62 83 90 92 100 114 115 137 149 157 158 174 178 192 197 0
48 51 79 22 36 44 47 60 75 82 90 102 108 124 157 0
49 170 51 68 94 104 123 133 136 144 194 200 0
50 175 2 22 27 90 115 176 182 0
51 133 48 41 42 49 73 91 118 139 146 161 185 0
52 3 8 134 157 167 169 197 0
53 10 90 8 13 27 45 47 74 81 82 184 190 0
54 5 13 18 26 30 82 143 165 168 187 193 0
55 158 67 63 71 85 99 102 108 135 151 154 180 0
56 127 12 24 33 70 93 98 137 170 195 0
57 44 161 8 23 30 75 120 141 159 0
58 18 12 20 31 32 36 84 86 91 105 114 117 146 147 177 198 0
59 158 33 111 106 68 20 28 39 62 80 91 110 123 138 161 0
60 61 2 3 17 32 48 63 65 137 173 0
61 33 60 191 11 74 76 97 108 142 200 0
62 157 31 33 41 47 59 78 130 151 169 176 189 0
63 153 8 18 28 29 42 55 60 67 77 80 97 111 112 132 142 148 183 184 0
64 33 99 3 16 19 20 68 84 127 128 168 179 199 0
65 33 6 10 60 67 102 137 180 192 0
66 142 5 107 127 33 80 91 93 117 122 124 132 138 161 168 188 197 198 0
67 55 9 11 25 26 37 63 65 75 163 164 176 0
68 59 42 14 49 64 76 99 105 150 169 177 0
69 191 11 73 79 99 136 159 0
70 157 15 22 56 81 110 178 0
71 121 38 22 34 36 55 82 88 158 169 176 177 178 193 0
72 26 18 97 111 133 150 151 0
73 82 15 26 42 51 69 114 142 160 164 186 200 0
74 83 119 36 53 61 86 147 156 167 200 0
75 118 95 5 20 31 48 57 67 169 177 0
76 26 46 2 8 11 25 42 61 68 83 130 156 187 0
77 118 2 41 63 84 88 110 131 137 0
78 186 140 9 13 18 38 62 95 99 114 115 124 127 147 173 175 0
79 48 69 91 96 110 122 124 139 159 175 177 0
80 107 163 132 6 8 45 59 63 66 133 148 159 0
81 41 34 46 53 70 122 160 172 0
82 156 73 3 18 21 26 48 53 54 71 85 148 188 191 0
83 153 144 74 86 47 76 89 119 134 142 0
84 116 2 14 16 29 30 58 64 77 86 90 129 138 142 172 0
85 186 6 18 55 82 95 97 111 139 149 163 171 178 185 193 0
86 83 145 28 31 42 58 74 84 128 129 131 154 167 0
87 28 100 113 149 179 195 0
88 167 3 11 25 33 71 77 126 133 172 175 190 195 197 200 0
89 98 37 184 83 129 138 188 0
90 53 1 28 38 44 47 48 50 84 113 121 171 180 182 185 0
91 6 17 34 38 43 51 58 59 66 79 116 117 122 191 0
92 98 126 199 156 147 6 16 13 15 24 27 47 164 179 0
93 197 33 41 56 66 108 132 161 175 183 0
94 200 101 22 23 44 49 97 143 173 191 0
95 75 146 190 123 162 22 38 78 85 129 156 160 164 173 186 0
96 39 4 79 99 100 145 148 182 197 0
97 194 26 197 17 6 44 61 63 72 85 94 102 107 114 115 156 175 195 0
98 200 92 89 171 24 10 12 56 114 117 130 159 181 0
99 64 139 39 25 55 68 69 78 96 137 177 0
100 138 15 44 47 87 96 120 122 123 133 163 0
101 94 119 172 0
102 109 11 12 29 35 42 48 55 65 97 137 145 163 172 181 182 191 0
103 123 1 34 116 128 151 173 0
104 46 49 139 171 173 195 0
105 178 10 13 23 58 68 106 179 0
106 59 22 38 105 120 125 138 197 0
107 66 152 80 170 97 141 159 181 0
108 180 5 14 16 28 48 55 61 93 132 185 0
109 11 138 102 181 9 14 18 23 39 42 110 113 130 183 0
110 5 1 11 32 39 45 59 70 77 79 109 111 114 127 136 138 174 0
111 59 34 4 27 63 72 85 110 123 155 166 171 182 191 0
112 164 129 14 16 43 63 113 128 141 162 173 189 193 196 0
113 126 15 23 25 29 46 87 90 109 112 133 134 141 158 162 169 0
114 133 7 8 28 34 47 58 73 78 97 98 110 134 140 150 168 190 0
115 200 134 5 8 22 27 42 47 50 78 97 117 138 150 186 189 190 0
116 190 84 172 6 31 91 103 141 143 160 171 182 189 0
117 124 18 35 58 66 91 98 115 166 180 183 0
118 11 77 186 75 43 51 135 155 0
119 74 2 83 101 121 124 169 183 191 0
120 158 3 41 43 57 100 106 156 179 183 0
121 135 71 195 2 10 15 29 36 44 45 46 90 119 125 153 189 0
122 144 4 9 66 79 81 91 100 139 141 151 166 171 174 179 190 0
123 95 103 3 24 36 49 59 100 111 133 156 171 0
124 7 117 3 12 16 26 27 35 48 66 78 79 119 130 138 167 172 0
125 148 25 2 9 21 23 46 106 121 128 130 133 146 176 187 197 0
126 92 113 18 41 88 134 194 0
127 66 56 38 42 44 64 78 110 164 0
128 178 196 1 18 64 86 103 112 125 132 183 0
129 112 84 86 89 95 138 160 181 188 0
130 200 31 32 62 76 98 109 124 125 137 0
131 28 1 36 77 86 155 170 173 175 179 194 0
132 80 1 8 11 21 42 45 63 66 93 108 128 135 181 0
133 12 114 51 41 27 49 72 80 88 100 113 123 125 139 152 167 169 0
134 115 193 19 24 52 83 113 114 126 140 143 151 152 0
135 158 153 121 29 16 36 55 118 132 146 181 186 0
136 12 16 37 38 39 49 69 110 144 184 197 0
137 187 29 36 47 56 60 65 77 99 102 130 0
138 109 100 1 5 59 66 84 89 106 110 115 124 129 147 173 184 0
139 99 1 2 12 26 51 79 85 104 122 133 187 188 196 0
140 78 10 11 28 32 114 134 141 153 155 156 158 165 185 188 195 0
141 183 2 13 31 43 57 107 112 113 116 122 140 156 174 175 195 0
142 158 66 194 61 63 73 83 84 168 193 198 0
143 200 40 26 38 54 94 116 134 167 180 182 0
144 83 167 122 13 23 28 31 43 49 136 146 147 179 194 0
145 86 176 25 35 96 102 150 159 0
146 95 45 20 32 40 51 58 125 135 144 171 199 0
147 92 180 157 12 34 46 58 74 78 138 144 158 0
148 156 125 26 32 33 63 80 82 96 152 180 0
149 31 20 45 47 85 87 161 164 0
150 178 2 26 27 30 44 68 72 114 115 145 167 0
151 26 10 39 46 55 62 72 103 122 134 176 0
152 107 169 178 133 134 148 155 195 0
153 135 83 159 155 63 23 4 6 20 121 140 180 194 0
154 5 173 8 26 55 86 194 195 0
155 153 19 24 27 111 118 131 140 152 165 166 0
156 92 82 148 10 19 23 45 74 76 95 97 120 123 140 141 0
157 147 70 62 165 47 48 52 197 200 0
158 200 142 59 135 182 120 55 4 16 47 71 113 140 147 192 0
159 153 44 12 36 57 69 79 80 98 107 145 172 192 0
160 183 2 36 44 73 81 95 116 129 189 0
161 57 24 33 51 59 66 93 149 172 179 181 192 199 0
162 95 112 113 0
163 80 2 67 85 100 102 173 0
164 11 112 174 177 67 73 92 95 127 149 0
165 157 8 23 54 140 155 171 198 0
166 2 111 117 122 155 174 183 0
167 144 88 3 12 52 74 86 124 133 143 150 175 186 187 0
168 17 22 10 54 64 66 114 142 169 182 191 0
169 152 10 52 62 68 71 75 113 119 133 168 0
170 107 49 12 26 56 131 200 0
171 98 85 90 104 111 116 122 123 146 165 178 0
172 116 24 81 84 88 101 102 124 159 161 194 0
173 154 12 18 21 34 38 60 78 94 95 103 104 112 131 138 163 0
174 164 14 18 32 40 44 47 110 122 141 166 185 0
175 6 50 17 78 79 88 93 97 131 141 167 183 185 199 0
176 145 12 50 62 67 71 125 151 0
177 164 12 41 58 68 71 75 79 99 192 197 0
178 152 150 32 105 192 128 16 20 28 40 42 47 70 71 85 171 181 193 0
179 33 189 18 11 34 64 87 92 105 120 122 131 144 161 181 0
180 147 108 28 55 65 90 117 143 148 153 189 196 0
181 109 5 34 35 42 98 102 107 129 132 135 161 178 179 191 0
182 158 34 50 90 96 102 111 116 143 168 194 0
183 199 28 160 141 27 63 93 109 117 119 120 128 166 175 196 0
184 89 14 22 53 63 136 138 0
185 9 6 22 28 51 85 90 108 140 174 175 199 0
186 118 188 85 36 78 34 73 95 115 135 167 0
187 200 137 1 15 24 34 41 54 76 125 139 167 0
188 186 9 23 66 82 89 129 139 140 0
189 179 1 32 62 112 115 116 121 160 180 191 0
190 95 116 13 15 44 53 88 114 115 122 0
191 61 198 69 6 26 29 33 82 91 94 102 111 119 168 181 189 195 0
192 178 4 9 28 39 47 65 158 159 161 177 0
193 134 31 21 10 26 54 71 85 112 142 178 0
194 142 97 4 12 49 126 131 144 153 154 172 182 199 0
195 121 35 56 87 88 97 104 140 141 152 154 191 200 0
196 128 5 10 33 112 139 180 183 0
197 97 93 24 37 43 47 52 66 88 96 106 125 136 157 177 0
198 191 46 58 66 142 165 0
199 92 183 27 10 20 64 146 161 175 185 194 0
200 7 187 158 98 94 11 143 130 115 47 3 32 45 49 61 73 74 88 157 170 195 0

