200  299
1 37 43 0
2 137 175 71 86 134 0
3 14 37 76 152 197 0
4 127 133 0
5 189 6 187 0
6 5 0
7 53 76 113 184 0
8 145 98 125 0
9 145 76 55 0
10 11 107 49 138 0
11 166 123 10 55 0
12 108 0
13 189 81 0
14 193 190 3 47 0
15 167 172 0
16 137 0
17 53 39 51 0
18 137 109 64 66 0
19 173 66 0
20 96 0
21 134 0
22 195 0
23 96 0
24 50 33 28 41 164 198 0
25 139 122 171 100 60 0
26 141 192 0
27 95 111 119 0
28 24 193 42 191 0
29 111 0
30 189 95 112 0
31 143 83 0
32 82 191 0
33 24 74 0
34 115 0
35 172 0
36 79 122 127 0
37 181 1 170 3 47 0
38 140 148 147 62 182 0
39 17 158 0
40 200 0
41 55 24 0
42 28 162 69 94 199 0
43 92 1 81 0
44 131 102 113 0
45 84 194 0
46 144 0
47 167 14 37 124 0
48 55 71 0
49 193 10 75 0
50 118 24 75 121 0
51 17 73 86 0
52 130 200 197 166 55 0
53 197 17 7 160 0
54 80 99 0
55 52 145 198 48 41 9 11 150 0
56 59 68 75 135 0
57 93 110 187 0
58 184 191 0
59 141 56 183 0
60 181 25 0
61 161 0
62 38 97 169 194 0
63 150 125 0
64 143 18 0
65 177 182 0
66 96 199 68 134 18 19 0
67 118 161 94 0
68 66 56 0
69 42 110 0
70 142 84 135 107 0
71 129 2 48 0
72 121 0
73 51 0
74 33 76 0
75 50 174 142 49 56 125 129 0
76 9 3 7 74 0
77 174 0
78 159 110 0
79 166 36 141 0
80 184 54 153 131 120 181 0
81 13 43 0
82 109 32 173 0
83 147 155 31 111 0
84 70 116 45 0
85 90 92 154 95 131 147 0
86 88 125 2 51 0
87 134 160 0
88 200 86 0
89 132 144 0
90 141 85 92 156 0
91 135 0
92 85 43 90 0
93 122 57 113 0
94 67 144 42 0
95 30 27 85 200 0
96 137 118 184 66 129 20 159 23 0
97 62 104 0
98 8 141 0
99 54 151 0
100 25 113 0
101 180 120 133 0
102 180 177 44 0
103 145 0
104 195 97 138 0
105 148 160 0
106 134 0
107 10 176 70 186 0
108 193 12 0
109 18 82 0
110 57 195 165 69 78 0
111 27 169 29 83 0
112 30 168 0
113 93 126 7 44 100 0
114 138 0
115 130 143 34 117 0
116 84 0
117 115 188 124 0
118 96 136 67 50 0
119 146 149 27 182 0
120 200 163 80 101 0
121 50 72 156 178 0
122 25 93 36 148 0
123 11 0
124 117 47 0
125 86 8 63 75 127 146 0
126 113 0
127 130 4 36 125 0
128 131 0
129 96 189 71 75 0
130 137 52 140 115 127 0
131 80 44 128 85 0
132 143 89 0
133 162 4 101 166 0
134 66 21 87 106 2 0
135 70 91 56 160 0
136 118 191 0
137 130 96 158 18 2 16 0
138 196 114 10 104 0
139 141 25 183 0
140 130 38 180 157 163 186 0
141 184 139 90 59 26 79 98 156 190 0
142 75 70 0
143 115 64 132 31 0
144 94 46 89 0
145 55 103 8 9 0
146 193 119 125 0
147 38 83 179 85 174 0
148 38 105 196 122 0
149 119 0
150 158 63 55 186 200 0
151 159 99 168 0
152 180 3 181 0
153 80 0
154 85 0
155 83 194 0
156 121 90 141 0
157 140 185 0
158 137 150 39 0
159 96 78 151 0
160 105 53 87 135 187 0
161 67 61 0
162 42 133 184 0
163 120 140 165 0
164 171 24 0
165 110 163 0
166 52 11 79 133 0
167 197 15 173 47 0
168 112 151 0
169 111 62 0
170 37 0
171 25 164 0
172 15 35 0
173 167 19 82 0
174 75 77 147 0
175 2 0
176 107 0
177 102 65 0
178 121 0
179 147 0
180 140 102 101 152 0
181 199 60 37 80 152 0
182 65 38 119 0
183 139 59 0
184 96 141 58 80 186 7 162 0
185 157 0
186 184 107 140 150 0
187 57 5 160 0
188 117 0
189 129 30 5 13 0
190 14 141 0
191 58 28 32 136 0
192 26 0
193 28 108 146 49 14 0
194 155 45 62 0
195 110 104 22 0
196 148 138 0
197 52 53 167 3 0
198 55 24 0
199 66 181 42 0
200 52 88 120 40 95 150 0

