200  2216
1 194 5 8 33 42 55 60 64 69 77 85 90 105 106 109 110 132 142 157 164 166 170 189 0
2 188 10 34 43 47 56 58 59 85 105 108 109 116 125 126 141 144 161 171 0
3 22 142 6 7 9 31 37 41 46 52 63 74 83 87 95 96 103 104 114 128 130 134 157 162 168 170 175 200 0
4 92 166 7 13 16 17 21 23 34 40 42 67 69 73 84 104 119 128 134 139 146 147 156 178 179 186 191 0
5 151 1 6 10 13 23 46 55 67 75 117 118 122 124 131 141 152 169 183 190 0
6 164 160 192 3 5 13 18 21 25 38 40 42 49 71 83 102 106 110 112 114 116 117 123 130 143 185 199 0
7 22 3 4 24 45 60 62 72 75 81 84 92 101 103 110 116 140 145 154 164 183 187 189 194 0
8 90 1 11 28 29 38 66 80 93 110 122 156 157 161 181 197 0
9 108 45 3 19 21 25 26 37 67 106 114 126 133 137 138 142 144 152 156 163 196 0
10 84 157 15 2 5 18 40 73 116 141 175 0
11 12 72 8 17 24 25 50 69 78 85 92 97 118 121 150 160 170 172 190 0
12 102 11 47 97 17 18 35 51 57 61 62 71 96 100 101 104 107 112 118 132 137 139 140 141 163 169 184 190 192 194 197 0
13 180 4 5 6 29 44 46 50 70 73 88 93 100 105 135 140 141 143 165 168 178 0
14 188 183 18 23 30 52 56 67 71 74 76 81 137 155 163 172 195 196 0
15 10 17 19 30 36 39 57 63 72 86 87 95 97 100 103 138 146 156 164 166 182 200 0
16 92 4 19 21 31 47 52 57 58 74 81 98 104 114 115 129 138 141 160 198 0
17 149 4 11 12 15 35 44 49 56 67 69 81 83 99 119 159 169 170 172 173 183 0
18 70 6 10 12 14 24 26 34 36 43 44 58 60 69 95 99 106 108 125 137 148 150 158 159 163 168 194 0
19 190 119 9 15 16 28 53 57 74 77 102 115 123 125 130 135 141 144 150 152 182 188 198 0
20 191 32 36 50 62 67 69 75 76 81 84 87 97 100 111 114 117 130 168 171 172 173 185 0
21 126 103 4 6 9 16 24 26 27 42 45 46 81 90 95 111 125 129 130 135 153 165 175 186 0
22 110 169 3 7 139 27 42 46 48 51 74 89 97 98 100 113 117 118 130 155 163 0
23 190 4 5 14 60 90 94 102 107 115 125 128 131 135 141 168 171 189 197 0
24 96 153 7 11 18 21 48 56 59 92 102 114 130 133 145 150 172 177 186 0
25 134 80 6 9 11 50 59 78 81 93 95 97 100 102 112 138 163 174 176 183 194 0
26 129 9 18 21 30 41 42 66 86 93 98 105 111 113 125 148 178 179 0
27 136 137 187 21 22 30 51 52 74 77 78 90 102 108 112 127 130 142 143 156 167 174 184 195 0
28 195 136 113 84 148 8 19 30 33 35 41 48 56 70 74 116 131 133 144 154 161 162 163 165 172 181 192 193 194 0
29 165 115 132 8 13 33 40 43 52 54 56 69 85 88 101 111 118 128 151 159 180 184 187 195 196 0
30 95 14 15 26 27 28 37 38 41 70 75 90 110 123 124 128 130 133 147 151 169 170 180 0
31 200 91 3 16 46 68 102 103 106 113 121 136 172 177 0
32 190 75 20 52 64 68 78 83 85 87 99 105 107 110 115 122 128 147 153 156 170 181 186 198 0
33 93 130 120 1 28 29 40 55 56 58 71 75 86 101 118 132 145 151 160 161 167 192 194 0
34 152 110 145 61 108 2 4 18 49 62 65 71 75 86 94 99 105 109 118 126 161 165 173 187 195 0
35 61 171 12 17 28 50 53 59 71 73 75 79 86 100 101 103 110 118 140 144 145 163 164 186 188 0
36 165 174 41 15 18 20 50 62 65 79 81 83 95 99 103 109 112 121 126 127 149 158 0
37 183 3 9 30 50 52 68 70 83 95 100 102 122 124 144 157 160 162 180 186 0
38 102 6 8 30 49 60 68 74 75 76 93 117 119 140 150 165 174 177 0
39 93 15 62 66 81 91 95 96 139 140 144 145 180 183 192 0
40 101 77 4 6 10 29 33 46 49 68 74 78 87 90 91 100 108 118 125 128 141 158 168 183 196 0
41 36 3 26 28 30 42 63 70 73 76 78 86 96 102 109 118 138 146 161 167 0
42 50 1 4 6 21 22 26 41 55 63 66 75 92 99 110 112 113 127 136 137 147 150 155 158 163 188 0
43 130 2 18 29 55 63 65 71 77 98 102 121 122 135 141 146 152 181 186 188 189 191 192 0
44 102 13 17 18 46 52 66 82 83 85 93 96 101 116 129 140 146 149 151 165 171 175 193 198 0
45 9 7 21 97 109 111 118 121 163 165 171 176 185 0
46 52 3 5 13 21 22 31 40 44 70 71 79 88 95 98 106 112 116 121 156 166 180 0
47 12 71 2 16 52 65 83 86 92 102 104 118 142 153 164 166 177 189 195 200 0
48 106 22 24 28 52 55 57 77 90 97 105 112 113 115 137 147 174 184 197 198 200 0
49 83 6 17 34 38 40 73 74 94 99 108 121 123 137 139 143 148 151 158 163 185 0
50 112 66 176 42 11 13 20 25 35 36 37 74 103 107 108 115 116 117 129 130 131 138 148 155 157 180 183 191 0
51 164 152 135 195 60 12 22 27 64 66 67 71 98 100 106 112 120 138 145 174 184 0
52 142 46 3 14 16 27 29 32 37 44 47 48 71 77 84 105 106 138 139 141 149 177 189 191 196 197 0
53 70 19 35 61 91 94 100 112 116 132 147 162 170 173 0
54 81 129 180 29 69 74 75 80 93 141 151 172 175 184 188 193 0
55 160 1 5 33 42 43 48 59 62 68 89 104 114 124 133 139 159 168 171 183 0
56 192 2 14 17 24 28 29 33 58 65 78 89 129 131 133 135 143 147 152 153 163 169 185 0
57 70 12 15 16 19 48 65 81 102 105 112 119 134 142 158 161 166 170 171 180 181 183 0
58 123 2 16 18 33 56 59 66 71 72 74 80 130 142 150 155 156 159 168 169 0
59 138 2 24 25 35 55 58 69 80 94 98 114 129 156 157 164 170 174 181 184 194 0
60 51 177 1 7 18 23 38 78 79 84 85 93 94 126 138 152 157 163 172 181 189 190 0
61 34 186 35 12 53 66 73 80 81 89 93 97 99 102 108 115 129 137 146 147 155 165 179 192 195 0
62 98 7 12 20 34 36 39 55 67 68 76 84 93 97 109 131 165 195 200 0
63 129 3 15 41 42 43 69 71 73 116 124 126 144 151 173 186 0
64 155 1 32 51 69 79 80 94 96 102 108 127 130 132 136 139 144 149 150 154 162 164 166 167 168 169 170 173 184 0
65 125 34 36 43 47 56 57 67 83 89 104 114 141 151 170 179 194 200 0
66 50 126 123 76 8 26 39 42 44 51 58 61 69 73 84 85 88 92 108 119 162 165 167 184 189 192 0
67 135 162 4 5 9 14 17 20 51 62 65 69 75 86 104 107 112 118 126 127 137 174 177 186 200 0
68 81 31 32 37 38 40 55 62 79 82 86 90 91 99 102 110 144 152 156 163 166 171 176 184 200 0
69 123 83 1 4 11 17 18 20 29 54 59 63 64 66 67 73 74 82 102 107 115 121 135 143 145 161 169 174 184 195 0
70 164 53 18 57 13 28 30 37 41 46 102 103 105 108 109 112 153 154 156 159 167 174 182 0
71 47 6 12 14 33 34 35 43 46 51 52 58 63 72 73 74 84 93 100 155 159 168 174 187 197 199 0
72 11 7 15 58 71 77 83 86 93 99 107 115 116 142 143 156 158 159 173 174 175 184 186 198 0
73 200 4 10 13 35 41 49 61 63 66 69 71 74 83 91 94 102 105 108 111 113 134 155 164 171 174 195 198 0
74 192 141 3 14 16 19 22 27 28 38 40 49 50 54 58 69 71 73 93 135 136 146 147 151 159 168 171 178 185 186 191 197 199 0
75 32 5 7 20 30 33 34 35 38 42 54 67 83 84 94 101 110 112 122 125 127 144 147 153 163 174 178 194 0
76 66 105 14 20 38 41 62 96 98 99 104 106 121 143 157 165 172 173 191 200 0
77 40 1 19 27 43 48 52 72 89 110 114 128 132 164 172 176 193 0
78 145 11 25 27 32 40 41 56 60 80 91 106 118 128 132 138 148 150 154 162 165 175 194 0
79 104 35 36 46 60 64 68 81 90 91 114 116 128 129 135 153 158 162 165 180 184 192 195 0
80 25 8 54 58 59 61 64 78 88 103 105 109 132 142 152 154 158 159 0
81 100 158 188 54 68 111 7 14 16 17 20 21 25 36 39 57 61 79 92 117 118 132 151 153 155 164 190 193 200 0
82 108 44 68 69 88 89 90 123 133 147 148 157 164 177 185 191 198 0
83 69 49 3 6 17 32 36 37 44 47 65 72 73 75 106 117 134 149 150 161 165 181 0
84 28 10 4 7 20 52 60 62 66 71 75 92 100 119 123 132 135 138 149 152 154 155 175 184 199 0
85 176 1 2 11 29 32 44 60 66 89 94 98 99 111 122 128 134 135 139 144 153 178 180 182 185 187 0
86 111 15 26 33 34 35 41 47 67 68 72 90 93 94 95 97 98 101 102 118 121 135 141 156 162 167 174 179 191 0
87 101 199 3 15 20 32 40 88 96 102 119 122 132 136 164 166 180 0
88 113 13 29 46 66 80 82 87 102 104 108 118 120 126 141 146 160 167 168 171 197 0
89 176 22 55 56 61 65 77 82 85 98 120 132 136 141 163 181 183 192 200 0
90 136 133 156 8 1 21 23 27 30 40 48 68 79 82 86 114 125 128 139 150 166 167 0
91 31 39 40 53 68 73 78 79 103 113 138 146 147 149 160 161 165 177 179 186 0
92 116 4 144 16 7 11 24 42 47 66 81 84 107 133 152 159 164 174 177 185 187 191 0
93 152 98 33 39 149 8 13 25 26 38 44 54 60 61 62 71 72 74 86 110 119 129 131 142 193 0
94 164 118 23 34 49 53 59 60 64 73 75 85 86 101 122 133 145 146 158 159 171 181 194 0
95 121 165 30 3 15 18 21 25 36 37 39 46 86 104 119 132 138 140 163 169 173 180 196 197 0
96 113 159 24 154 3 12 39 41 44 64 76 87 103 147 150 151 180 190 0
97 12 11 15 20 22 25 45 48 61 62 86 103 112 125 133 171 196 0
98 93 62 131 16 22 26 43 46 51 59 76 85 86 89 137 155 157 167 173 0
99 102 17 18 32 34 36 42 49 61 68 72 76 85 130 133 140 144 165 167 171 174 180 200 0
100 164 81 106 196 12 13 15 20 22 25 35 37 40 51 53 71 84 108 143 155 176 194 0
101 135 87 116 40 7 12 29 33 35 44 75 86 94 113 114 121 129 130 133 134 143 175 176 184 192 0
102 104 12 44 38 99 6 19 23 24 25 27 31 37 41 43 47 57 61 64 68 69 70 73 86 87 88 123 126 131 153 161 165 170 174 180 182 186 191 198 200 0
103 21 3 7 15 31 35 36 50 70 80 91 96 97 105 109 122 139 146 156 174 189 0
104 164 193 102 79 3 4 12 16 47 55 65 67 76 88 95 105 106 107 112 113 124 125 141 161 163 171 173 175 178 191 192 0
105 76 189 1 2 13 26 32 34 48 52 57 70 73 80 103 104 128 138 140 141 146 148 194 0
106 100 48 1 6 9 18 31 46 51 52 76 78 83 104 115 118 120 128 134 147 165 189 190 0
107 121 12 23 32 50 67 69 72 92 104 115 126 128 129 132 141 149 152 155 158 159 161 181 198 0
108 34 82 9 2 18 27 40 49 50 61 64 66 70 73 88 100 112 114 117 125 147 167 171 190 193 0
109 176 1 2 34 36 41 45 62 70 80 103 111 116 122 129 135 141 147 152 158 177 180 192 0
110 34 190 22 194 150 1 6 7 8 30 32 35 42 68 75 77 93 123 152 169 174 181 199 0
111 81 86 163 20 21 26 29 45 73 85 109 112 118 150 172 182 0
112 164 121 50 175 6 12 25 27 36 42 46 48 51 53 57 67 70 75 97 104 108 111 114 125 132 153 163 176 195 197 0
113 28 96 185 172 88 22 26 31 42 48 73 91 101 104 128 151 156 168 180 189 191 0
114 121 3 6 9 16 20 24 55 59 65 77 79 90 101 108 112 119 140 141 166 169 175 178 180 187 189 193 0
115 29 16 19 23 32 48 50 61 69 72 106 107 130 138 143 152 156 159 164 165 167 177 180 198 0
116 101 92 2 6 7 10 28 44 46 50 53 63 72 79 109 118 124 149 152 155 162 170 191 0
117 144 5 6 20 22 38 50 81 83 108 123 135 146 149 154 156 161 168 173 174 176 177 0
118 94 5 11 12 22 29 33 34 35 40 41 45 47 67 78 81 86 88 106 111 116 150 155 174 197 198 0
119 19 4 17 38 57 66 84 87 93 95 114 141 154 191 194 197 199 0
120 33 51 88 89 106 128 142 156 157 165 194 0
121 112 95 114 107 11 31 36 43 45 46 49 69 76 86 101 141 145 149 150 158 170 175 195 0
122 130 5 8 32 37 43 75 85 87 94 103 109 126 138 140 142 152 164 174 178 182 186 193 197 0
123 66 138 69 58 6 19 30 49 82 84 102 110 117 156 164 180 186 0
124 150 5 30 37 55 63 104 116 130 141 151 152 158 163 164 186 192 196 0
125 186 146 65 2 18 19 21 23 26 40 75 90 97 104 108 112 159 173 181 183 199 0
126 66 21 197 2 9 34 36 60 63 67 88 102 107 122 183 187 200 0
127 188 27 36 42 64 67 75 136 141 149 154 159 165 176 0
128 188 3 4 23 29 30 32 40 77 78 79 85 90 105 106 107 113 120 134 139 169 174 182 184 185 199 0
129 54 26 63 16 21 44 50 56 59 61 79 93 101 107 109 131 135 143 152 162 165 170 188 0
130 33 122 43 3 6 19 20 21 22 24 27 30 50 58 64 99 101 115 124 131 136 155 168 180 184 189 0
131 98 5 23 28 50 56 62 93 102 129 130 136 138 144 148 163 185 186 0
132 29 1 12 33 53 64 77 78 80 81 84 87 89 95 107 112 136 141 145 158 164 183 186 188 0
133 90 9 24 28 30 55 56 82 92 94 97 99 101 137 148 154 155 159 166 171 184 193 195 0
134 152 25 140 3 4 57 73 83 85 101 106 128 139 144 155 172 180 0
135 51 151 67 101 13 19 21 23 43 56 69 74 79 84 85 86 109 117 129 137 140 147 166 176 183 185 192 197 0
136 28 27 90 31 42 64 74 87 89 127 130 131 132 139 146 149 162 166 177 179 180 0
137 27 191 184 9 12 14 18 42 48 49 61 67 98 133 135 139 144 147 165 173 179 181 195 0
138 123 59 9 15 16 25 41 50 51 52 60 78 84 91 95 105 115 122 131 140 145 155 177 187 197 0
139 22 4 12 39 49 52 55 64 85 90 103 128 134 136 137 167 177 178 198 0
140 134 7 12 13 35 38 39 44 95 99 105 114 122 135 138 171 177 188 190 191 198 0
141 74 2 5 10 12 13 16 19 23 40 43 52 54 65 86 88 89 104 105 107 109 114 119 121 124 127 132 150 157 165 166 187 194 0
142 3 52 1 9 27 47 57 58 72 80 93 120 122 153 169 172 175 192 195 199 0
143 160 6 13 27 49 56 69 72 76 100 101 115 129 145 167 174 182 188 189 193 0
144 92 161 117 179 2 9 19 28 35 37 39 63 64 68 75 85 99 131 134 137 154 157 158 170 177 193 0
145 34 78 155 7 24 33 35 39 51 69 94 121 132 138 143 147 157 163 168 169 177 178 179 188 0
146 125 4 15 41 43 44 61 74 88 91 94 103 105 117 136 156 169 170 182 187 188 190 193 199 0
147 193 168 4 30 32 42 48 53 56 61 74 75 82 91 96 106 108 109 135 137 145 149 150 159 160 173 185 192 194 0
148 28 18 26 49 50 78 82 105 131 133 161 164 174 175 186 188 189 0
149 93 17 36 44 52 64 83 84 91 107 116 117 121 127 136 147 159 171 187 191 0
150 110 124 11 18 19 24 38 42 58 64 78 83 90 96 111 118 121 141 147 170 190 191 193 195 0
151 135 5 29 30 33 44 49 54 63 65 74 81 96 113 124 162 170 193 198 199 0
152 51 34 93 134 5 9 19 43 56 60 68 80 84 92 107 109 110 115 116 122 124 129 157 175 0
153 24 21 32 47 56 70 75 79 81 85 102 112 142 158 163 166 169 174 197 0
154 96 7 28 64 70 78 80 84 117 119 127 133 144 169 186 193 0
155 145 64 14 22 42 50 58 61 71 73 81 84 98 100 107 116 118 130 133 134 138 156 172 174 176 184 192 0
156 90 4 8 9 15 27 32 46 58 59 68 70 72 86 103 113 115 117 120 123 146 155 158 196 200 0
157 10 1 3 8 37 50 59 60 76 82 98 120 141 144 145 152 158 160 177 187 0
158 81 18 36 40 42 49 57 72 79 80 94 107 109 121 124 132 144 153 156 157 167 169 192 0
159 96 17 18 29 55 58 70 71 72 74 80 92 94 107 115 125 127 133 147 149 165 175 187 0
160 6 143 55 11 16 33 37 88 91 147 157 183 189 0
161 144 2 8 28 33 34 41 57 69 83 91 102 104 107 117 148 162 165 179 183 199 200 0
162 67 182 3 28 37 53 64 66 78 79 86 116 129 136 151 161 165 0
163 111 9 12 14 18 22 25 28 35 42 45 49 56 60 68 75 89 95 104 112 124 131 145 153 190 195 0
164 51 100 112 104 6 94 70 1 7 15 35 47 59 64 73 77 81 82 87 92 115 122 123 124 132 148 171 195 0
165 95 29 36 13 21 28 34 38 44 45 61 62 66 76 78 79 83 91 99 102 106 115 120 127 129 137 141 159 161 162 173 176 192 200 0
166 4 1 15 46 47 57 64 68 87 90 114 133 135 136 141 153 179 191 0
167 169 178 27 33 41 64 66 70 86 88 90 98 99 108 115 139 143 158 190 193 0
168 147 3 13 18 20 23 40 55 58 64 71 74 88 113 117 130 145 178 193 195 0
169 22 167 5 12 17 30 56 58 64 69 95 110 114 128 142 145 146 153 154 158 170 174 178 190 193 0
170 173 1 3 11 17 30 32 53 57 59 64 65 102 116 121 129 144 146 150 151 169 176 182 197 0
171 35 173 2 20 23 44 45 55 57 68 73 74 88 94 97 99 104 108 133 140 149 164 174 186 192 193 197 200 0
172 113 11 14 17 20 24 28 31 54 60 76 77 111 134 142 155 180 188 199 0
173 171 200 170 17 20 34 53 63 64 72 76 95 98 104 117 125 137 147 165 185 0
174 36 25 27 38 48 51 59 67 69 70 71 72 73 75 86 92 99 102 103 110 117 118 122 128 143 148 153 155 169 171 175 198 0
175 112 3 10 21 44 54 72 78 84 101 104 114 121 142 148 152 159 174 178 0
176 50 89 109 85 25 45 68 77 100 101 112 117 127 135 155 165 170 177 181 0
177 60 198 24 31 38 47 52 67 82 91 92 109 115 117 136 138 139 140 144 145 157 176 182 191 195 0
178 167 4 13 26 74 75 85 104 114 122 139 145 168 169 175 182 0
179 144 4 26 61 65 86 91 136 137 145 161 166 180 188 189 193 196 198 0
180 54 13 29 30 37 39 46 50 57 79 85 87 95 96 99 102 109 113 114 115 123 130 134 136 172 179 0
181 191 8 28 32 43 57 59 60 83 89 94 107 110 125 137 176 185 199 0
182 162 15 19 70 85 102 111 122 128 143 146 170 177 178 0
183 14 37 5 7 17 25 39 40 50 55 57 89 125 126 132 135 160 161 0
184 137 12 27 29 48 51 54 59 64 66 68 69 72 79 84 101 128 130 133 155 188 190 198 0
185 113 6 20 45 49 56 74 82 85 92 128 131 135 147 173 181 193 0
186 61 125 4 21 24 32 35 37 43 63 67 72 74 91 102 122 123 124 131 132 148 154 171 192 194 197 0
187 27 7 29 34 71 85 92 114 126 138 141 146 149 157 159 193 200 0
188 81 14 127 128 2 19 35 42 43 54 129 132 140 143 145 146 148 172 179 184 0
189 105 1 7 23 43 47 52 60 66 103 106 113 114 130 143 148 160 179 200 0
190 110 23 32 19 5 11 12 60 81 96 106 108 140 146 150 163 167 169 184 191 196 0
191 137 20 181 4 43 50 52 74 76 82 86 92 102 104 113 116 119 140 149 150 166 177 190 196 0
192 6 74 56 12 28 33 39 43 61 66 79 89 101 104 109 124 135 142 147 155 158 165 171 186 193 198 0
193 104 147 28 44 54 77 81 93 108 114 122 133 143 144 146 150 151 154 167 168 169 171 179 185 187 192 200 0
194 110 1 7 12 18 25 28 33 59 65 75 78 94 100 105 119 120 141 147 186 195 199 0
195 51 28 14 27 29 34 47 61 62 69 73 79 112 121 133 137 142 150 163 164 168 177 194 197 0
196 100 9 14 29 40 52 95 97 124 156 179 190 191 0
197 126 8 12 23 48 52 71 74 88 95 112 118 119 122 135 138 153 170 171 186 195 0
198 177 16 19 32 44 48 72 73 82 102 107 115 118 139 140 151 174 179 184 192 0
199 87 6 71 74 84 110 119 125 128 142 146 151 161 172 181 194 200 0
200 173 31 73 3 15 47 48 62 65 67 68 76 81 89 99 102 126 156 161 165 171 187 189 193 199 0

