200  1199
1 105 18 20 23 83 98 107 109 114 117 149 171 190 0
2 27 18 30 34 53 55 77 89 94 97 145 150 162 165 172 174 181 184 0
3 159 12 20 55 75 84 151 160 163 0
4 36 9 15 20 57 88 112 139 150 155 156 177 185 0
5 156 20 21 39 56 77 85 88 91 93 154 157 174 175 188 0
6 67 129 30 40 104 111 143 164 171 186 0
7 67 162 28 56 91 119 120 123 147 0
8 79 21 27 50 106 118 130 165 0
9 137 4 21 65 102 111 151 156 198 0
10 110 12 34 49 59 63 65 89 98 127 153 156 182 186 187 192 0
11 155 46 54 59 85 91 95 106 117 122 137 174 179 183 187 0
12 59 18 128 3 10 41 86 87 104 117 118 0
13 154 152 79 18 20 45 60 62 70 75 89 122 138 142 173 176 0
14 39 138 92 136 164 24 51 131 141 175 193 0
15 196 57 4 19 34 43 84 89 94 108 167 199 0
16 48 26 28 62 73 109 113 148 152 168 177 0
17 192 39 47 63 85 170 0
18 12 1 2 13 25 32 43 57 63 74 125 170 180 187 0
19 27 15 52 57 74 95 100 107 111 117 156 166 181 0
20 173 31 1 3 4 5 13 27 33 35 70 134 170 0
21 57 5 8 9 34 37 46 59 61 99 126 149 0
22 129 24 46 66 98 115 156 159 169 172 180 193 0
23 111 1 27 47 49 79 116 0
24 31 14 22 35 42 58 63 85 95 100 107 144 163 175 198 0
25 119 18 31 52 100 152 200 0
26 39 169 16 35 87 116 122 131 172 0
27 39 32 19 41 114 2 8 20 23 28 42 46 56 110 170 174 178 183 191 192 0
28 62 7 16 27 33 34 57 86 89 103 109 118 131 154 170 190 0
29 46 41 65 76 80 99 100 122 143 153 165 175 180 0
30 145 74 172 2 6 37 64 129 143 0
31 20 24 25 60 65 82 88 97 100 110 114 145 153 154 196 0
32 27 154 46 38 160 137 18 34 36 44 77 140 169 174 188 198 0
33 67 20 28 89 108 131 167 175 183 185 187 198 0
34 45 2 10 15 21 28 32 42 91 102 110 152 159 191 0
35 68 20 24 26 113 150 165 175 0
36 84 4 32 47 48 76 101 110 157 0
37 122 21 30 43 53 117 127 129 136 187 0
38 32 145 126 43 135 139 159 165 170 0
39 27 14 102 184 26 200 78 5 17 56 70 72 73 83 128 129 157 162 180 0
40 175 6 113 121 133 147 152 172 198 0
41 27 12 29 51 59 100 165 179 183 186 187 0
42 96 174 165 24 27 34 52 59 66 92 95 98 114 125 133 136 146 155 158 0
43 93 60 15 18 37 38 78 88 99 108 122 125 138 164 170 171 186 190 200 0
44 120 32 50 97 98 153 184 0
45 187 34 13 78 79 84 109 111 128 152 175 180 185 191 0
46 32 176 178 134 29 11 21 22 27 92 112 136 151 158 175 0
47 147 17 23 36 54 60 80 101 171 181 0
48 145 16 36 85 94 107 116 131 165 0
49 111 10 23 57 80 94 102 123 129 149 161 163 0
50 71 8 44 102 160 170 172 180 193 0
51 181 14 41 59 64 72 129 138 151 171 175 0
52 175 190 19 25 42 53 58 126 127 171 187 0
53 138 2 37 52 57 76 103 105 133 187 0
54 141 167 83 150 11 47 58 68 86 171 186 188 0
55 81 2 3 84 136 167 194 0
56 139 5 7 27 39 84 121 151 193 195 199 0
57 15 21 4 18 19 28 49 53 94 97 105 167 180 184 200 0
58 154 89 93 72 76 24 52 54 69 75 87 96 105 132 170 188 0
59 70 12 10 11 21 41 42 51 79 105 109 114 174 180 189 0
60 43 13 31 47 68 70 85 90 114 132 135 144 157 173 189 0
61 154 71 180 21 67 91 99 101 106 148 153 155 184 190 0
62 73 28 194 13 16 69 131 142 174 0
63 166 10 17 18 24 120 167 196 0
64 110 30 51 74 98 122 140 157 192 0
65 172 9 10 29 31 100 142 150 171 0
66 137 22 42 104 105 118 129 151 176 183 187 0
67 175 88 96 177 106 6 7 33 87 61 69 73 74 189 0
68 74 35 54 60 108 109 129 136 189 0
69 74 144 58 62 67 83 126 147 162 172 182 190 0
70 73 59 13 20 39 60 112 125 140 141 158 187 192 0
71 61 50 96 103 124 130 133 146 147 149 152 163 166 184 196 198 0
72 58 39 51 83 122 126 142 144 159 170 0
73 176 70 186 62 81 16 39 67 87 101 123 126 165 0
74 30 68 131 100 69 18 19 64 67 82 88 105 111 121 124 148 163 0
75 121 3 13 58 96 166 168 189 0
76 58 29 36 53 95 100 110 117 176 194 0
77 89 2 5 32 92 180 0
78 39 43 45 90 95 103 108 118 120 151 154 166 180 0
79 13 8 23 45 59 154 157 161 166 179 181 0
80 81 29 47 49 96 133 165 176 0
81 73 80 55 107 157 159 173 188 0
82 88 31 74 85 127 130 132 152 169 191 0
83 54 1 39 69 72 85 91 131 142 169 0
84 175 115 110 36 3 15 45 55 56 100 112 132 134 137 0
85 161 5 11 17 24 48 60 82 83 171 179 196 0
86 142 12 28 54 102 125 157 166 181 186 0
87 67 12 26 58 73 106 110 112 124 0
88 67 170 82 4 5 31 43 74 110 152 162 0
89 58 77 2 10 13 15 28 33 129 184 185 196 0
90 115 60 78 96 114 120 121 150 164 165 179 0
91 152 181 97 5 7 11 34 61 83 95 115 138 0
92 14 116 124 130 42 46 77 110 117 139 148 152 156 191 0
93 58 43 105 156 5 98 112 115 116 125 138 143 157 169 0
94 121 2 15 48 49 57 115 119 127 130 139 171 188 199 0
95 175 11 19 24 42 76 78 91 104 137 0
96 67 192 42 146 58 71 75 80 90 97 106 111 113 136 140 161 0
97 91 108 2 31 44 57 96 131 137 150 151 169 197 0
98 111 1 10 22 42 44 64 93 104 126 154 162 168 0
99 170 21 29 43 61 129 173 174 175 0
100 74 158 19 24 25 29 31 41 65 76 84 123 126 161 165 0
101 172 36 47 61 73 123 148 157 0
102 39 132 182 112 197 9 34 49 50 86 119 138 139 165 195 0
103 192 28 53 71 78 104 112 126 140 158 171 189 195 0
104 138 6 12 66 95 98 103 127 129 184 0
105 93 118 1 53 57 58 59 66 74 141 149 162 165 173 176 181 192 0
106 67 8 11 61 87 96 138 162 165 180 194 199 0
107 154 1 19 24 48 81 114 166 169 171 179 0
108 97 15 33 43 68 78 152 168 191 195 0
109 119 1 16 28 45 59 68 124 140 196 0
110 84 64 10 27 31 34 36 76 87 88 92 113 122 123 146 152 187 0
111 132 157 98 195 49 23 6 9 19 45 74 96 122 180 0
112 102 4 46 70 84 87 93 103 154 176 0
113 171 16 35 40 96 110 119 133 135 166 174 193 0
114 27 1 31 42 59 60 90 107 118 125 132 134 166 169 178 190 192 0
115 84 179 90 22 91 93 94 145 159 168 194 0
116 92 23 26 48 93 130 131 164 181 0
117 175 1 11 12 19 37 76 92 159 169 184 0
118 105 8 12 28 66 78 114 121 131 132 151 159 0
119 182 25 109 7 94 102 113 126 136 150 187 189 194 199 200 0
120 121 44 7 63 78 90 184 199 0
121 191 94 120 75 142 40 56 74 90 118 126 128 135 139 144 158 165 196 0
122 156 37 11 13 26 29 43 64 72 110 111 133 0
123 181 7 49 73 100 101 110 145 158 186 188 194 200 0
124 92 71 74 87 109 129 133 137 147 186 0
125 132 161 18 42 43 70 86 93 114 142 143 150 0
126 38 21 52 69 72 73 98 100 103 119 121 0
127 131 135 10 37 52 82 94 104 151 153 192 0
128 12 198 149 39 45 121 144 185 190 0
129 6 22 30 37 39 49 51 66 68 89 99 104 124 141 161 185 196 0
130 92 8 71 82 94 116 166 173 175 192 0
131 74 127 14 26 28 33 48 62 83 97 116 118 173 185 192 0
132 102 111 125 151 58 60 82 84 114 118 145 156 160 0
133 191 40 42 53 71 80 113 122 124 144 151 166 184 196 198 0
134 46 20 84 114 164 170 175 186 0
135 127 38 60 113 121 145 154 175 0
136 14 37 42 46 55 68 96 119 140 163 177 183 0
137 32 9 66 11 84 95 97 124 175 179 191 0
138 14 104 53 13 43 51 91 93 102 106 175 0
139 152 56 4 38 92 94 102 121 145 149 154 189 0
140 187 32 64 70 96 103 109 136 179 196 0
141 175 54 193 14 70 105 129 142 149 159 170 0
142 121 86 13 62 65 72 83 125 141 149 153 166 169 188 0
143 183 6 29 30 93 125 153 155 176 0
144 69 189 24 60 72 121 128 133 181 0
145 38 30 153 48 2 31 115 123 132 135 139 148 184 0
146 96 188 42 71 110 152 197 0
147 165 47 7 40 69 71 124 149 155 176 0
148 177 16 61 74 92 101 145 182 193 0
149 128 1 21 49 71 105 139 141 142 147 168 186 191 0
150 54 2 4 35 65 90 97 119 125 165 176 195 0
151 132 3 9 46 51 56 66 78 97 118 127 133 170 172 194 0
152 13 139 191 91 16 25 34 40 45 71 82 88 92 108 110 146 155 166 0
153 145 173 10 29 31 44 61 127 142 143 158 160 167 200 0
154 32 13 58 61 107 5 28 31 78 79 98 112 135 139 164 166 185 187 192 195 0
155 171 11 4 42 61 143 147 152 0
156 93 5 122 4 9 10 19 22 92 132 171 188 0
157 111 5 36 39 60 64 79 81 86 93 101 162 174 0
158 100 42 46 70 103 121 123 153 192 200 0
159 198 3 22 34 38 72 81 115 117 118 141 162 189 192 0
160 32 3 50 132 153 193 198 0
161 125 85 49 79 96 100 129 195 0
162 7 2 39 69 88 98 105 106 157 159 178 184 195 0
163 178 3 24 49 71 74 136 198 0
164 14 6 43 90 116 134 154 166 0
165 42 147 2 8 29 35 38 41 48 73 80 90 100 102 105 106 121 150 185 0
166 187 63 19 71 75 78 79 86 107 113 114 130 133 142 152 154 164 0
167 54 15 33 55 57 63 153 0
168 175 16 75 98 108 115 149 195 196 0
169 26 22 32 82 83 93 97 107 114 117 142 182 0
170 88 99 17 18 20 27 28 38 43 50 58 72 134 141 151 178 180 189 0
171 176 155 196 113 185 1 6 43 47 51 52 54 65 85 94 103 107 156 188 0
172 30 101 65 2 22 26 40 50 69 151 195 199 0
173 153 20 13 60 81 99 105 130 131 199 0
174 42 2 5 11 27 32 59 62 99 113 157 181 0
175 182 141 52 67 168 187 84 117 95 40 5 14 24 29 33 35 45 46 51 99 130 134 135 137 138 196 0
176 46 73 171 13 66 76 80 105 112 143 147 150 185 200 0
177 67 148 4 16 136 0
178 46 163 199 27 114 162 170 0
179 115 11 41 79 85 90 107 137 140 180 0
180 61 18 22 29 39 45 50 57 59 77 78 106 111 170 179 182 0
181 91 51 123 2 19 47 79 86 105 116 144 174 199 0
182 102 175 119 10 69 148 169 180 197 0
183 192 143 11 27 33 41 66 136 189 0
184 39 2 44 57 61 71 89 104 117 120 133 145 162 0
185 171 4 33 45 89 128 129 131 154 165 176 0
186 73 6 10 41 43 54 86 123 124 134 149 195 0
187 175 166 45 140 10 11 18 33 37 41 52 53 66 70 110 119 154 189 191 0
188 146 5 32 54 58 81 94 123 142 156 171 192 193 194 0
189 144 59 60 67 68 75 103 119 139 159 170 183 187 190 197 0
190 52 1 28 43 61 69 114 128 189 193 0
191 152 121 133 27 34 45 82 92 108 137 149 187 193 196 0
192 96 183 17 103 10 27 64 70 105 114 127 130 131 154 158 159 188 0
193 141 14 22 50 56 113 148 160 188 190 191 195 0
194 62 55 76 106 115 119 123 151 188 197 0
195 111 56 102 103 108 150 154 161 162 168 172 186 193 0
196 171 15 31 63 71 85 89 109 121 129 133 140 168 175 191 0
197 102 97 146 182 189 194 0
198 128 159 9 24 32 33 40 71 133 160 163 0
199 178 15 56 94 106 119 120 172 173 181 0
200 39 25 43 57 119 123 153 158 176 0

