200  387
1 81 87 150 0
2 10 64 139 162 0
3 101 66 0
4 155 81 114 0
5 90 185 0
6 152 58 76 0
7 123 120 79 171 0
8 132 49 82 0
9 42 75 188 0
10 175 2 87 164 0
11 132 61 196 0
12 125 138 172 0
13 15 149 0
14 145 103 127 189 123 0
15 162 84 197 13 121 97 0
16 80 112 158 0
17 179 105 19 89 103 0
18 190 168 0
19 141 140 124 55 17 123 196 0
20 101 56 83 113 150 0
21 37 123 169 44 71 120 130 0
22 33 147 0
23 190 137 150 0
24 115 38 100 0
25 101 37 73 36 185 60 130 0
26 123 111 132 138 145 0
27 76 107 90 56 120 179 198 0
28 155 0
29 69 113 0
30 76 128 62 109 129 145 168 0
31 91 69 81 122 0
32 135 89 0
33 174 22 87 89 140 0
34 94 152 0
35 63 141 150 169 0
36 25 162 0
37 25 125 158 21 114 0
38 57 24 0
39 77 41 45 0
40 107 184 47 132 179 0
41 69 97 39 0
42 145 146 159 45 9 128 167 0
43 69 45 58 132 0
44 76 21 0
45 42 39 43 187 189 0
46 77 0
47 183 40 0
48 121 113 136 157 0
49 8 157 0
50 96 129 0
51 81 85 57 187 198 0
52 102 98 170 179 0
53 111 107 0
54 162 100 152 96 107 0
55 19 198 0
56 20 148 27 62 113 0
57 51 171 38 0
58 199 6 43 86 0
59 179 95 0
60 197 25 100 155 0
61 199 183 11 0
62 30 188 56 99 0
63 145 81 88 79 35 134 115 0
64 93 2 173 0
65 125 0
66 103 3 141 146 147 0
67 113 178 168 83 188 0
68 103 176 78 0
69 160 29 41 43 31 106 168 184 0
70 165 151 80 102 0
71 84 21 72 83 144 0
72 132 71 0
73 25 137 0
74 164 116 0
75 158 9 0
76 125 165 27 30 44 82 6 133 172 0
77 124 39 46 125 0
78 68 193 0
79 63 7 0
80 70 16 114 139 0
81 63 51 1 115 106 4 31 92 182 0
82 76 8 141 161 0
83 67 20 71 106 107 0
84 15 199 167 141 71 92 128 148 149 0
85 51 0
86 145 58 93 166 189 0
87 1 10 33 0
88 63 161 140 179 0
89 181 17 32 33 0
90 27 137 5 0
91 97 31 129 198 0
92 84 99 81 149 168 0
93 181 64 86 135 0
94 101 174 34 0
95 125 193 59 185 0
96 146 50 54 167 0
97 41 91 15 171 177 0
98 114 52 152 159 191 0
99 92 62 188 0
100 54 150 24 60 0
101 162 135 25 20 94 160 3 198 0
102 70 52 183 0
103 14 68 66 17 0
104 107 126 0
105 17 160 0
106 81 69 83 0
107 27 104 40 181 53 54 83 141 0
108 199 136 122 0
109 122 30 152 0
110 188 0
111 26 53 167 0
112 16 195 0
113 155 67 200 20 29 48 56 0
114 121 194 98 4 37 80 0
115 81 24 63 0
116 74 0
117 190 0
118 135 0
119 194 136 0
120 7 21 27 0
121 15 48 114 0
122 195 175 109 31 108 0
123 21 155 26 7 14 19 162 184 0
124 19 77 133 0
125 37 76 12 192 95 187 65 77 133 149 0
126 183 104 187 0
127 14 154 153 0
128 30 144 42 84 0
129 91 30 50 140 0
130 159 21 25 179 0
131 136 174 0
132 135 182 179 11 8 72 198 26 40 43 183 0
133 124 76 125 189 0
134 63 0
135 101 132 118 32 93 0
136 108 131 48 119 173 196 0
137 90 23 73 0
138 12 26 0
139 182 2 80 159 169 0
140 19 33 88 129 181 0
141 84 19 166 177 173 35 66 82 107 155 0
142 190 180 0
143 192 0
144 128 71 0
145 162 63 14 42 86 26 30 155 172 196 0
146 42 96 66 0
147 151 22 66 0
148 56 84 0
149 195 13 84 92 125 0
150 100 1 20 23 35 0
151 70 147 0
152 54 6 34 98 109 154 0
153 127 0
154 127 152 0
155 123 113 28 4 60 141 145 0
156 199 0
157 178 48 49 0
158 37 75 16 0
159 42 130 98 139 0
160 101 69 105 172 191 0
161 88 82 0
162 195 15 101 145 186 54 2 36 123 0
163 190 0
164 197 74 10 180 0
165 76 70 0
166 141 86 0
167 84 190 42 96 111 0
168 67 18 30 69 92 176 182 0
169 21 35 139 172 187 0
170 176 52 0
171 57 7 97 0
172 12 76 145 160 169 200 0
173 141 64 136 0
174 94 33 131 0
175 122 10 184 0
176 68 170 168 0
177 141 97 188 0
178 67 157 0
179 132 17 59 27 40 52 88 130 0
180 142 164 181 0
181 107 93 89 140 180 0
182 132 196 139 81 168 0
183 61 47 126 102 132 0
184 40 69 123 175 190 0
185 25 5 95 0
186 162 0
187 125 45 51 126 169 0
188 62 110 9 67 99 177 0
189 14 45 86 133 0
190 167 23 142 18 163 117 184 0
191 193 98 160 0
192 125 143 0
193 95 191 78 0
194 114 119 0
195 162 122 149 112 0
196 182 11 19 136 145 0
197 15 164 60 0
198 132 27 51 55 91 101 0
199 84 108 156 61 58 0
200 113 172 0

