200  392
1 200 9 104 157 0
2 141 35 105 0
3 92 28 54 141 148 0
4 38 101 127 0
5 27 70 182 0
6 15 41 48 109 115 169 0
7 168 154 175 0
8 134 27 166 0
9 1 162 191 32 37 103 123 0
10 193 154 157 0
11 64 0
12 125 190 0
13 36 0
14 50 0
15 155 44 6 138 194 0
16 101 0
17 192 58 95 104 0
18 160 170 108 0
19 144 104 54 0
20 88 161 53 0
21 38 83 0
22 137 185 172 173 41 75 98 135 0
23 183 41 99 184 0
24 51 72 95 118 0
25 199 111 153 102 177 0
26 119 36 113 125 46 145 176 0
27 180 5 8 28 0
28 165 3 27 113 0
29 102 40 0
30 137 48 97 0
31 51 0
32 71 9 70 146 172 0
33 182 50 34 51 56 107 0
34 137 33 0
35 132 2 0
36 26 13 38 83 186 0
37 47 9 71 0
38 36 4 98 21 53 83 0
39 153 104 172 180 186 0
40 119 182 65 192 29 0
41 160 71 130 6 22 23 107 0
42 72 0
43 122 0
44 15 168 109 0
45 50 85 95 192 0
46 89 69 26 79 0
47 182 99 37 83 0
48 147 100 148 85 6 30 55 57 0
49 186 118 147 0
50 33 138 186 75 45 158 14 89 97 148 0
51 65 166 31 24 103 33 172 191 0
52 66 103 0
53 113 20 38 97 0
54 19 3 119 167 0
55 70 48 75 125 0
56 144 33 60 67 0
57 195 48 90 99 0
58 186 17 72 0
59 113 121 0
60 136 56 104 0
61 119 159 106 100 0
62 111 187 0
63 132 120 0
64 114 11 129 173 0
65 40 137 67 131 51 116 124 74 114 192 0
66 130 52 83 148 170 0
67 65 195 197 56 104 156 191 0
68 154 163 125 167 0
69 46 132 0
70 169 155 55 171 5 32 78 0
71 41 154 72 32 37 129 0
72 71 42 177 123 24 58 78 0
73 158 140 170 0
74 126 65 182 0
75 50 22 55 133 0
76 117 84 120 0
77 182 133 152 0
78 138 70 72 0
79 85 46 113 131 0
80 174 149 187 0
81 197 139 146 167 0
82 195 126 0
83 47 21 36 38 66 0
84 76 101 0
85 48 135 79 45 119 134 191 0
86 176 94 0
87 185 0
88 111 20 190 0
89 130 46 50 156 190 0
90 144 57 91 165 0
91 147 176 90 189 0
92 137 3 121 0
93 137 167 198 0
94 170 86 196 0
95 154 17 24 45 179 0
96 158 109 155 200 0
97 186 30 50 53 107 0
98 38 22 176 0
99 47 23 57 107 0
100 48 61 0
101 132 16 4 84 0
102 25 29 114 196 0
103 51 9 52 0
104 19 1 17 39 60 67 155 175 0
105 139 2 147 183 0
106 61 151 0
107 158 33 41 97 99 174 0
108 186 145 18 110 0
109 136 6 44 96 0
110 119 190 115 108 0
111 25 88 62 0
112 132 165 114 0
113 26 134 59 53 28 79 186 199 0
114 112 64 65 102 0
115 110 189 6 127 0
116 65 0
117 147 76 185 187 0
118 196 24 49 123 0
119 110 40 26 61 54 85 165 0
120 76 63 0
121 92 59 133 0
122 133 43 0
123 72 9 118 129 164 197 0
124 65 151 140 159 182 193 0
125 26 12 55 68 147 0
126 171 74 82 0
127 200 4 115 0
128 141 186 0
129 144 64 71 123 0
130 41 89 180 66 0
131 65 194 79 192 0
132 182 112 101 63 35 69 0
133 77 122 75 121 0
134 113 8 85 0
135 85 178 22 180 0
136 186 109 60 0
137 65 92 22 93 30 34 149 192 0
138 50 78 187 15 0
139 199 175 105 81 173 181 197 0
140 195 73 124 0
141 144 128 183 2 3 0
142 200 0
143 199 0
144 182 141 19 56 90 129 159 0
145 108 26 147 0
146 158 32 81 0
147 169 117 91 48 49 105 125 145 0
148 48 3 50 66 157 0
149 179 80 137 0
150 179 0
151 124 106 0
152 190 77 0
153 25 39 0
154 71 68 95 156 7 10 0
155 70 15 96 104 0
156 154 67 89 0
157 160 164 1 10 148 0
158 50 146 73 96 107 0
159 61 124 144 0
160 182 41 169 199 157 18 181 200 0
161 20 0
162 9 164 0
163 68 0
164 157 123 162 0
165 112 28 90 119 0
166 51 8 0
167 93 184 54 68 81 0
168 44 7 0
169 160 70 147 6 0
170 18 94 66 73 0
171 70 126 174 0
172 22 32 39 51 0
173 22 64 139 0
174 179 80 107 171 0
175 139 7 104 0
176 91 86 26 98 0
177 72 25 190 0
178 135 0
179 199 200 174 150 149 95 0
180 130 27 39 135 0
181 160 188 139 0
182 40 47 160 144 132 33 77 5 74 124 0
183 141 23 105 198 0
184 167 23 0
185 22 87 117 0
186 50 49 108 136 97 58 36 39 113 128 0
187 138 198 62 80 117 0
188 181 0
189 115 91 0
190 110 152 12 88 89 177 0
191 9 51 67 85 0
192 40 17 45 65 131 137 0
193 200 10 124 0
194 131 15 0
195 67 57 140 82 0
196 198 118 94 102 0
197 67 81 123 139 0
198 187 196 93 183 0
199 160 25 179 139 143 113 0
200 179 142 193 1 127 96 160 0

