200  285
1 87 0
2 55 45 0
3 57 72 0
4 70 67 132 187 0
5 56 99 0
6 185 0
7 30 58 0
8 32 77 28 195 0
9 80 59 0
10 141 117 0
11 191 23 92 93 0
12 118 0
13 166 70 97 0
14 97 0
15 134 157 34 65 0
16 167 21 37 0
17 176 21 0
18 30 111 162 190 0
19 134 127 0
20 32 78 97 0
21 17 183 16 76 86 0
22 32 84 46 135 0
23 11 68 84 0
24 44 0
25 200 54 121 0
26 44 79 0
27 64 140 113 164 159 0
28 62 8 194 0
29 128 0
30 131 18 7 102 0
31 64 74 123 89 102 0
32 43 22 191 36 145 8 20 76 92 0
33 177 68 0
34 15 0
35 200 0
36 32 62 56 50 67 0
37 142 16 0
38 63 53 0
39 163 112 0
40 112 90 147 0
41 143 174 61 115 0
42 64 184 0
43 64 177 200 179 32 130 124 159 0
44 167 26 24 58 0
45 142 2 183 0
46 111 22 0
47 140 160 0
48 199 0
49 50 0
50 128 49 36 85 0
51 157 126 0
52 194 0
53 130 38 76 0
54 87 129 25 0
55 162 2 0
56 36 135 5 0
57 167 141 3 0
58 44 7 0
59 9 0
60 134 74 0
61 41 0
62 36 28 197 0
63 64 180 97 66 105 146 38 0
64 63 31 43 27 173 93 176 42 144 69 85 0
65 117 15 184 0
66 63 143 131 149 166 179 0
67 4 36 162 168 0
68 119 186 23 33 0
69 64 104 161 184 0
70 13 4 84 192 0
71 118 184 0
72 185 3 0
73 165 89 0
74 31 60 0
75 101 171 102 0
76 32 82 21 53 115 0
77 8 0
78 141 20 177 0
79 26 155 0
80 130 9 148 0
81 177 150 0
82 76 0
83 157 0
84 22 107 23 70 0
85 196 50 64 0
86 185 199 21 0
87 180 54 1 103 0
88 144 0
89 140 106 31 73 146 0
90 40 105 188 0
91 99 0
92 128 11 32 163 0
93 64 118 11 0
94 177 0
95 118 0
96 198 189 182 0
97 63 14 13 20 195 0
98 153 169 0
99 105 91 5 0
100 176 0
101 177 75 134 0
102 30 31 75 0
103 140 110 116 87 0
104 69 0
105 63 99 154 90 165 0
106 89 192 0
107 84 120 0
108 140 0
109 138 0
110 103 0
111 18 188 139 46 195 157 0
112 173 40 125 39 0
113 27 121 0
114 162 178 0
115 41 76 159 188 0
116 103 0
117 10 65 0
118 93 95 71 12 0
119 141 68 121 148 0
120 107 0
121 113 25 119 169 0
122 128 155 182 0
123 31 142 0
124 198 43 0
125 112 0
126 51 0
127 19 0
128 172 165 122 29 50 92 195 0
129 54 0
130 43 53 80 0
131 66 30 138 0
132 192 4 0
133 185 183 0
134 168 15 60 19 101 0
135 56 22 146 0
136 139 0
137 179 153 0
138 131 172 109 0
139 111 192 136 178 0
140 27 47 103 166 108 89 0
141 57 119 158 10 78 151 0
142 123 37 45 191 0
143 66 41 0
144 64 193 88 0
145 32 0
146 63 89 135 0
147 157 40 156 174 0
148 80 119 0
149 66 0
150 81 182 0
151 141 0
152 155 0
153 199 156 98 137 0
154 105 0
155 122 181 152 79 0
156 153 147 0
157 15 147 83 51 111 0
158 141 0
159 27 43 115 0
160 47 0
161 69 169 0
162 18 55 114 170 67 0
163 167 39 92 0
164 27 169 0
165 128 185 73 105 0
166 140 13 66 0
167 173 44 16 57 163 197 0
168 173 134 67 0
169 164 98 121 161 0
170 162 0
171 75 0
172 138 128 0
173 64 167 168 112 0
174 41 175 147 0
175 174 0
176 64 100 17 0
177 43 101 81 194 94 33 78 0
178 139 114 0
179 43 198 184 137 66 0
180 63 87 0
181 155 0
182 150 96 122 0
183 21 45 133 0
184 179 42 65 69 71 197 0
185 165 86 6 72 133 0
186 68 0
187 191 4 0
188 111 90 115 0
189 96 195 0
190 18 196 0
191 32 11 187 142 0
192 139 132 70 106 0
193 144 0
194 177 52 28 0
195 111 8 97 128 189 0
196 190 85 0
197 167 62 184 0
198 179 96 124 0
199 86 48 153 0
200 43 35 25 0

