200  2166
1 113 64 6 8 21 22 28 42 44 52 54 63 70 77 78 83 94 103 104 139 149 168 172 178 189 0
2 172 72 100 162 63 66 71 74 80 89 90 107 108 131 142 165 166 173 0
3 190 25 28 29 31 36 42 45 49 66 67 72 97 120 154 197 0
4 113 30 52 60 62 98 102 112 114 117 125 135 140 145 161 174 181 182 190 198 199 0
5 39 21 45 56 72 90 96 118 122 124 145 164 169 172 186 0
6 145 1 9 12 16 17 22 51 63 66 82 98 102 103 117 120 122 131 164 183 192 198 0
7 25 12 15 23 30 36 53 61 67 75 88 93 118 124 155 165 172 188 198 0
8 180 105 1 9 15 26 44 81 91 94 98 100 108 113 118 133 146 158 169 173 177 188 190 192 0
9 161 6 8 27 28 30 32 34 36 45 50 56 66 67 93 98 120 122 146 149 153 174 179 190 191 193 0
10 107 169 11 25 39 41 44 49 56 64 90 94 113 119 124 148 158 162 163 0
11 174 59 77 10 14 22 32 49 62 65 67 75 98 105 115 118 119 129 131 145 149 158 170 197 0
12 133 182 6 7 45 70 71 77 80 81 85 93 103 132 134 152 155 160 162 167 0
13 173 15 37 25 24 39 47 55 56 58 79 81 100 112 117 118 137 170 175 179 187 188 0
14 153 11 16 29 41 49 58 81 85 100 126 154 161 179 180 191 0
15 13 174 113 141 82 85 31 193 91 7 8 22 50 57 63 71 77 86 103 114 117 138 145 167 179 185 188 0
16 120 6 14 17 51 67 76 86 109 130 149 157 172 189 0
17 114 165 6 16 29 33 42 79 121 128 134 149 162 164 168 174 178 180 185 197 0
18 108 29 36 74 75 76 85 111 120 128 137 141 146 163 177 185 186 193 196 0
19 72 186 20 21 26 27 38 42 43 61 64 111 144 145 148 152 154 155 158 160 165 168 179 182 187 195 197 199 0
20 93 19 21 51 58 82 83 86 99 102 104 126 131 137 151 164 179 195 198 200 0
21 113 1 5 19 20 45 65 74 80 81 108 111 112 128 147 156 0
22 160 143 62 1 6 11 15 26 30 44 55 56 74 82 88 105 106 123 124 133 138 148 150 161 167 176 179 185 0
23 145 7 29 31 43 47 56 63 99 108 114 116 117 121 125 134 140 164 165 166 184 194 0
24 89 13 44 53 57 75 113 133 149 154 181 197 0
25 13 7 95 3 10 28 65 67 74 77 78 99 118 128 134 144 145 150 168 174 178 187 198 0
26 78 122 181 45 121 8 19 22 46 74 75 79 82 84 123 129 139 142 160 171 175 193 0
27 95 9 19 42 53 55 83 86 92 93 108 112 116 144 149 154 156 176 198 0
28 138 33 112 1 3 9 25 56 69 92 96 98 115 122 132 157 160 167 186 196 198 0
29 78 50 161 168 3 14 17 18 23 35 42 45 51 54 62 80 86 105 107 113 124 128 149 166 199 0
30 178 154 57 4 7 9 22 36 40 44 45 54 69 70 79 85 89 97 120 125 146 148 155 162 169 175 176 180 199 0
31 15 68 159 3 23 35 41 65 71 75 77 78 88 93 96 109 111 128 138 144 166 175 181 0
32 145 9 11 36 62 63 90 92 98 102 112 124 133 153 157 193 198 0
33 28 17 53 54 63 65 67 68 85 93 108 110 114 116 134 174 181 182 189 0
34 196 9 56 59 65 99 103 105 111 120 123 124 138 142 148 157 165 168 174 177 193 194 0
35 141 166 55 178 117 29 31 37 51 64 72 76 91 96 97 98 110 111 114 130 138 142 149 151 165 169 170 177 190 0
36 139 3 7 9 18 30 32 55 56 74 77 95 96 100 108 109 122 136 149 152 157 186 194 0
37 13 188 35 76 79 84 95 110 117 123 127 159 160 163 168 185 196 197 0
38 145 197 19 59 69 74 80 90 108 111 113 150 156 166 179 191 195 198 0
39 67 5 10 13 48 50 58 62 64 74 87 90 111 123 132 133 137 147 168 187 200 0
40 119 30 90 92 93 123 132 141 149 161 170 176 185 189 0
41 172 10 14 31 51 60 65 66 67 72 110 113 120 121 129 146 159 195 198 0
42 81 1 3 17 19 27 29 45 77 79 98 102 118 124 134 147 150 159 167 168 172 174 180 0
43 87 19 23 57 59 62 68 72 95 101 108 110 112 130 147 161 164 170 189 194 198 0
44 183 1 8 10 22 24 30 55 56 61 64 74 79 84 96 99 102 113 116 123 132 138 162 181 186 0
45 26 3 5 9 12 21 29 30 42 57 64 67 70 82 97 99 110 131 137 143 146 160 161 162 171 187 188 199 0
46 83 96 26 68 71 77 81 92 119 130 136 149 151 168 173 184 192 0
47 172 13 23 48 60 76 79 98 100 122 145 146 149 154 169 190 0
48 156 71 39 47 50 54 85 122 131 148 161 167 170 180 0
49 83 60 3 10 11 14 59 62 72 75 76 81 100 118 138 139 167 173 176 180 183 184 187 195 0
50 29 156 88 9 15 39 48 72 80 85 111 121 152 163 184 196 200 0
51 173 194 6 16 20 29 35 41 62 63 82 100 111 136 154 155 186 196 199 0
52 175 1 4 56 62 112 114 140 142 145 147 152 153 183 195 0
53 157 7 24 27 33 64 69 70 104 106 113 128 135 136 158 160 176 178 182 183 189 192 197 0
54 157 102 58 79 92 126 1 29 30 33 48 59 63 73 74 80 128 130 132 133 153 154 158 165 178 189 190 0
55 35 163 175 13 22 27 36 44 86 98 108 129 135 151 154 188 197 198 0
56 61 5 9 10 13 22 23 28 34 36 44 52 66 71 83 90 108 112 116 118 157 160 185 192 198 0
57 30 15 24 43 45 71 86 90 105 111 115 121 126 129 141 146 147 151 154 178 182 196 0
58 54 115 13 14 20 39 68 69 76 88 91 95 101 119 128 132 167 174 179 196 197 0
59 11 189 34 38 43 49 54 77 115 132 138 157 159 167 169 170 194 0
60 49 4 41 47 67 87 91 95 99 110 115 118 129 139 151 157 158 175 0
61 180 56 7 19 44 63 78 92 106 108 109 121 126 136 142 164 166 172 179 0
62 22 4 11 29 32 39 43 49 51 52 83 112 115 122 123 127 132 147 153 163 173 189 199 0
63 128 171 1 2 6 15 23 32 33 51 54 61 64 74 75 86 87 88 111 127 134 148 155 159 164 169 177 188 200 0
64 1 10 19 35 39 44 45 53 63 69 76 110 139 145 155 163 179 187 189 196 199 0
65 86 11 21 25 31 33 34 41 71 75 83 87 89 102 103 111 114 133 137 159 170 172 175 182 184 192 195 0
66 137 195 2 3 6 9 41 56 82 92 97 114 115 119 151 161 173 0
67 172 39 155 3 7 9 11 16 25 33 41 45 60 82 107 128 131 136 140 151 161 168 173 174 186 0
68 31 33 43 46 58 70 80 82 83 88 89 90 91 96 111 117 121 125 128 130 132 143 149 150 172 186 194 0
69 78 190 28 30 38 53 58 64 71 76 82 95 105 126 132 134 139 142 144 177 189 0
70 131 97 1 12 30 45 53 68 76 77 85 87 89 114 123 143 153 154 169 194 195 197 200 0
71 48 2 12 15 31 46 56 57 65 69 92 133 152 153 185 187 200 0
72 2 19 3 5 35 41 43 49 50 74 77 84 100 120 124 130 137 141 147 156 164 168 181 187 192 0
73 120 54 78 85 86 88 100 112 123 126 140 152 165 169 170 175 179 180 182 187 188 193 198 0
74 145 150 2 18 21 22 25 26 36 38 39 44 54 63 72 81 94 99 101 110 122 125 129 134 137 143 144 169 176 179 183 0
75 152 7 11 18 24 26 31 49 63 65 88 113 122 131 134 145 149 156 167 178 0
76 146 16 18 35 37 47 49 58 64 69 70 80 85 87 91 103 127 141 142 165 170 173 182 188 190 0
77 11 1 12 15 25 31 36 42 46 59 70 72 92 96 110 130 134 135 143 146 151 162 165 170 186 187 192 0
78 145 26 86 29 120 69 118 1 25 31 61 73 92 113 114 132 141 157 167 168 172 179 181 190 0
79 54 13 17 26 30 37 42 44 47 87 90 98 104 130 135 144 155 164 166 170 174 176 184 196 0
80 122 2 12 21 29 38 50 54 68 76 98 141 145 150 170 172 183 0
81 83 127 42 8 12 13 14 21 46 49 74 93 99 110 114 120 160 171 183 189 193 0
82 15 192 83 6 20 22 26 45 51 66 67 68 69 94 105 110 116 134 162 197 0
83 82 49 81 144 132 46 1 20 27 56 62 65 68 86 101 103 110 120 125 129 135 153 156 186 190 191 195 197 0
84 189 26 37 44 72 86 97 98 107 108 119 127 144 162 177 200 0
85 15 12 14 18 30 33 48 50 70 73 76 97 104 115 119 135 137 145 162 0
86 78 149 65 15 16 20 27 29 55 57 63 73 83 84 91 98 126 127 131 139 159 161 163 166 179 181 198 0
87 152 43 39 60 63 65 70 76 79 93 94 101 125 140 144 146 168 177 182 188 189 0
88 50 7 22 31 58 63 68 73 75 90 97 99 120 128 136 150 154 170 179 189 0
89 117 24 2 30 65 68 70 99 103 109 125 131 139 152 171 0
90 133 2 5 10 32 38 39 40 56 57 68 79 88 103 138 144 150 154 175 0
91 15 8 35 58 60 68 76 86 96 99 101 121 141 147 174 181 182 189 193 194 195 0
92 54 27 28 32 40 46 61 66 71 77 78 93 103 117 120 155 166 199 0
93 196 20 7 9 12 27 31 33 40 81 87 92 95 103 115 151 153 168 170 172 174 177 178 181 197 0
94 145 111 1 8 10 74 82 87 99 103 140 151 169 171 172 189 193 0
95 25 27 36 37 43 58 60 69 93 97 98 112 114 117 121 131 134 143 156 165 168 172 199 0
96 46 5 28 31 35 36 44 68 77 91 126 143 144 157 159 163 164 166 168 180 190 191 0
97 70 3 30 35 45 66 84 85 88 95 100 121 122 127 135 151 154 156 165 175 178 0
98 103 4 6 8 9 11 28 32 35 42 47 55 79 80 84 86 95 106 112 117 121 127 140 177 178 181 199 0
99 166 147 20 23 25 34 44 45 60 74 81 88 89 91 94 104 105 115 124 126 132 139 157 161 163 182 191 193 197 199 200 0
100 2 110 8 13 14 36 47 49 51 72 73 97 107 123 134 144 149 152 171 177 184 192 193 198 200 0
101 190 43 58 74 83 87 91 113 128 141 145 151 152 0
102 54 4 6 20 32 42 44 65 104 105 119 120 127 138 144 158 164 166 167 169 172 0
103 189 98 1 6 12 15 34 65 76 83 89 90 92 93 94 131 132 141 142 150 153 155 156 165 166 182 199 0
104 139 1 20 53 79 85 99 102 115 131 132 156 0
105 8 11 22 29 34 57 69 82 99 102 112 116 129 131 141 166 184 188 195 0
106 166 22 53 61 98 117 118 135 143 144 145 152 153 160 162 186 198 0
107 117 10 2 29 67 84 100 112 139 140 142 146 149 171 172 179 182 185 191 0
108 130 18 2 8 21 23 27 33 36 38 43 55 56 61 84 143 169 199 0
109 165 16 31 36 61 89 114 133 174 180 200 0
110 100 33 35 37 41 43 45 60 64 74 77 81 82 83 112 120 122 123 132 134 137 154 165 169 172 187 194 0
111 94 18 19 21 31 34 35 38 39 50 51 57 63 65 68 130 132 133 149 151 153 168 175 190 200 0
112 28 4 13 21 27 32 43 52 56 62 73 95 98 105 107 110 113 119 124 132 134 136 138 156 165 166 167 177 188 191 193 195 197 0
113 15 1 196 142 4 21 8 10 24 29 38 41 44 53 75 78 101 112 114 127 134 135 152 153 160 165 166 170 174 188 191 195 0
114 119 17 4 15 23 33 35 52 65 66 70 78 81 95 109 113 118 120 172 178 181 183 189 0
115 58 176 11 28 57 59 60 62 66 85 93 99 104 121 122 127 129 136 137 139 141 145 154 195 198 0
116 161 23 27 33 44 56 82 105 121 140 157 160 166 169 189 0
117 35 157 89 107 4 6 13 15 23 37 68 92 95 98 106 138 139 141 151 155 175 178 188 191 195 0
118 78 5 7 8 11 13 25 42 49 56 60 106 114 130 133 140 141 147 156 163 165 168 177 197 0
119 145 114 177 40 10 11 46 58 66 84 85 102 112 130 138 142 147 154 157 193 198 0
120 78 73 16 3 6 9 18 30 34 41 72 81 83 88 92 102 110 114 124 126 129 140 144 147 157 164 181 196 0
121 26 17 23 41 50 57 61 68 91 95 97 98 115 116 130 139 151 164 173 188 189 0
122 26 80 136 5 6 9 28 36 47 48 62 74 75 97 110 115 128 133 137 139 153 174 190 192 200 0
123 193 187 22 26 34 37 39 40 44 62 70 73 100 110 141 198 0
124 181 5 7 10 22 29 32 34 42 72 99 112 120 130 145 178 179 180 185 0
125 166 4 23 30 68 74 83 87 89 131 134 136 142 143 157 158 165 191 195 0
126 54 14 20 57 61 69 73 86 96 99 120 129 144 148 168 170 181 0
127 81 37 62 63 76 84 86 97 98 102 113 115 132 165 170 185 192 193 194 0
128 196 184 200 63 191 17 18 21 25 29 31 53 54 58 67 68 88 101 122 131 137 138 139 146 153 155 158 165 167 174 175 183 185 0
129 143 11 26 41 55 57 60 74 83 105 115 120 126 135 139 153 170 174 183 194 198 199 0
130 174 108 16 35 43 46 54 68 72 77 79 111 118 119 121 124 148 152 153 173 179 180 193 196 197 0
131 141 70 2 6 11 20 45 48 67 75 86 89 95 103 104 105 125 128 136 140 153 168 180 181 0
132 83 135 12 28 39 40 44 54 58 59 62 68 69 78 99 103 104 110 111 112 127 140 145 161 162 166 170 190 194 197 0
133 160 12 90 8 22 24 32 39 54 65 71 109 111 118 122 135 138 155 166 167 169 182 194 0
134 172 12 17 23 25 33 42 63 69 74 75 77 82 95 100 110 112 113 125 136 137 138 143 166 175 176 193 0
135 132 4 53 55 77 79 83 85 97 106 113 129 133 147 159 163 187 0
136 122 158 185 36 46 51 53 61 67 88 112 115 125 131 134 151 167 177 0
137 145 66 13 18 20 39 45 65 72 74 85 110 115 122 128 134 139 168 170 171 175 196 0
138 173 28 15 22 31 34 35 44 49 59 90 102 112 117 119 128 133 134 153 155 165 171 182 185 197 0
139 148 36 104 1 26 49 60 64 69 86 89 99 107 115 117 121 122 128 129 137 146 155 173 184 189 191 192 200 0
140 182 4 23 52 67 73 87 94 98 107 116 118 120 131 132 141 155 156 168 177 193 194 0
141 15 199 35 131 151 18 40 57 72 76 78 80 91 101 103 105 115 117 118 123 140 153 158 173 176 183 185 190 0
142 113 2 26 34 35 52 61 69 76 103 107 119 125 148 154 155 160 177 183 194 195 0
143 22 129 45 68 70 74 77 95 96 106 108 125 134 145 161 165 167 193 0
144 83 19 25 27 31 69 74 79 84 87 90 96 100 102 106 120 126 152 0
145 173 78 137 160 32 74 94 38 119 23 6 4 5 11 15 19 25 47 52 64 75 80 85 101 106 115 124 132 143 167 168 179 180 182 184 0
146 172 76 8 9 18 30 41 45 47 57 77 87 107 128 139 163 166 174 186 198 0
147 99 21 39 42 43 52 57 62 72 91 118 119 120 135 150 151 165 168 175 182 0
148 160 139 10 19 22 30 34 48 63 126 130 142 173 175 176 182 185 186 193 0
149 86 1 9 11 16 17 24 27 29 35 36 40 46 47 68 75 100 107 111 185 186 193 0
150 74 22 25 38 42 68 80 88 90 103 147 151 160 0
151 141 20 35 46 55 57 60 66 67 77 93 94 97 101 111 117 121 136 147 150 155 167 173 176 178 0
152 163 87 75 12 19 36 50 52 71 73 89 100 101 106 113 130 144 172 180 196 0
153 199 14 9 32 52 54 62 70 71 83 93 103 106 111 113 122 128 129 130 131 138 141 174 175 176 194 200 0
154 30 3 14 19 24 27 47 51 54 55 57 70 88 90 97 110 115 119 142 156 182 195 200 0
155 67 7 12 19 30 51 63 64 79 92 103 117 128 133 138 139 140 142 151 182 190 0
156 50 48 21 27 38 72 75 83 95 97 103 104 112 118 140 154 161 164 182 190 198 0
157 117 54 167 53 16 28 32 34 36 56 59 60 78 96 99 116 119 120 125 169 183 190 195 0
158 136 8 10 11 19 53 54 60 102 125 128 141 182 187 0
159 31 37 41 42 59 63 65 86 96 135 178 180 183 197 0
160 145 133 148 22 12 19 26 28 37 45 53 56 81 106 113 116 142 150 166 173 178 192 197 0
161 29 9 116 4 14 22 40 43 45 48 66 67 86 99 132 143 156 170 174 186 189 190 0
162 2 10 12 17 30 44 45 77 82 84 85 106 132 166 0
163 55 152 10 18 37 50 62 64 86 96 99 118 135 146 167 197 0
164 189 5 6 17 20 23 43 61 63 72 79 96 102 120 121 156 167 182 185 187 0
165 17 109 2 7 19 23 34 35 54 73 76 77 95 97 103 110 112 113 118 125 127 128 138 143 147 176 197 0
166 35 125 99 106 2 23 29 31 38 61 79 86 92 96 102 103 105 112 113 116 132 133 134 146 160 162 172 199 0
167 157 12 15 22 28 42 48 49 58 59 75 78 102 112 128 133 136 143 145 151 163 164 173 183 184 186 196 0
168 29 1 17 19 25 34 37 39 42 46 67 72 78 87 93 95 96 111 118 126 131 137 140 145 147 179 188 196 0
169 10 5 8 30 35 47 59 63 70 73 74 94 102 108 110 116 133 157 0
170 183 11 13 35 40 43 48 59 65 73 76 77 79 80 88 93 113 126 127 129 132 137 161 191 0
171 63 26 45 81 89 94 100 107 137 138 184 200 0
172 196 47 146 2 67 41 183 134 1 5 7 16 42 61 65 68 78 80 93 94 95 102 107 110 114 152 166 186 200 0
173 13 145 138 51 2 8 46 49 62 66 67 76 121 130 139 141 148 151 160 167 193 196 200 0
174 15 130 11 4 9 17 25 33 34 42 58 67 79 91 93 109 113 122 128 129 146 153 161 181 194 196 198 0
175 55 180 52 13 26 30 31 60 65 73 90 97 111 117 128 134 137 147 148 153 182 193 195 0
176 115 22 27 30 40 49 53 74 79 134 141 148 151 153 165 177 0
177 119 8 18 34 35 63 69 84 87 93 98 100 112 118 136 140 142 176 0
178 35 30 179 1 17 25 53 54 57 75 93 97 98 114 117 124 151 159 160 183 187 188 191 193 0
179 178 9 13 14 15 19 20 22 38 58 61 64 73 74 78 86 88 107 124 130 145 168 184 194 199 0
180 175 8 61 14 17 30 42 48 49 73 96 109 124 130 131 145 152 159 184 194 200 0
181 26 124 4 24 31 33 44 72 78 86 91 93 98 114 120 126 131 174 191 0
182 12 140 4 19 33 53 57 65 73 76 87 91 99 103 107 133 138 145 147 148 154 155 156 158 164 175 185 194 199 0
183 172 44 170 6 49 52 53 74 80 81 114 128 129 141 142 157 159 167 178 187 195 0
184 128 23 46 49 50 65 79 100 105 139 145 167 171 179 180 0
185 136 15 17 18 22 37 40 56 71 107 124 127 128 138 141 148 149 164 182 193 0
186 19 5 18 28 36 44 51 67 68 77 83 106 146 148 149 161 167 172 0
187 123 13 19 25 39 45 49 64 71 72 73 77 110 135 158 164 178 183 197 0
188 37 7 8 13 15 45 55 63 73 76 87 105 112 113 117 121 168 178 194 0
189 59 103 84 164 1 16 33 40 43 53 54 62 64 69 81 87 88 91 94 114 116 121 139 161 0
190 69 3 101 4 8 9 35 47 54 76 78 83 96 111 122 132 141 155 156 157 161 192 0
191 128 9 14 38 83 96 99 107 112 113 117 125 139 170 178 181 194 0
192 82 6 8 46 53 56 65 72 77 100 122 127 139 160 190 196 198 0
193 15 123 9 18 26 32 34 73 81 91 94 99 100 112 119 127 130 134 140 143 148 149 173 175 178 185 198 0
194 51 23 34 36 43 59 68 70 91 110 127 129 132 133 140 142 153 174 179 180 182 188 191 0
195 66 19 20 38 41 49 52 65 70 83 91 105 112 113 115 117 125 142 154 157 175 183 196 199 0
196 113 128 172 93 34 18 28 37 50 51 57 58 64 79 120 130 137 152 167 168 173 174 192 195 0
197 38 3 11 17 19 24 37 53 55 58 70 82 83 93 99 112 118 130 132 138 159 160 163 165 187 0
198 199 4 6 7 20 25 27 28 32 38 41 43 55 56 73 86 100 106 115 119 123 129 146 156 174 192 193 0
199 141 198 153 4 19 29 30 45 51 62 64 92 95 98 99 103 108 129 166 179 182 195 0
200 128 20 39 50 63 70 71 84 99 100 109 111 122 139 153 154 171 172 173 180 0

