200  302
1 63 75 55 19 0
2 117 0
3 154 35 178 0
4 186 76 0
5 73 184 0
6 82 38 85 0
7 27 51 189 38 110 172 185 0
8 142 0
9 88 99 45 121 141 0
10 90 172 21 0
11 90 181 142 71 0
12 193 103 87 0
13 90 97 0
14 183 130 98 193 0
15 198 0
16 37 34 78 140 165 0
17 28 0
18 91 0
19 1 0
20 161 170 112 139 146 0
21 49 10 0
22 106 129 0
23 187 33 0
24 158 79 191 0
25 91 192 163 183 159 148 94 0
26 129 0
27 192 63 109 7 196 0
28 102 188 17 130 190 0
29 106 115 0
30 33 111 74 177 0
31 87 0
32 57 179 144 0
33 23 30 180 124 152 103 106 166 0
34 35 43 16 54 97 184 0
35 3 50 34 128 0
36 141 0
37 57 175 16 60 194 0
38 6 104 7 0
39 161 108 0
40 183 161 135 119 0
41 144 123 0
42 51 0
43 34 183 0
44 110 115 0
45 9 84 108 0
46 88 0
47 117 122 80 155 0
48 189 131 55 0
49 110 21 59 0
50 35 173 110 0
51 7 42 123 0
52 189 61 153 142 0
53 178 0
54 80 34 153 0
55 1 48 107 161 0
56 92 136 60 181 0
57 91 32 117 37 133 119 156 0
58 159 72 0
59 49 111 138 0
60 37 80 138 56 0
61 52 0
62 92 73 102 0
63 27 1 105 193 0
64 155 89 0
65 187 80 0
66 171 162 0
67 179 71 0
68 162 0
69 142 94 164 0
70 122 168 0
71 67 11 157 165 0
72 58 0
73 62 5 108 0
74 93 30 0
75 1 0
76 4 0
77 147 0
78 117 16 0
79 196 147 24 150 0
80 60 54 47 65 129 0
81 163 0
82 179 6 105 0
83 111 0
84 45 0
85 6 0
86 91 134 0
87 179 176 31 12 130 0
88 179 46 9 0
89 64 106 140 0
90 91 186 10 11 155 191 13 143 0
91 57 25 90 187 18 93 140 162 86 0
92 154 62 56 99 0
93 91 74 127 169 94 0
94 163 174 25 69 93 0
95 141 0
96 192 0
97 13 34 100 0
98 14 183 0
99 9 92 139 0
100 147 125 137 97 0
101 179 198 185 129 0
102 179 116 28 62 195 0
103 12 33 128 197 0
104 38 182 177 0
105 63 82 121 0
106 194 22 29 33 89 144 0
107 197 55 131 163 0
108 73 39 45 0
109 27 0
110 50 49 44 7 0
111 30 83 59 0
112 20 0
113 151 178 0
114 173 180 0
115 199 29 44 0
116 102 145 0
117 57 193 47 2 78 177 0
118 163 146 0
119 40 57 0
120 140 0
121 9 105 173 0
122 47 70 171 0
123 41 51 0
124 33 0
125 100 175 0
126 162 0
127 93 0
128 196 156 35 103 0
129 192 26 22 80 101 194 0
130 14 28 87 181 0
131 48 107 196 0
132 198 173 0
133 57 0
134 163 86 0
135 40 149 183 0
136 56 0
137 100 0
138 60 59 0
139 183 20 99 178 0
140 91 120 16 89 0
141 192 160 158 36 95 9 0
142 11 8 69 52 159 0
143 90 194 0
144 32 171 41 106 0
145 116 149 172 0
146 118 20 0
147 79 100 77 200 0
148 25 0
149 135 145 188 0
150 187 190 79 0
151 155 113 0
152 33 0
153 52 54 169 0
154 179 92 3 157 0
155 90 151 64 47 161 0
156 128 57 0
157 154 71 0
158 141 24 199 0
159 25 58 142 161 0
160 141 0
161 40 20 39 55 155 159 0
162 91 68 126 66 0
163 25 134 94 118 81 107 0
164 171 195 69 0
165 174 16 71 0
166 196 33 192 0
167 190 170 0
168 70 0
169 93 153 0
170 20 167 0
171 144 164 66 122 0
172 10 7 145 0
173 50 114 121 132 0
174 94 165 183 0
175 37 125 0
176 87 0
177 104 30 117 0
178 3 53 113 139 190 0
179 32 102 154 82 88 101 67 197 87 0
180 33 114 0
181 11 56 130 0
182 104 0
183 25 139 40 14 43 98 135 174 0
184 5 34 0
185 101 7 0
186 90 4 0
187 91 23 65 150 0
188 28 149 0
189 7 48 52 0
190 150 167 28 178 0
191 90 24 0
192 25 27 141 129 96 166 200 0
193 117 12 14 63 0
194 37 106 200 129 143 0
195 164 102 0
196 27 79 166 128 131 0
197 179 107 103 0
198 101 15 132 0
199 158 115 0
200 194 147 192 0

