200  1173
1 152 37 60 64 78 105 106 125 129 163 164 172 194 0
2 115 142 36 6 21 24 34 49 55 76 114 120 126 161 167 0
3 175 137 54 168 31 38 161 196 0
4 91 155 34 55 97 162 179 187 188 0
5 56 148 18 24 39 49 66 79 92 137 139 147 186 0
6 46 2 88 103 146 147 180 0
7 53 26 28 52 56 60 63 90 134 138 185 187 188 192 0
8 172 12 26 40 50 59 73 85 87 105 126 175 189 191 0
9 33 61 62 71 75 83 87 104 119 164 173 179 192 0
10 87 60 66 0
11 152 60 81 102 137 160 197 0
12 62 135 8 38 53 82 98 101 150 153 175 187 0
13 17 33 71 94 101 120 0
14 126 44 45 64 107 113 119 128 134 136 151 188 0
15 20 41 61 102 110 134 156 182 0
16 147 120 19 25 27 33 103 105 109 150 154 162 185 190 194 0
17 150 13 37 70 104 127 157 172 178 0
18 96 186 5 30 44 60 79 104 114 169 175 0
19 76 16 60 105 111 142 153 154 160 166 179 191 0
20 184 15 55 52 53 73 80 96 106 114 117 127 147 149 180 183 186 190 198 0
21 52 2 24 29 30 85 88 93 100 119 120 123 155 197 0
22 118 54 102 119 152 0
23 126 200 199 130 164 185 32 44 111 149 151 167 0
24 91 2 5 21 45 110 144 154 157 186 0
25 199 157 16 41 42 133 180 183 195 0
26 137 7 8 36 41 47 55 94 99 126 127 172 190 198 0
27 92 16 35 47 66 102 118 146 166 175 0
28 56 163 81 7 44 62 91 108 159 192 199 0
29 127 95 85 114 21 57 67 80 112 117 141 156 180 189 0
30 98 18 21 31 38 44 49 59 61 68 93 96 141 165 0
31 152 40 195 3 30 57 102 149 178 182 0
32 50 37 174 23 62 76 134 144 148 157 158 166 184 0
33 76 39 189 63 176 9 13 16 70 86 93 117 124 132 159 165 0
34 177 2 4 49 59 73 75 112 115 160 186 0
35 74 78 27 47 81 119 125 128 136 138 142 144 151 154 166 174 188 0
36 2 26 62 91 98 102 114 117 153 0
37 32 136 1 17 50 100 128 161 170 188 0
38 127 3 12 30 76 92 96 98 155 156 168 185 0
39 33 110 5 89 96 142 145 153 155 159 180 181 0
40 31 8 75 89 109 112 131 144 200 0
41 70 15 25 26 44 60 88 119 131 150 188 0
42 115 25 49 100 103 137 142 167 168 177 187 0
43 190 48 77 80 82 128 166 0
44 90 14 18 23 28 30 41 45 46 67 69 104 144 150 154 172 181 194 0
45 129 14 24 44 58 66 76 111 130 140 143 145 160 197 198 0
46 197 124 6 44 52 64 68 98 123 131 136 170 182 0
47 200 105 26 27 35 66 78 112 163 165 180 194 0
48 173 169 43 54 62 64 99 146 170 0
49 115 2 5 30 34 42 137 169 183 0
50 199 161 76 32 147 188 8 37 62 63 67 84 101 116 159 0
51 159 61 66 73 130 134 149 168 181 199 0
52 101 21 7 20 46 64 70 102 122 131 135 143 148 156 194 195 0
53 64 7 165 12 20 54 69 80 85 126 135 158 180 196 199 0
54 3 22 48 53 63 89 126 137 157 166 198 0
55 20 2 4 26 74 112 142 148 157 200 0
56 200 121 28 196 175 5 71 7 83 91 113 134 160 184 0
57 130 152 184 106 29 31 58 67 96 103 108 114 142 188 195 197 0
58 184 45 57 75 84 97 102 104 112 132 154 155 158 188 189 0
59 65 8 30 34 68 81 107 119 130 135 164 184 188 0
60 115 99 1 7 10 11 18 19 41 66 67 75 83 113 141 174 0
61 185 9 15 30 51 72 79 114 132 143 166 193 0
62 147 12 9 28 32 36 48 50 65 100 145 161 176 0
63 33 180 7 50 54 77 107 153 156 164 173 176 192 0
64 76 112 101 68 53 65 1 14 46 48 52 71 73 75 87 105 108 117 157 158 175 192 197 0
65 64 59 62 82 129 156 175 187 196 0
66 152 5 10 27 45 47 51 60 78 97 99 132 136 153 170 196 0
67 184 80 29 44 50 57 60 157 191 0
68 64 96 146 30 46 59 122 125 127 131 151 165 169 185 194 0
69 112 75 44 53 80 167 0
70 104 41 17 33 52 98 153 182 183 0
71 56 83 9 13 64 104 133 169 172 0
72 200 61 118 119 123 141 170 186 189 0
73 181 8 20 34 51 64 92 109 118 126 145 146 150 151 160 0
74 134 166 35 55 101 120 126 163 0
75 69 92 143 9 34 40 58 60 64 76 85 88 96 144 164 0
76 50 64 33 19 2 32 38 45 75 98 100 104 177 0
77 86 43 63 87 113 118 125 147 191 0
78 35 1 47 66 102 110 121 126 127 165 169 175 0
79 84 5 18 61 82 91 94 128 134 136 161 172 182 0
80 67 20 29 43 53 69 110 127 131 173 195 196 200 0
81 28 11 35 59 87 89 90 95 160 184 192 0
82 156 12 43 65 79 114 192 200 0
83 71 9 56 60 190 0
84 115 79 50 58 92 117 147 192 0
85 29 8 21 53 75 160 163 183 0
86 175 77 194 33 124 132 142 147 150 184 192 0
87 101 10 8 9 64 77 81 88 105 142 152 156 180 196 0
88 102 6 21 41 75 87 101 107 143 177 186 0
89 121 39 40 54 81 97 100 105 112 119 122 129 134 143 157 161 170 172 0
90 185 44 7 81 113 122 124 165 172 0
91 131 4 123 24 129 28 36 56 79 106 114 138 144 192 0
92 75 27 109 5 38 73 84 116 142 188 0
93 147 21 30 33 108 123 132 152 154 172 0
94 163 13 26 79 114 120 121 148 173 174 0
95 29 140 81 123 138 146 167 170 182 0
96 68 18 20 30 38 39 57 75 111 127 137 146 157 199 0
97 199 4 58 66 89 113 125 151 157 170 187 191 0
98 152 30 12 36 38 46 70 76 101 114 116 130 181 192 0
99 60 26 48 66 127 145 161 173 175 180 183 195 0
100 134 21 37 42 62 76 89 128 160 195 0
101 64 87 52 12 13 50 74 88 98 102 161 188 0
102 196 88 117 11 15 22 27 31 36 52 58 78 101 107 109 195 0
103 164 6 16 42 57 123 160 163 177 184 187 0
104 163 162 158 70 9 17 18 44 58 71 76 111 121 154 194 0
105 47 1 8 16 19 64 87 89 112 124 125 147 193 197 0
106 57 1 20 91 117 138 160 0
107 150 14 59 63 88 102 154 162 167 177 189 191 0
108 126 28 57 64 93 135 136 170 185 199 0
109 92 16 40 73 102 112 117 122 123 124 133 138 153 161 177 0
110 39 15 24 78 80 115 157 0
111 142 125 19 23 45 96 104 127 128 133 140 143 0
112 64 69 128 29 34 40 47 55 58 89 105 109 138 172 180 193 0
113 132 14 56 60 77 90 97 122 139 0
114 29 2 18 20 36 57 61 82 91 94 98 148 156 0
115 126 2 60 154 84 42 116 49 34 110 138 160 164 182 189 194 0
116 115 50 92 98 124 131 191 193 0
117 102 20 29 33 36 64 84 106 109 134 150 0
118 142 22 27 72 73 77 130 132 178 0
119 121 179 9 14 21 22 35 41 59 72 89 137 164 186 0
120 16 2 13 21 74 94 132 144 149 157 186 190 0
121 56 191 89 119 78 94 104 127 133 155 163 196 0
122 199 52 68 89 90 109 113 146 152 166 173 193 0
123 91 144 193 21 46 72 93 95 103 109 127 192 0
124 46 33 86 90 105 109 116 175 0
125 111 1 35 68 77 97 105 136 143 146 155 0
126 23 115 127 14 108 2 8 26 53 54 73 74 78 128 170 184 0
127 126 141 29 38 17 20 26 68 78 80 96 99 111 121 123 173 180 0
128 112 14 35 37 43 79 100 111 126 136 140 154 171 181 187 0
129 91 45 1 65 89 138 140 157 160 177 180 192 0
130 23 57 145 198 45 51 59 98 118 131 139 159 175 186 0
131 185 172 91 183 40 41 46 52 68 80 116 130 134 197 0
132 150 113 33 58 61 66 86 93 118 120 155 0
133 170 25 71 109 111 121 183 0
134 164 100 74 7 14 15 32 51 56 79 89 117 131 150 198 0
135 12 52 53 59 108 158 0
136 37 14 35 46 66 79 108 125 128 158 159 168 179 185 0
137 3 26 5 11 42 49 54 96 119 144 155 198 0
138 175 7 35 91 95 106 109 112 115 129 139 159 194 0
139 147 5 113 130 138 142 143 166 0
140 95 45 111 128 129 0
141 127 29 30 60 72 178 181 0
142 2 111 118 159 19 35 39 42 55 57 86 87 92 139 144 152 165 170 176 180 193 0
143 75 45 52 61 88 89 111 125 139 0
144 123 24 32 35 40 44 75 91 120 137 142 152 168 196 197 198 200 0
145 130 160 39 45 62 73 99 155 176 192 0
146 68 6 27 48 73 95 96 122 125 0
147 50 16 139 93 173 62 5 6 20 77 84 86 105 171 0
148 5 32 52 55 94 114 190 196 198 0
149 200 190 20 23 31 51 120 169 177 0
150 177 132 17 107 12 16 41 44 73 86 117 134 170 0
151 188 14 23 35 68 73 97 152 166 0
152 57 31 98 11 66 1 22 87 93 122 142 144 151 153 194 0
153 190 12 19 36 39 63 66 70 109 152 161 173 0
154 115 170 16 19 24 35 44 58 93 104 107 128 182 193 194 0
155 4 21 38 39 58 121 125 132 137 145 165 174 0
156 196 82 15 29 38 52 63 65 87 114 169 189 0
157 25 17 24 32 54 55 64 67 89 96 97 110 120 129 184 0
158 104 32 53 58 64 135 136 185 191 196 0
159 142 51 28 33 39 50 130 136 138 162 169 183 0
160 145 167 11 19 34 45 56 73 81 85 100 103 106 115 129 182 0
161 50 2 3 37 62 79 89 99 101 109 153 165 184 0
162 104 197 4 16 107 159 174 0
163 28 104 94 171 1 47 74 85 103 121 172 0
164 23 134 103 1 9 59 63 75 115 119 200 0
165 53 30 33 47 68 78 90 142 155 161 192 197 200 0
166 74 19 27 32 35 43 54 61 122 139 151 0
167 160 2 23 42 69 95 107 172 197 0
168 3 38 42 51 136 144 197 0
169 48 18 49 68 71 78 149 156 159 180 192 0
170 154 133 37 46 48 66 72 89 95 97 108 126 142 150 0
171 163 128 147 183 186 191 193 196 0
172 131 187 8 1 17 26 44 71 79 89 90 93 112 163 167 199 0
173 147 48 9 63 80 94 99 122 127 153 183 197 0
174 32 35 60 94 155 162 177 0
175 56 3 86 138 8 12 18 27 64 65 78 99 124 130 185 0
176 33 62 63 142 145 194 195 0
177 191 150 34 42 76 88 103 107 109 129 149 174 185 0
178 191 17 31 118 141 0
179 119 4 9 19 136 199 0
180 63 6 20 25 29 39 47 53 87 99 112 127 129 142 169 0
181 185 73 39 44 51 98 128 141 195 0
182 187 15 31 46 70 79 95 115 154 160 0
183 131 20 25 49 70 85 99 133 159 171 173 0
184 57 67 58 20 32 56 59 81 86 103 126 157 161 0
185 23 131 90 181 61 7 16 38 68 108 136 158 175 177 196 0
186 18 5 20 24 34 72 88 119 120 130 171 194 0
187 172 182 4 7 12 42 65 97 103 128 0
188 50 151 4 7 14 35 37 41 57 58 59 92 101 0
189 33 8 29 58 72 107 115 156 196 0
190 149 43 153 16 20 26 83 120 148 191 193 200 0
191 121 177 178 8 19 67 77 97 107 116 158 171 190 198 0
192 196 7 9 28 63 64 81 82 84 86 91 98 123 129 145 165 169 0
193 123 61 105 112 116 122 142 154 171 190 194 0
194 86 1 16 44 47 52 68 104 115 138 152 154 176 186 193 0
195 31 25 52 57 80 99 100 102 176 181 0
196 56 156 102 192 3 53 65 66 80 87 121 144 148 158 171 185 189 0
197 162 46 11 21 45 57 64 105 131 144 165 167 168 173 0
198 130 20 26 45 54 134 137 144 148 191 199 0
199 23 50 122 97 25 28 51 53 96 108 172 179 198 0
200 23 56 72 47 149 40 55 80 82 144 164 165 190 0

