200  1171
1 126 111 6 44 59 64 76 94 123 124 170 189 192 199 0
2 79 174 165 159 19 54 103 132 134 138 141 176 179 188 191 198 0
3 22 19 24 43 88 110 121 163 164 0
4 36 193 8 47 57 65 83 94 95 126 129 139 152 154 171 175 179 190 0
5 17 10 54 77 173 185 0
6 19 173 1 7 68 84 103 109 142 179 181 0
7 102 85 6 45 50 63 66 69 82 101 120 155 0
8 196 4 26 82 102 111 123 199 0
9 119 27 49 61 125 137 159 164 179 0
10 30 5 20 21 24 98 147 149 152 174 178 188 194 0
11 80 18 27 30 53 76 109 156 169 198 0
12 56 39 45 58 81 83 84 95 106 116 120 131 173 180 0
13 26 22 46 50 54 75 79 92 99 108 110 111 122 141 145 163 173 176 0
14 198 44 47 50 57 131 162 0
15 21 180 25 34 45 49 72 77 89 95 97 124 140 144 190 195 0
16 154 39 51 57 60 63 64 83 89 99 117 144 169 0
17 133 177 130 5 36 51 68 85 151 153 197 0
18 77 175 74 11 55 87 92 102 116 166 182 0
19 140 78 6 70 125 2 3 41 56 68 105 176 0
20 52 10 33 53 66 73 82 108 137 139 141 149 152 158 163 186 187 197 0
21 22 15 64 105 131 97 55 10 50 82 83 111 125 193 0
22 110 75 51 21 3 58 69 13 50 76 80 93 114 126 141 143 150 160 180 194 0
23 173 62 70 106 114 147 178 200 0
24 91 32 3 10 117 129 154 159 168 192 0
25 104 190 96 15 47 77 138 140 0
26 49 13 8 28 72 76 85 97 127 162 191 198 0
27 59 89 63 9 11 36 41 48 84 121 149 160 180 188 191 198 0
28 136 26 42 72 84 90 92 94 101 105 133 149 173 184 0
29 146 115 71 93 104 186 193 200 0
30 177 158 10 11 32 41 47 55 63 79 86 89 123 197 198 200 0
31 143 92 138 167 48 76 90 164 173 186 0
32 24 122 30 43 50 57 79 89 103 107 119 141 178 0
33 153 20 63 71 83 162 191 0
34 175 36 15 73 76 119 124 139 144 183 0
35 143 137 196 162 44 58 61 105 141 150 0
36 34 71 4 118 17 27 59 64 75 91 111 154 173 0
37 175 157 94 42 73 119 128 182 185 188 0
38 179 164 53 77 94 110 112 122 147 199 0
39 67 12 16 87 103 117 130 146 169 189 0
40 146 145 48 58 79 101 109 167 184 0
41 154 90 19 27 30 45 49 65 73 103 145 147 159 163 193 0
42 194 28 37 58 62 69 71 77 90 114 170 176 0
43 144 3 32 44 51 67 71 99 113 126 129 155 161 170 0
44 196 117 128 191 1 14 35 43 64 95 110 144 0
45 121 7 12 15 41 103 114 134 145 0
46 188 187 13 55 71 89 109 110 164 168 173 181 0
47 133 4 14 25 30 49 89 148 190 193 195 0
48 133 52 82 73 155 27 31 40 58 76 80 83 86 88 149 156 160 194 195 0
49 65 26 9 15 41 47 75 96 103 116 121 123 186 196 0
50 83 7 13 14 21 22 32 73 86 97 98 106 124 125 179 196 0
51 22 16 17 43 112 138 140 146 0
52 48 60 20 53 65 72 86 121 141 0
53 147 11 20 38 52 56 99 115 150 151 159 198 0
54 126 2 5 13 109 123 128 129 161 0
55 21 18 30 46 67 98 99 127 194 0
56 177 12 19 53 67 68 70 75 83 110 148 162 167 186 0
57 140 4 14 16 32 96 116 144 158 162 167 0
58 22 12 35 40 42 48 64 65 70 74 81 87 93 124 148 200 0
59 143 27 1 36 68 76 147 161 184 190 0
60 52 16 100 105 129 143 169 182 0
61 137 163 121 9 35 69 81 82 88 100 102 112 122 176 179 188 190 0
62 151 23 42 89 170 183 189 0
63 27 7 16 30 33 75 138 141 154 158 172 0
64 21 194 1 16 36 44 58 148 162 163 0
65 77 49 4 41 52 58 99 155 162 170 0
66 133 7 20 85 118 171 179 200 0
67 154 39 43 55 56 119 120 153 0
68 179 6 17 19 56 59 113 156 175 181 193 0
69 22 7 42 61 148 149 175 183 0
70 19 23 56 58 92 95 112 116 120 166 179 0
71 36 29 33 42 43 46 108 114 0
72 177 15 26 28 52 75 76 135 145 146 160 167 192 198 0
73 48 87 20 34 37 41 50 93 122 125 161 176 0
74 18 58 81 95 104 108 122 123 125 133 137 163 172 180 182 195 0
75 22 13 36 49 56 63 72 98 170 171 0
76 162 170 1 11 22 26 31 34 48 59 72 97 101 109 111 130 133 147 184 195 199 0
77 132 18 65 5 15 25 38 42 115 130 139 169 185 0
78 19 110 183 185 0
79 146 2 197 13 30 32 40 95 130 143 171 181 187 0
80 117 11 22 48 100 101 105 135 139 150 178 197 200 0
81 114 93 12 58 61 74 142 145 153 163 177 190 0
82 48 7 8 20 21 61 101 119 134 136 147 169 175 0
83 105 50 123 4 12 16 21 33 48 56 87 89 110 135 158 187 0
84 98 152 6 12 27 28 108 109 128 148 0
85 7 17 26 66 96 143 150 0
86 153 112 30 48 50 52 90 106 132 144 180 0
87 73 18 39 58 83 97 114 168 175 191 196 198 0
88 126 3 48 61 89 130 136 138 143 152 161 194 0
89 27 15 16 30 32 46 47 62 83 88 121 126 128 143 144 153 160 170 176 177 193 0
90 41 28 31 42 86 111 136 139 141 166 185 0
91 119 24 36 94 110 127 129 148 150 159 172 177 178 181 189 0
92 31 13 18 28 70 96 138 157 0
93 81 22 29 58 73 106 171 0
94 37 1 4 28 38 91 102 108 116 131 135 140 156 199 0
95 175 4 12 15 44 70 74 79 97 101 114 143 172 195 196 0
96 25 49 57 85 92 99 109 135 162 163 175 178 184 187 193 0
97 21 15 26 50 76 87 95 104 131 135 140 145 181 188 0
98 120 84 129 10 50 55 75 142 144 150 156 171 177 0
99 117 141 13 16 43 53 55 65 96 158 0
100 143 60 61 80 120 140 154 159 176 0
101 176 7 28 40 76 80 82 95 103 120 146 157 0
102 152 7 8 18 61 94 125 148 160 168 187 192 0
103 188 2 6 32 39 41 45 49 101 116 124 129 144 153 165 184 185 196 0
104 139 200 25 186 29 74 97 176 0
105 21 83 19 28 35 60 80 111 141 143 191 0
106 123 12 23 50 86 93 111 143 180 189 0
107 127 124 32 141 146 147 152 165 187 192 0
108 163 13 20 71 74 84 94 110 144 153 155 170 173 178 0
109 110 6 11 40 46 54 76 84 96 148 156 162 186 192 196 0
110 137 22 127 147 109 3 13 38 44 46 56 78 83 91 108 136 0
111 1 8 13 21 36 76 90 105 106 124 147 189 0
112 86 195 38 51 61 70 151 155 183 188 0
113 139 43 68 118 120 131 136 149 159 177 191 0
114 126 81 22 23 42 45 71 87 95 122 146 0
115 29 53 77 142 168 0
116 143 184 12 18 49 57 70 94 103 123 171 181 0
117 44 99 80 16 24 39 124 128 133 141 154 169 0
118 36 66 113 155 156 160 164 176 191 0
119 137 91 9 32 34 37 67 82 155 167 0
120 146 98 192 7 12 67 70 100 101 113 156 162 182 184 185 193 0
121 61 45 3 27 49 52 89 126 169 186 0
122 32 13 38 61 73 74 114 143 158 181 0
123 83 182 106 1 8 30 49 54 74 116 126 152 174 0
124 107 1 15 34 50 58 103 111 117 125 130 131 156 0
125 19 9 21 50 73 74 102 124 142 184 186 192 0
126 142 114 148 54 1 88 4 22 43 89 121 123 144 165 180 0
127 110 107 183 26 55 91 140 144 151 169 189 191 0
128 44 37 54 84 89 117 182 0
129 98 4 24 43 54 60 91 103 160 165 186 0
130 17 39 76 77 79 88 124 151 173 188 0
131 21 12 14 94 97 113 124 163 171 173 195 0
132 139 77 133 2 86 179 197 0
133 132 48 17 47 66 28 74 76 117 0
134 177 2 45 82 195 0
135 175 72 80 83 94 96 97 143 200 0
136 139 28 82 88 90 110 113 0
137 35 110 61 119 146 9 20 74 138 147 0
138 31 2 25 51 63 88 92 137 141 149 153 187 0
139 143 188 140 132 151 104 136 113 4 20 34 77 80 90 167 175 177 186 0
140 139 57 19 15 25 51 94 97 100 127 179 0
141 99 2 13 20 22 32 35 52 63 90 105 107 117 138 150 153 155 161 180 197 0
142 188 126 172 178 6 81 98 115 125 152 177 183 185 190 0
143 59 139 35 116 31 100 22 60 79 85 88 89 95 105 106 122 135 158 179 183 186 0
144 161 43 15 16 34 44 57 86 89 98 103 108 126 127 149 182 0
145 40 13 41 45 72 81 97 148 156 167 0
146 137 150 79 120 29 40 39 51 72 101 107 114 191 192 198 0
147 110 53 156 10 23 38 41 59 76 82 107 111 137 0
148 126 47 56 58 64 69 84 91 102 109 145 158 178 0
149 197 199 10 20 27 28 48 69 113 138 144 0
150 146 22 35 53 80 85 91 98 141 154 196 0
151 139 62 17 53 112 127 130 0
152 84 102 4 10 20 88 107 123 142 163 165 0
153 162 86 198 169 33 17 67 81 89 103 108 138 141 177 185 0
154 157 41 67 16 4 24 36 63 100 117 150 167 178 179 0
155 48 7 43 65 108 112 118 119 141 167 175 0
156 147 11 48 68 94 98 109 118 120 124 145 0
157 37 185 154 92 101 183 0
158 30 20 57 63 83 99 122 143 148 178 0
159 2 9 24 41 53 91 100 113 0
160 168 22 27 48 72 89 102 118 129 0
161 196 144 43 54 59 73 88 141 189 190 0
162 35 153 76 14 26 33 56 57 64 65 96 109 120 0
163 61 108 3 13 20 41 64 74 81 96 131 152 165 187 193 0
164 38 3 9 31 46 118 182 197 0
165 2 103 107 126 129 152 163 179 183 0
166 198 18 70 90 185 192 0
167 31 40 56 57 72 119 139 145 154 155 170 177 193 0
168 200 160 24 46 87 102 115 171 177 0
169 153 179 11 16 39 60 77 82 117 121 127 193 198 0
170 76 1 42 43 62 65 75 89 108 167 198 0
171 175 4 66 75 79 93 98 116 131 168 176 0
172 142 63 74 91 95 178 188 0
173 6 23 5 12 13 28 31 36 46 108 130 131 177 194 197 0
174 2 10 123 181 0
175 18 171 95 37 34 176 135 4 68 69 82 87 96 139 155 0
176 175 101 2 13 19 42 61 73 89 100 104 118 171 197 0
177 17 30 134 56 72 81 89 91 98 113 139 142 153 167 168 173 188 0
178 142 10 23 32 80 91 96 108 148 154 158 172 180 0
179 169 38 68 2 4 6 9 50 61 66 70 132 140 143 154 165 182 185 194 0
180 15 12 22 27 74 86 106 126 141 178 0
181 196 6 46 68 79 91 97 116 122 174 182 197 0
182 123 18 37 60 74 120 128 144 164 179 181 0
183 127 34 62 69 78 112 142 143 157 165 190 193 0
184 116 28 40 59 76 96 103 120 125 196 0
185 157 5 37 77 78 90 103 120 142 153 166 179 0
186 104 20 29 31 49 56 109 121 125 129 139 143 188 199 0
187 46 20 79 83 96 102 107 138 163 0
188 139 46 142 103 2 10 27 37 61 97 112 130 172 177 186 191 198 200 0
189 190 1 39 62 91 106 111 127 161 0
190 25 189 4 15 47 59 61 81 142 161 183 0
191 44 2 26 27 33 87 105 113 118 127 146 188 194 198 200 0
192 120 1 24 72 102 107 109 125 146 166 0
193 4 21 29 41 47 68 89 96 120 163 167 169 183 0
194 64 42 10 22 48 55 88 173 179 191 0
195 112 15 47 48 74 76 95 131 134 0
196 35 8 44 161 181 49 50 87 95 103 109 150 184 0
197 79 149 17 20 30 80 132 141 164 173 176 181 0
198 153 14 166 2 11 26 27 30 53 72 87 146 169 170 188 191 0
199 149 1 8 38 76 94 186 0
200 104 168 23 29 30 58 66 80 135 188 191 0

