200  1117
1 78 8 15 32 42 54 75 87 110 116 164 180 0
2 178 87 12 17 24 60 73 125 131 0
3 143 45 50 77 99 104 141 0
4 161 12 17 20 26 90 123 128 132 177 180 181 0
5 153 158 7 38 47 56 57 69 70 94 118 155 171 187 191 193 0
6 13 32 71 77 83 100 118 170 175 183 199 0
7 153 74 78 166 5 48 76 105 127 146 198 0
8 48 1 21 31 35 46 49 66 86 144 151 176 181 193 0
9 144 140 185 13 44 46 103 107 136 139 192 0
10 102 38 84 155 117 145 171 0
11 153 64 133 53 80 81 99 113 124 132 167 181 0
12 4 2 22 45 51 69 76 88 93 118 183 185 0
13 124 6 9 21 43 46 62 63 70 88 103 117 181 0
14 39 143 36 56 60 66 91 94 104 109 110 114 144 156 161 183 184 185 0
15 108 98 1 16 22 25 26 27 67 74 93 118 125 130 149 184 191 194 0
16 131 15 48 50 62 64 91 101 106 108 132 146 160 177 0
17 119 2 4 20 50 52 185 198 0
18 109 164 174 52 66 117 135 143 151 173 178 180 0
19 184 38 42 59 133 137 138 155 0
20 21 4 17 56 116 118 120 178 195 0
21 63 40 61 20 191 8 13 29 33 39 81 105 122 183 197 198 0
22 25 12 15 65 80 127 162 192 0
23 170 97 83 26 33 40 60 78 96 130 160 165 194 0
24 43 2 72 73 79 97 119 162 168 175 200 0
25 124 77 22 15 32 47 52 54 66 100 135 141 143 177 194 0
26 189 4 15 23 48 68 77 110 141 191 200 0
27 108 15 40 98 106 120 149 153 169 173 185 192 0
28 193 61 96 102 105 114 133 143 145 159 162 200 0
29 125 147 21 45 54 56 103 136 186 196 198 0
30 40 43 78 83 87 95 130 136 179 197 0
31 184 107 8 34 77 81 136 144 158 166 189 0
32 6 1 25 79 86 92 96 104 116 175 0
33 52 100 168 21 23 77 78 80 150 0
34 61 31 54 72 92 104 122 167 195 196 0
35 170 8 39 59 67 80 87 93 102 129 135 140 178 0
36 114 104 14 40 59 85 92 119 130 132 148 179 192 0
37 148 144 145 54 53 57 67 78 80 141 194 196 197 0
38 10 159 179 5 19 39 48 54 55 61 75 101 107 122 187 0
39 165 14 130 21 35 38 74 84 105 125 158 0
40 21 30 23 27 36 69 81 92 159 196 0
41 43 64 81 130 168 0
42 145 184 1 19 44 49 115 117 132 159 0
43 30 41 24 13 45 65 71 0
44 122 9 42 71 94 105 113 121 194 0
45 76 53 101 139 3 12 29 43 73 90 97 117 129 138 160 161 186 197 0
46 70 8 9 13 53 61 110 111 142 149 152 193 0
47 180 5 25 57 84 87 107 108 120 147 163 179 191 199 0
48 102 8 7 16 26 38 72 127 130 153 162 0
49 63 8 42 59 75 78 83 118 136 156 175 195 199 0
50 189 3 16 17 60 73 134 135 144 157 159 166 172 173 192 195 197 0
51 140 12 55 159 196 0
52 117 33 142 17 18 25 82 90 116 122 128 146 160 162 184 0
53 45 190 11 37 46 87 111 118 126 134 152 0
54 37 1 25 29 34 38 72 84 88 113 114 117 0
55 61 91 38 51 58 86 100 103 134 135 157 163 164 194 0
56 108 5 14 20 29 79 81 95 149 166 169 173 0
57 67 5 37 47 58 60 113 154 183 193 0
58 113 55 57 75 76 81 118 134 152 170 175 192 0
59 163 19 35 36 49 82 103 143 148 180 0
60 105 2 14 23 50 57 61 82 90 98 118 124 134 141 175 180 0
61 21 55 172 192 34 28 38 46 60 80 120 194 0
62 163 13 16 66 97 110 127 185 0
63 153 154 21 49 13 103 119 124 155 176 0
64 11 180 16 41 86 95 0
65 190 22 43 88 102 110 136 186 188 0
66 191 8 14 18 25 62 81 91 101 148 150 158 165 175 184 188 193 196 199 0
67 144 57 189 15 35 37 75 82 104 164 168 0
68 161 26 93 115 131 175 183 196 0
69 124 5 12 40 75 82 123 148 0
70 145 99 46 5 13 97 158 163 168 177 0
71 185 6 43 44 112 140 145 146 166 168 187 0
72 127 24 34 48 54 103 123 0
73 146 2 24 45 50 121 158 164 179 0
74 7 114 15 39 109 148 156 163 168 174 180 0
75 125 82 1 38 49 58 67 69 78 128 148 195 200 0
76 144 124 125 120 45 106 7 12 58 91 103 119 166 170 185 0
77 25 3 6 26 31 33 123 135 137 152 186 0
78 7 1 23 30 33 37 49 75 100 102 110 136 148 0
79 109 96 193 24 32 56 85 108 122 167 0
80 117 129 131 11 22 33 35 37 61 101 132 156 192 0
81 144 163 89 132 11 21 31 40 41 56 58 66 98 124 126 131 0
82 75 52 59 60 67 69 83 107 116 155 169 0
83 23 90 6 30 49 82 0
84 10 39 47 54 131 0
85 163 36 79 88 0
86 176 8 32 55 64 94 134 171 181 193 197 0
87 2 1 30 35 47 53 92 105 109 124 136 166 185 0
88 145 200 12 13 54 65 85 89 170 196 199 0
89 81 105 103 88 102 109 147 155 167 186 0
90 83 4 45 52 60 98 120 131 158 166 0
91 55 14 16 66 76 156 172 178 195 0
92 189 128 32 34 36 40 87 127 131 134 142 160 169 0
93 160 12 15 35 68 97 166 177 181 194 0
94 144 5 14 44 86 147 173 0
95 119 186 123 30 56 64 101 108 113 143 166 170 184 185 188 0
96 79 23 28 32 107 150 156 157 199 0
97 23 24 45 62 70 93 100 118 126 127 128 155 167 169 0
98 15 137 27 60 81 90 119 163 165 168 174 175 187 192 0
99 70 126 3 11 111 129 155 156 158 159 195 0
100 33 6 25 55 78 97 118 122 151 176 0
101 45 16 38 66 80 95 116 119 165 192 0
102 117 10 48 28 35 65 78 89 114 136 147 167 181 186 0
103 89 151 9 13 29 55 59 63 72 76 125 143 147 148 165 199 0
104 36 195 3 14 32 34 67 109 115 170 178 0
105 89 60 7 21 28 39 44 87 127 144 150 153 164 186 191 0
106 76 141 188 16 27 119 127 136 151 153 164 186 190 196 0
107 31 9 38 47 82 96 124 158 195 0
108 159 27 56 15 16 47 79 95 135 0
109 159 18 79 160 14 74 87 89 104 119 122 147 181 0
110 122 1 14 26 46 62 65 78 117 125 199 0
111 148 46 53 99 117 118 142 150 158 178 0
112 124 71 148 169 0
113 140 58 183 11 44 54 57 95 141 0
114 74 36 14 28 54 102 130 138 149 166 179 0
115 170 42 68 104 122 124 157 174 187 197 0
116 144 1 20 32 52 82 101 117 167 169 177 0
117 153 102 80 52 178 10 13 18 42 45 54 110 111 116 129 166 0
118 154 5 6 12 15 20 49 53 58 60 97 100 111 125 180 0
119 148 95 17 24 36 63 76 98 101 106 109 127 140 0
120 76 20 27 47 61 90 186 198 0
121 133 44 73 181 192 195 0
122 165 44 110 21 34 38 52 79 100 109 115 129 155 163 167 180 187 0
123 95 4 69 72 77 181 194 0
124 76 25 112 170 13 69 11 60 63 81 87 107 115 146 166 175 192 0
125 76 75 29 196 2 15 39 103 110 118 126 0
126 99 53 81 97 125 135 137 153 155 178 0
127 162 72 7 22 48 62 92 97 105 106 119 151 194 0
128 92 134 4 52 75 97 131 139 156 179 193 0
129 80 181 35 45 99 117 122 151 171 178 183 188 0
130 39 15 23 30 36 41 48 114 160 163 165 167 175 191 0
131 80 16 2 68 81 84 90 92 128 138 148 0
132 81 4 11 16 36 42 80 154 200 0
133 11 121 135 19 28 174 0
134 128 50 53 55 58 60 86 92 150 158 176 182 200 0
135 133 18 25 35 50 55 77 108 126 141 143 0
136 188 187 9 29 30 31 49 65 78 87 102 106 148 165 0
137 98 19 77 126 138 139 151 170 176 0
138 161 19 45 114 131 137 141 144 0
139 45 9 128 137 157 169 0
140 9 113 177 51 167 176 35 71 119 169 195 0
141 106 3 25 26 37 60 113 135 138 163 175 0
142 52 46 92 111 143 150 154 195 0
143 14 3 175 18 25 28 59 95 103 135 142 157 0
144 37 76 81 67 165 9 94 116 8 14 31 50 105 138 151 176 0
145 37 88 70 42 10 28 71 175 177 200 0
146 158 73 7 16 52 71 124 177 0
147 29 47 89 94 102 103 109 151 156 159 0
148 37 119 153 161 111 36 59 66 69 74 75 78 103 112 131 136 193 196 0
149 190 15 27 46 56 114 159 173 0
150 180 33 66 96 105 111 134 142 156 157 184 0
151 103 8 18 100 106 127 129 137 144 147 170 171 0
152 182 46 53 58 77 155 172 175 186 187 0
153 148 63 117 11 5 7 27 48 105 106 126 163 175 179 180 188 0
154 63 118 57 132 142 156 174 182 0
155 10 5 19 63 82 89 97 99 122 126 152 158 167 0
156 190 14 49 74 80 91 96 99 128 147 150 154 175 180 0
157 194 50 55 96 115 139 143 150 170 174 0
158 5 146 173 31 39 66 70 73 90 99 107 111 134 155 176 0
159 38 109 108 198 28 40 42 50 51 99 147 149 164 173 0
160 109 93 16 23 45 52 92 130 188 0
161 148 4 68 138 14 45 166 175 180 0
162 165 127 22 24 28 48 52 0
163 81 62 59 169 85 47 55 70 74 98 122 130 141 153 189 199 0
164 18 1 55 67 73 105 106 159 0
165 144 39 162 122 199 23 66 98 101 103 130 136 191 0
166 7 31 50 56 71 76 87 90 93 95 114 117 124 161 171 193 198 0
167 140 11 34 79 89 97 102 116 122 130 155 169 0
168 33 24 41 67 70 71 74 98 200 0
169 163 27 56 82 92 97 112 116 139 140 167 173 176 0
170 124 35 23 115 6 58 76 88 95 104 137 151 157 171 0
171 172 5 10 86 129 151 166 170 0
172 61 171 50 91 152 0
173 158 18 27 50 56 94 149 159 169 181 191 194 196 0
174 18 74 98 115 133 154 157 0
175 143 6 24 32 49 58 60 66 68 98 124 130 141 145 152 153 156 161 178 0
176 140 86 8 63 100 134 137 144 158 169 191 192 0
177 140 4 16 25 70 93 116 145 146 0
178 117 2 18 20 35 91 104 111 126 129 175 179 182 0
179 38 30 36 47 73 114 128 153 178 197 0
180 64 150 47 1 4 18 59 60 74 118 122 153 156 161 198 0
181 129 4 8 11 13 86 93 102 109 121 123 173 187 188 0
182 184 152 134 154 178 189 0
183 113 6 12 14 21 57 68 129 0
184 42 19 182 31 14 15 52 66 95 150 192 0
185 9 71 12 14 17 27 62 76 87 95 0
186 95 29 45 65 77 89 102 105 106 120 152 0
187 136 5 38 71 98 115 122 152 181 199 0
188 106 136 65 66 95 129 153 160 181 0
189 67 92 26 50 31 163 182 0
190 53 149 156 65 106 0
191 21 66 5 15 26 47 105 130 165 173 176 0
192 61 9 22 27 36 50 58 80 98 101 121 124 176 184 0
193 79 197 28 5 8 46 57 66 86 128 148 166 0
194 199 157 15 23 25 37 44 55 61 93 123 127 173 0
195 104 20 34 49 50 75 91 99 107 121 140 142 0
196 125 29 34 37 40 51 66 68 88 106 148 173 0
197 193 21 30 37 45 50 86 115 179 0
198 159 7 17 21 29 120 166 180 0
199 165 194 6 47 49 66 88 96 103 110 163 187 0
200 88 24 26 28 75 132 134 145 168 0

