200  1173
1 161 33 52 116 121 125 153 155 184 188 0
2 179 65 56 189 92 39 42 67 79 93 94 110 134 135 171 195 0
3 18 40 49 81 86 139 153 156 177 0
4 98 18 5 14 31 33 37 38 120 138 160 188 196 0
5 158 173 4 35 49 76 103 132 136 157 167 199 0
6 12 133 60 144 115 28 52 88 89 114 120 122 136 142 149 152 198 0
7 47 8 20 22 30 33 70 71 72 84 94 96 106 128 149 171 176 0
8 53 7 10 13 16 18 23 29 80 86 93 109 123 125 129 145 159 176 183 184 191 0
9 90 10 38 78 89 93 99 113 116 117 118 125 146 178 180 190 191 197 0
10 122 109 8 9 52 80 93 96 115 136 137 141 155 164 172 178 191 198 0
11 150 13 26 51 53 61 63 71 90 112 126 135 139 156 161 175 178 0
12 125 6 192 190 51 65 79 88 102 104 112 134 144 157 178 185 189 196 0
13 133 8 11 15 28 33 40 56 70 77 140 0
14 81 4 26 34 53 67 77 92 121 0
15 70 13 48 59 69 80 92 110 197 0
16 121 147 25 130 62 8 43 48 68 75 116 155 177 0
17 129 20 91 61 23 46 48 76 121 122 144 165 168 178 0
18 4 3 8 20 51 63 152 186 0
19 147 138 158 36 55 75 88 104 144 159 170 0
20 17 75 7 18 41 50 51 69 91 92 93 105 108 128 152 153 0
21 54 77 46 33 73 87 100 120 126 133 151 197 0
22 149 114 72 7 27 43 99 110 111 115 120 140 146 152 167 195 0
23 107 8 17 37 72 103 124 148 159 166 192 0
24 77 35 62 64 89 98 105 113 127 152 0
25 16 30 44 68 97 116 121 128 139 148 151 186 0
26 121 124 177 11 14 40 43 53 86 115 134 183 0
27 39 22 41 48 57 83 97 150 156 164 183 192 196 0
28 175 35 6 13 42 75 79 115 183 192 199 0
29 175 71 8 33 50 64 65 73 119 156 179 180 197 0
30 56 7 25 70 126 0
31 85 182 63 4 78 93 94 96 144 167 174 0
32 153 37 81 100 168 0
33 199 1 4 7 13 21 29 68 71 102 154 165 0
34 109 95 14 43 70 79 81 83 129 134 147 162 170 182 199 0
35 28 5 24 38 65 69 110 111 142 165 171 178 183 186 0
36 54 19 39 40 50 78 100 156 0
37 77 105 4 23 32 82 91 115 162 172 191 198 0
38 102 4 9 35 40 65 70 72 79 82 88 95 98 109 124 138 152 194 0
39 163 170 27 2 36 115 144 159 173 0
40 79 3 13 26 36 38 57 70 86 103 121 128 185 0
41 169 20 27 49 99 114 144 163 170 171 0
42 64 2 28 62 78 98 101 164 177 185 0
43 146 16 22 26 34 53 73 93 96 97 133 135 140 0
44 121 55 80 143 134 25 50 63 89 115 130 175 177 0
45 87 47 58 80 86 91 123 150 184 185 191 200 0
46 21 17 137 139 200 0
47 122 195 94 7 45 120 145 161 167 189 0
48 139 185 93 15 16 17 27 70 88 107 172 190 0
49 160 129 175 87 50 3 5 41 53 91 97 146 182 183 193 194 0
50 49 20 29 36 44 104 107 111 126 149 153 159 174 180 196 0
51 12 11 18 20 52 59 104 112 119 135 149 199 0
52 159 1 6 10 51 62 69 123 154 161 172 0
53 137 136 8 11 14 26 43 49 73 86 103 130 150 159 178 184 0
54 125 160 21 74 36 148 123 138 141 200 0
55 44 128 78 131 108 19 68 72 74 93 145 148 0
56 2 137 156 30 13 66 72 79 102 106 108 170 198 199 0
57 197 27 40 70 86 95 161 179 0
58 199 45 68 98 104 113 156 186 0
59 137 15 51 102 112 119 141 197 0
60 6 93 110 130 165 168 177 191 0
61 17 187 11 63 86 87 119 141 151 184 0
62 16 155 24 42 52 87 91 108 190 194 0
63 31 11 18 44 61 97 113 140 158 177 192 198 0
64 149 42 24 29 65 97 101 109 168 0
65 2 12 29 35 38 64 89 164 0
66 138 56 74 120 131 169 191 199 0
67 168 2 14 85 93 121 127 147 193 0
68 126 16 25 33 55 58 87 103 106 112 116 152 161 166 0
69 163 107 15 20 35 52 146 149 171 180 0
70 74 15 7 13 30 34 38 40 48 57 88 125 152 159 181 199 0
71 29 7 11 33 91 123 127 147 156 165 172 186 0
72 22 7 23 38 55 56 82 88 91 98 133 139 0
73 119 21 29 43 53 81 100 127 171 191 0
74 54 70 81 154 55 66 76 78 103 128 138 140 151 169 180 186 193 0
75 20 16 19 28 76 79 115 134 152 200 0
76 129 119 96 5 17 74 75 92 121 124 151 169 181 192 0
77 21 37 149 24 13 14 82 104 190 0
78 55 9 31 36 42 74 91 102 130 135 158 167 187 193 0
79 179 40 2 12 28 34 38 56 75 86 102 104 161 182 186 0
80 44 8 10 15 45 86 104 124 127 132 160 181 186 192 0
81 74 186 14 3 32 34 73 98 131 138 139 147 162 0
82 105 37 38 72 77 90 167 173 182 187 0
83 163 27 34 161 167 173 0
84 140 100 7 88 135 184 188 192 197 198 0
85 135 31 140 67 87 110 127 150 0
86 150 183 159 112 3 8 26 40 45 53 57 61 79 80 111 117 140 146 149 177 0
87 49 45 21 61 62 68 85 109 142 150 153 166 174 0
88 152 6 12 19 38 48 70 72 84 149 191 194 199 0
89 142 179 6 9 24 44 65 102 127 131 149 174 0
90 148 9 11 82 101 116 117 142 146 163 0
91 17 20 37 45 49 62 71 72 78 138 147 166 168 198 0
92 2 14 15 20 76 94 113 117 121 123 141 158 170 178 184 196 0
93 48 2 8 9 10 20 31 43 55 60 67 98 101 120 170 196 0
94 47 2 7 31 92 131 159 165 172 173 0
95 34 38 57 114 122 169 189 0
96 76 7 10 31 43 104 120 133 199 0
97 137 184 25 27 43 49 63 64 119 146 150 152 0
98 180 4 24 38 42 58 72 81 93 102 122 159 161 162 182 200 0
99 145 9 22 41 101 105 112 119 148 190 0
100 84 21 32 36 73 120 140 143 189 0
101 104 176 42 64 90 93 99 120 131 148 155 170 0
102 135 152 38 12 33 56 59 78 79 89 98 140 157 186 0
103 105 157 5 23 40 53 68 74 110 130 142 163 177 179 199 0
104 137 101 118 12 19 50 51 58 77 79 80 96 106 163 171 0
105 37 103 82 20 24 99 121 128 158 163 183 185 0
106 149 7 56 68 104 122 129 140 169 197 0
107 69 23 48 50 108 123 152 159 0
108 55 20 56 62 107 117 126 133 136 168 0
109 10 34 8 38 64 87 159 169 182 0
110 171 2 15 22 35 60 85 103 118 128 137 151 180 185 195 0
111 169 22 35 50 86 121 156 176 196 0
112 86 11 12 51 59 68 99 126 141 143 0
113 133 169 9 24 58 63 92 126 139 142 155 163 177 0
114 22 6 41 95 132 165 178 199 0
115 6 10 22 26 28 37 39 44 75 125 141 150 172 175 181 0
116 149 1 9 16 25 68 90 119 127 164 168 0
117 189 9 86 90 92 108 137 148 0
118 104 9 110 141 174 185 191 0
119 76 73 29 51 59 61 97 99 116 157 178 0
120 160 4 6 21 22 47 66 93 96 100 101 126 130 161 171 192 0
121 161 16 180 44 162 26 146 1 14 17 25 40 67 76 92 105 111 131 135 141 147 193 0
122 197 193 191 47 10 6 17 95 98 106 142 146 165 183 0
123 189 8 45 52 54 71 92 107 168 0
124 26 23 38 76 80 146 178 0
125 142 54 12 200 198 126 1 8 9 70 115 130 132 140 148 173 0
126 125 68 11 21 30 50 108 112 113 120 159 186 187 194 199 0
127 137 24 67 71 73 80 85 89 116 141 146 147 157 161 164 185 194 0
128 55 7 20 25 40 74 105 110 132 140 143 150 181 185 0
129 49 17 76 8 34 106 135 155 156 0
130 16 44 53 60 78 103 120 125 141 147 178 185 189 198 0
131 55 66 81 89 94 101 121 133 0
132 181 5 80 114 125 128 180 192 193 0
133 6 113 145 13 21 43 72 96 108 131 134 142 0
134 44 2 12 26 34 75 133 167 198 0
135 179 181 102 139 85 174 2 11 43 51 78 84 121 129 151 189 194 0
136 53 5 6 10 108 189 194 0
137 56 53 104 97 127 59 10 46 110 117 0
138 19 150 66 4 38 54 74 81 91 0
139 135 48 172 3 11 25 46 72 81 113 149 168 188 194 0
140 85 84 13 22 43 63 74 86 100 102 106 125 128 147 195 0
141 163 171 10 54 59 61 92 112 115 118 121 127 130 0
142 194 89 125 165 6 35 87 90 103 113 122 133 180 195 0
143 44 100 112 128 186 0
144 6 12 17 19 31 39 41 0
145 133 99 8 47 55 158 166 171 181 197 0
146 121 43 9 22 49 69 86 90 97 122 124 127 148 174 178 0
147 16 19 166 34 67 71 81 91 121 127 130 140 157 172 192 200 0
148 54 90 23 25 55 99 101 117 125 146 163 171 0
149 77 64 22 106 116 6 7 50 51 69 86 88 89 139 189 0
150 138 86 164 11 27 45 53 85 87 97 115 128 156 158 176 0
151 197 21 25 61 74 76 110 135 171 184 199 200 0
152 102 88 199 6 18 20 22 24 38 68 70 75 97 107 168 177 188 200 0
153 166 32 1 3 20 50 87 154 155 158 170 183 0
154 74 33 52 153 200 0
155 62 1 10 16 101 113 129 153 0
156 56 3 11 27 29 36 58 71 111 129 150 159 182 192 0
157 103 5 12 102 119 127 147 178 180 182 0
158 19 5 63 78 92 105 145 150 153 173 177 185 0
159 86 52 8 19 23 39 50 53 70 94 98 107 109 126 156 170 0
160 54 49 120 4 80 0
161 197 121 1 11 47 52 57 68 79 83 98 120 127 179 0
162 121 34 37 81 98 174 189 0
163 197 141 39 83 69 41 90 103 104 105 113 148 174 0
164 150 10 27 42 65 116 127 177 189 0
165 142 17 33 35 60 71 94 114 122 180 181 0
166 147 153 23 68 87 91 145 188 0
167 171 5 22 31 47 78 82 83 134 170 200 0
168 193 67 17 32 60 64 91 108 116 123 139 152 0
169 113 41 111 66 74 76 95 106 109 192 200 0
170 39 19 34 41 56 92 93 101 153 159 167 176 183 0
171 141 167 110 2 7 35 41 69 73 104 120 145 148 151 0
172 139 10 37 48 52 71 94 115 147 0
173 5 39 82 83 94 125 158 175 191 199 0
174 135 31 50 87 89 118 146 162 163 0
175 49 28 29 11 44 115 173 0
176 101 7 8 111 150 170 191 0
177 26 3 16 42 44 60 63 86 103 113 152 158 164 187 0
178 193 9 10 11 12 17 35 53 92 114 119 124 130 146 157 186 0
179 89 2 135 79 188 29 57 103 161 0
180 121 98 9 29 50 69 74 110 132 142 157 165 197 0
181 135 132 70 76 80 115 128 145 165 0
182 31 34 49 79 82 98 109 156 157 0
183 86 8 26 27 28 35 49 105 122 153 170 196 0
184 97 1 8 45 53 61 84 92 151 0
185 48 12 40 42 45 105 110 118 127 128 130 158 0
186 81 18 25 35 58 71 74 79 80 102 126 143 178 0
187 61 196 78 82 126 177 189 0
188 179 1 4 84 139 152 166 192 0
189 2 117 123 12 47 95 100 130 135 136 149 162 164 187 0
190 12 9 48 62 77 99 0
191 122 8 9 10 37 45 60 66 73 88 118 173 176 192 0
192 12 23 27 28 63 76 80 84 120 132 147 156 169 188 191 195 0
193 122 178 168 49 67 74 78 121 132 0
194 142 197 38 49 62 88 126 127 135 136 139 200 0
195 47 2 22 110 140 142 192 0
196 187 4 12 27 50 92 93 111 183 0
197 194 161 122 151 163 57 9 15 21 29 59 84 106 145 180 0
198 125 6 10 37 56 63 84 91 130 134 0
199 152 58 33 5 28 34 51 56 66 70 88 96 103 114 126 151 173 0
200 125 45 46 54 75 98 147 151 152 154 167 169 194 0

