200  296
1 54 39 0
2 54 0
3 126 0
4 93 172 0
5 125 157 0
6 107 145 91 96 0
7 20 184 82 146 155 0
8 111 159 178 181 185 0
9 101 0
10 47 0
11 90 177 150 172 182 21 94 30 107 110 0
12 51 73 122 138 193 107 110 181 78 0
13 147 141 0
14 103 115 189 0
15 163 128 0
16 163 197 0
17 148 83 125 67 0
18 106 40 0
19 63 131 0
20 148 7 105 141 86 0
21 11 81 149 144 0
22 56 134 136 105 181 0
23 58 61 0
24 79 190 194 0
25 113 93 38 180 140 0
26 59 74 157 0
27 93 92 0
28 101 113 31 106 108 0
29 70 111 0
30 161 72 49 154 11 0
31 28 169 0
32 116 0
33 167 79 0
34 196 67 143 0
35 163 89 0
36 163 0
37 73 40 80 160 53 83 172 0
38 25 114 164 132 0
39 77 197 148 166 171 1 95 112 123 0
40 37 18 107 0
41 66 146 86 0
42 166 0
43 150 137 45 0
44 116 0
45 43 0
46 61 159 0
47 101 10 121 0
48 51 168 199 0
49 30 109 0
50 186 200 185 123 84 0
51 172 186 167 12 48 0
52 90 101 161 94 140 0
53 170 37 0
54 132 1 2 0
55 63 181 0
56 101 22 0
57 66 0
58 182 23 0
59 182 26 0
60 150 75 87 124 110 0
61 23 191 46 147 0
62 200 0
63 70 126 19 55 74 116 180 0
64 179 0
65 182 124 0
66 90 67 41 57 0
67 66 121 17 34 0
68 181 0
69 200 0
70 101 63 29 147 148 0
71 167 104 150 0
72 30 89 158 0
73 12 37 0
74 63 26 0
75 60 170 88 183 91 0
76 94 172 189 0
77 90 189 39 98 155 139 154 0
78 12 107 183 0
79 33 24 154 167 0
80 37 127 0
81 21 104 0
82 111 7 150 0
83 17 37 131 0
84 116 50 100 165 196 0
85 111 0
86 20 41 0
87 60 129 188 0
88 75 118 0
89 72 35 176 0
90 11 77 52 142 163 66 117 151 0
91 137 6 75 124 0
92 126 27 123 0
93 25 144 192 4 27 0
94 11 76 52 114 128 0
95 196 39 0
96 185 6 162 179 0
97 163 176 165 0
98 77 156 0
99 132 163 0
100 130 179 84 0
101 52 28 70 56 199 47 9 157 0
102 184 139 0
103 141 14 0
104 71 81 141 0
105 20 22 0
106 28 18 0
107 12 6 11 40 78 0
108 28 0
109 49 156 0
110 12 11 60 164 0
111 29 85 82 8 0
112 200 178 129 39 134 0
113 28 25 0
114 38 94 171 0
115 14 0
116 171 84 32 44 63 0
117 90 129 0
118 88 187 0
119 135 168 0
120 143 0
121 67 47 0
122 12 173 195 0
123 50 39 92 0
124 60 198 65 91 0
125 17 5 0
126 63 3 130 92 0
127 80 0
128 15 94 0
129 112 87 117 0
130 126 100 175 0
131 19 83 0
132 38 54 99 177 0
133 200 0
134 22 174 152 112 0
135 185 119 0
136 22 0
137 43 91 0
138 12 149 0
139 102 77 199 0
140 25 52 0
141 20 103 13 104 157 0
142 90 170 0
143 196 120 34 169 0
144 93 21 0
145 6 0
146 41 7 0
147 70 13 169 61 0
148 39 17 20 70 0
149 21 138 0
150 11 43 60 71 82 0
151 90 0
152 134 197 0
153 186 194 0
154 30 77 79 0
155 77 7 0
156 98 109 0
157 199 5 26 101 141 0
158 72 0
159 46 8 0
160 37 0
161 52 30 0
162 171 96 0
163 90 15 36 35 97 16 99 0
164 38 190 110 197 0
165 97 84 0
166 39 42 0
167 51 71 33 79 0
168 48 119 0
169 147 31 143 0
170 75 53 142 0
171 39 116 162 188 114 0
172 11 196 51 4 37 76 0
173 122 0
174 134 187 0
175 195 130 0
176 97 89 0
177 11 132 0
178 112 8 0
179 100 64 96 0
180 25 63 186 0
181 12 68 8 22 55 0
182 11 59 58 65 0
183 75 78 0
184 7 102 0
185 50 135 96 8 0
186 51 50 153 180 0
187 174 118 0
188 171 87 0
189 77 14 76 0
190 164 24 0
191 61 0
192 93 0
193 12 0
194 153 24 0
195 122 175 0
196 172 143 34 95 84 0
197 39 16 152 164 0
198 124 0
199 101 157 48 139 0
200 50 112 69 133 62 0

