200  378
1 84 134 17 0
2 32 12 55 97 126 0
3 137 57 0
4 145 0
5 67 60 0
6 28 107 97 0
7 198 153 165 167 0
8 14 57 139 0
9 198 0
10 87 174 45 49 0
11 41 83 0
12 94 121 54 2 131 0
13 142 93 99 86 82 54 117 147 0
14 72 200 160 8 133 0
15 36 35 0
16 19 55 178 145 0
17 193 1 0
18 126 34 45 0
19 79 16 191 0
20 24 50 161 0
21 176 111 185 0
22 164 37 0
23 49 30 61 108 0
24 182 57 20 186 91 0
25 40 175 62 147 0
26 111 32 48 189 0
27 137 35 0
28 87 36 84 6 90 150 0
29 142 185 39 37 58 152 0
30 23 130 0
31 147 72 135 94 176 161 95 96 103 0
32 26 2 51 0
33 142 121 0
34 98 179 18 0
35 27 15 59 76 0
36 28 154 64 74 15 87 0
37 29 22 104 0
38 198 169 189 0
39 29 151 182 0
40 49 75 198 89 25 0
41 187 76 11 97 197 0
42 136 115 0
43 116 83 113 180 0
44 124 120 92 181 0
45 142 10 18 46 62 70 183 0
46 88 45 0
47 57 78 0
48 142 26 75 101 173 179 0
49 147 40 155 23 10 129 149 0
50 167 20 80 87 100 0
51 32 169 133 161 0
52 133 141 0
53 168 104 125 0
54 12 195 13 106 0
55 16 2 82 0
56 96 101 197 0
57 24 183 47 3 8 0
58 72 104 29 144 160 0
59 143 35 121 189 0
60 166 5 155 0
61 78 23 0
62 176 25 45 70 0
63 90 69 172 0
64 36 106 152 0
65 70 119 0
66 198 0
67 103 5 97 165 0
68 106 165 163 137 91 169 0
69 70 63 189 0
70 79 87 152 65 100 166 69 45 62 156 0
71 77 110 169 187 0
72 31 196 14 58 109 0
73 109 0
74 36 122 0
75 40 48 113 116 0
76 41 192 194 35 87 165 0
77 135 71 0
78 152 61 47 0
79 142 70 19 149 128 112 131 153 0
80 142 50 161 0
81 141 127 0
82 13 55 140 0
83 43 125 11 0
84 28 1 171 117 132 137 142 194 0
85 156 175 0
86 13 88 108 0
87 70 28 10 36 50 76 137 144 172 0
88 86 46 181 0
89 40 148 0
90 28 63 158 0
91 96 24 68 165 0
92 182 44 120 178 184 0
93 13 132 143 183 0
94 31 182 12 112 172 0
95 31 131 141 157 0
96 182 56 91 102 144 31 137 189 0
97 196 2 6 41 67 0
98 142 34 123 0
99 13 164 170 136 182 0
100 70 50 182 0
101 56 48 106 0
102 96 0
103 132 67 127 159 140 31 0
104 58 177 37 53 0
105 187 113 116 150 186 0
106 196 68 129 54 64 101 0
107 6 136 0
108 167 23 86 158 0
109 72 73 182 0
110 71 136 0
111 122 26 21 0
112 94 79 162 0
113 43 75 105 141 0
114 132 0
115 139 42 0
116 147 133 43 199 75 105 194 0
117 192 13 84 0
118 152 196 0
119 65 0
120 44 92 0
121 12 181 157 33 59 136 0
122 135 111 126 74 159 0
123 126 98 134 188 190 0
124 137 44 145 0
125 83 53 0
126 122 18 123 188 2 0
127 103 167 148 81 169 0
128 79 0
129 106 49 0
130 30 158 0
131 95 12 79 0
132 93 103 114 84 0
133 116 52 14 51 0
134 1 143 145 123 0
135 31 122 77 0
136 161 42 99 107 110 121 0
137 68 27 124 3 84 87 96 0
138 198 184 0
139 142 115 8 0
140 103 82 152 178 199 0
141 52 81 95 113 154 194 0
142 147 79 13 98 80 45 139 29 156 33 48 84 0
143 134 59 93 0
144 96 58 87 200 0
145 134 4 16 124 0
146 156 176 0
147 142 31 49 116 13 25 198 0
148 127 89 0
149 79 49 0
150 28 105 171 0
151 39 0
152 70 118 78 29 64 140 158 0
153 181 7 79 191 200 0
154 36 141 0
155 49 193 60 0
156 142 85 146 162 70 0
157 121 95 179 0
158 198 168 90 108 130 152 0
159 103 122 0
160 14 58 0
161 31 136 20 51 80 170 0
162 156 112 173 0
163 68 176 0
164 99 22 0
165 68 7 67 76 91 181 0
166 70 60 189 0
167 127 50 108 7 0
168 158 53 0
169 51 38 68 71 127 193 0
170 99 161 192 0
171 84 150 0
172 176 63 87 94 0
173 187 48 162 0
174 10 0
175 25 85 0
176 31 172 62 21 146 163 0
177 104 0
178 16 92 140 0
179 34 48 157 0
180 191 43 0
181 121 153 44 88 165 0
182 94 24 96 92 39 99 100 109 198 0
183 57 45 93 185 0
184 138 92 186 0
185 29 189 21 183 0
186 24 105 184 0
187 196 41 105 173 71 200 0
188 126 123 0
189 185 26 38 59 69 96 166 190 0
190 197 123 189 0
191 19 180 153 0
192 76 117 170 0
193 155 17 169 0
194 76 84 116 141 0
195 54 199 0
196 72 106 187 97 118 0
197 56 190 41 0
198 40 138 38 158 7 66 9 147 182 0
199 116 140 195 0
200 14 144 153 187 0

