200  2135
1 173 6 9 24 43 45 46 49 52 78 84 87 93 122 126 175 190 196 0
2 167 13 135 12 19 29 32 61 63 70 82 83 105 111 155 158 159 174 175 183 194 0
3 10 7 14 57 63 78 88 93 96 99 104 109 112 116 138 161 175 179 181 195 0
4 200 11 13 56 60 101 107 127 133 141 173 182 187 191 198 199 0
5 22 17 23 28 33 41 44 46 96 99 109 155 183 188 0
6 177 1 29 30 37 45 47 66 67 68 84 87 92 122 124 131 132 142 157 166 169 195 196 0
7 58 3 21 32 40 46 49 75 78 90 108 116 118 123 134 139 145 188 190 192 197 0
8 183 192 11 18 26 29 39 45 65 68 106 119 127 132 139 165 169 184 185 188 189 198 0
9 113 1 17 19 21 25 28 32 37 40 58 86 88 98 100 115 117 145 151 184 192 0
10 77 3 14 27 32 41 47 50 83 85 95 97 103 122 124 172 180 182 187 200 0
11 53 4 8 15 27 28 31 40 55 82 93 94 99 100 125 127 157 170 171 173 180 192 0
12 113 2 35 58 59 63 87 103 111 115 121 123 124 135 144 171 179 185 190 192 0
13 2 110 4 31 35 43 60 63 67 81 98 115 131 133 162 168 194 0
14 39 63 78 3 10 15 18 51 57 59 81 86 97 106 124 128 147 161 182 193 194 0
15 134 11 14 17 18 35 41 56 65 66 70 73 98 104 116 117 133 140 144 145 151 153 162 171 178 180 181 182 184 199 0
16 75 188 34 148 197 200 142 59 61 68 74 76 108 114 123 146 187 189 0
17 43 104 5 9 15 44 45 66 79 84 87 89 100 106 134 142 159 173 178 181 182 186 190 192 0
18 63 8 14 15 19 23 26 36 37 46 51 69 76 80 81 86 87 91 98 103 105 109 112 118 121 135 152 181 187 188 0
19 196 2 9 18 26 44 47 80 84 108 112 116 125 146 149 191 0
20 65 47 25 86 87 100 115 138 139 151 157 161 168 176 195 196 0
21 45 7 9 27 28 41 49 79 87 117 121 138 147 162 173 182 183 185 188 190 192 197 0
22 195 5 67 29 155 140 31 23 32 53 59 74 77 78 85 86 92 96 108 133 142 152 162 175 189 194 200 0
23 189 120 136 5 18 22 34 60 76 77 90 104 121 124 138 148 150 153 158 175 0
24 79 1 29 62 76 102 106 108 114 133 156 161 169 176 196 0
25 195 9 20 34 38 47 48 83 87 91 126 146 149 156 162 163 165 177 189 191 0
26 39 121 8 18 19 31 48 55 58 81 83 91 94 96 100 124 135 153 155 168 172 175 0
27 195 157 10 11 21 33 44 46 56 57 61 64 68 73 77 92 103 108 109 113 118 131 163 166 178 181 189 196 197 0
28 54 5 9 11 21 37 69 76 85 99 101 113 121 138 155 156 163 177 179 180 184 0
29 22 150 190 169 2 6 8 24 40 41 45 47 48 54 62 74 78 79 96 115 118 132 134 173 183 193 0
30 54 6 46 55 79 81 87 91 95 100 143 144 146 149 164 176 179 181 194 199 0
31 22 11 13 26 37 48 60 82 91 101 115 123 127 129 135 144 145 146 155 162 165 166 170 193 0
32 183 95 141 2 7 9 10 22 41 42 49 57 58 61 70 71 85 88 91 97 147 159 164 169 171 199 0
33 42 5 27 41 48 68 123 141 147 149 170 182 183 188 0
34 16 53 23 25 59 70 76 79 82 87 91 111 114 119 122 125 129 136 143 148 150 0
35 67 12 13 15 36 38 39 41 93 98 113 115 117 133 138 146 149 154 157 170 187 0
36 118 18 35 38 39 49 50 65 72 73 79 95 98 100 102 117 119 125 131 143 150 164 179 181 184 185 0
37 85 6 9 18 28 31 39 54 57 68 71 77 86 106 114 123 154 157 161 166 180 181 183 189 194 0
38 179 131 138 71 48 25 35 36 41 45 53 60 62 72 85 99 103 111 115 121 128 141 146 154 159 164 170 178 183 184 185 198 0
39 195 101 14 119 102 26 196 8 35 36 37 40 47 48 51 54 63 66 74 86 100 107 112 115 127 134 148 150 160 166 180 191 193 198 0
40 129 7 9 11 29 39 42 43 44 46 53 69 81 87 92 113 123 128 130 132 159 160 166 175 183 187 191 194 198 0
41 83 5 10 15 21 29 32 33 35 38 48 65 115 126 137 144 156 161 164 169 176 181 188 189 190 0
42 162 33 32 40 65 72 88 99 121 122 128 143 144 146 148 150 151 163 165 173 184 186 190 0
43 183 17 145 124 90 117 1 13 40 53 54 74 83 96 107 116 120 125 133 151 169 174 184 189 191 194 196 197 0
44 155 5 17 19 27 40 49 67 79 133 142 154 177 179 185 189 190 191 0
45 179 21 1 6 8 17 29 38 50 52 72 95 105 107 139 147 148 153 180 194 195 199 0
46 153 1 5 7 18 27 30 40 53 59 73 90 113 114 115 120 137 142 145 152 158 159 165 172 183 195 0
47 20 6 10 19 25 29 39 51 62 70 80 88 92 98 119 120 131 132 133 143 159 168 171 173 181 189 193 198 0
48 38 87 25 26 29 31 33 39 41 55 56 78 85 91 93 117 118 129 130 136 143 147 182 183 190 0
49 145 1 7 21 32 36 44 60 73 82 86 93 96 112 123 169 195 0
50 94 134 114 10 36 45 54 57 58 77 84 86 97 107 109 116 137 158 164 165 170 183 185 197 0
51 125 147 14 18 39 47 64 72 79 105 131 150 153 167 188 0
52 69 1 45 63 77 85 87 93 104 121 129 130 144 149 161 164 173 182 185 198 0
53 34 11 194 144 22 38 40 43 46 63 72 97 100 101 122 141 150 164 172 177 182 0
54 185 30 28 89 29 37 39 43 50 55 70 73 75 78 85 118 140 176 179 191 196 197 0
55 179 11 26 30 48 54 82 85 109 111 133 145 153 174 188 0
56 180 4 15 27 48 62 68 91 108 109 114 136 137 138 139 141 143 168 172 183 184 191 195 0
57 97 59 3 14 27 32 37 50 72 77 90 102 103 108 110 127 128 129 133 155 159 163 178 189 193 0
58 119 125 7 9 12 26 32 50 67 75 83 88 96 131 135 137 152 171 175 183 0
59 57 12 14 16 22 34 46 60 62 67 68 78 84 90 94 97 146 166 169 176 181 185 190 192 0
60 104 4 13 23 31 38 49 59 64 102 121 130 150 176 0
61 177 2 16 27 32 89 109 125 133 144 150 166 172 186 195 0
62 80 162 24 29 38 47 56 59 75 97 99 107 145 153 167 171 0
63 14 18 85 2 3 12 13 39 52 53 71 83 93 103 108 111 129 134 141 142 165 172 175 0
64 173 27 51 60 69 70 74 77 78 81 90 97 120 125 132 150 157 171 177 0
65 127 20 8 15 36 41 42 74 87 104 105 129 150 161 180 183 187 0
66 160 6 15 17 39 70 86 87 90 106 118 140 148 159 170 191 192 0
67 22 35 6 13 44 58 59 74 99 105 121 142 156 171 192 196 197 0
68 104 173 6 8 16 27 33 37 56 59 90 136 137 147 149 152 166 168 169 0
69 193 52 18 28 40 64 76 113 123 136 137 141 145 149 171 179 0
70 163 2 15 32 34 47 54 64 66 72 73 85 86 95 120 172 186 188 0
71 38 32 37 63 122 125 133 134 145 180 182 0
72 183 185 93 36 38 42 45 51 53 57 70 73 100 105 110 111 117 125 129 132 172 196 0
73 189 107 199 171 15 27 36 46 49 54 70 72 78 81 84 86 98 109 118 131 135 142 174 181 184 188 0
74 145 16 22 29 39 43 64 65 67 77 78 89 94 96 99 117 125 129 133 155 166 175 192 200 0
75 195 16 166 97 7 54 58 62 78 93 106 116 120 121 125 128 154 158 180 184 189 0
76 113 16 18 23 24 28 34 69 80 81 91 92 98 141 146 154 162 169 182 192 0
77 197 10 22 23 27 37 50 52 57 64 74 82 83 86 91 93 120 142 144 150 174 182 191 200 0
78 14 1 3 7 22 29 48 54 59 64 73 74 75 84 87 93 101 103 126 128 132 135 137 147 159 163 168 171 180 191 0
79 166 24 111 17 21 29 30 34 36 44 51 99 107 113 114 115 130 137 176 185 187 193 0
80 195 94 127 62 18 19 47 76 82 85 96 97 109 125 130 137 147 148 154 174 178 0
81 147 13 14 18 26 30 40 64 73 76 116 124 133 140 166 167 185 187 0
82 166 2 11 31 34 49 55 77 80 89 93 105 118 119 139 147 170 188 194 196 200 0
83 166 118 41 156 2 10 25 26 43 58 63 77 95 102 114 125 149 158 163 181 189 190 0
84 95 146 1 6 17 19 50 59 73 78 85 87 136 139 144 149 174 177 190 196 0
85 63 37 10 22 28 32 38 48 52 54 55 70 80 84 104 111 113 123 160 163 183 191 198 199 0
86 188 99 9 14 18 20 22 37 39 49 50 66 70 73 77 91 93 95 96 98 110 123 128 130 132 149 150 157 165 166 169 192 194 196 0
87 48 1 6 12 17 18 20 21 25 30 34 40 52 65 66 78 84 98 113 129 139 142 149 163 176 185 191 0
88 183 103 3 9 32 42 47 58 89 121 135 142 196 0
89 54 17 61 74 82 88 98 116 133 140 150 159 162 173 179 184 196 0
90 43 7 23 46 57 59 64 66 68 95 152 154 159 160 176 183 187 194 200 0
91 161 18 25 26 30 31 32 34 48 56 76 77 86 101 102 106 109 120 123 128 135 136 138 144 152 160 180 187 193 0
92 183 163 108 6 22 27 40 47 76 109 115 116 120 124 128 134 135 143 155 161 162 168 180 186 199 0
93 72 1 3 11 35 48 49 52 63 75 77 78 82 86 98 117 119 123 149 160 180 182 0
94 80 152 50 11 26 59 74 99 109 116 150 154 156 158 159 183 199 0
95 32 84 106 10 30 36 45 70 83 86 90 113 137 138 141 146 151 177 178 180 183 0
96 131 3 5 22 26 29 43 49 58 74 80 86 110 114 115 124 128 135 137 154 158 168 173 176 179 189 0
97 75 57 10 14 32 50 53 59 62 64 80 112 130 142 189 193 0
98 121 9 13 15 18 35 36 47 73 76 86 87 89 93 106 116 125 143 148 163 186 0
99 86 3 5 11 28 38 42 62 67 74 79 94 103 109 114 120 122 131 138 148 149 152 154 156 163 171 175 176 177 188 191 196 0
100 123 154 9 11 17 20 26 30 36 39 53 72 121 165 189 0
101 39 189 193 4 28 31 53 78 91 139 144 147 178 0
102 39 191 24 36 57 60 83 91 114 119 123 128 129 133 150 166 174 178 179 193 0
103 88 10 12 18 27 38 57 63 78 99 109 121 124 130 138 141 145 177 181 187 0
104 17 68 177 160 60 3 15 23 52 65 85 107 109 113 122 125 131 136 146 162 175 188 0
105 131 2 18 45 51 65 67 72 82 109 121 124 139 154 159 184 186 0
106 95 198 8 14 17 24 37 66 75 91 98 114 115 119 133 134 135 153 156 166 187 190 199 0
107 73 116 4 39 43 45 50 62 79 104 115 119 146 180 187 195 197 198 0
108 92 7 16 19 22 24 27 56 57 63 114 116 118 127 128 151 164 183 0
109 189 3 5 18 27 50 55 56 61 73 80 91 92 94 99 103 104 105 153 158 176 183 196 0
110 13 57 72 86 96 112 119 148 154 162 169 173 185 191 192 194 196 0
111 79 2 12 34 38 55 63 72 85 140 170 183 192 195 0
112 183 186 3 18 19 39 49 97 110 136 137 143 157 189 190 191 0
113 166 9 76 12 27 28 35 40 46 69 79 85 87 95 104 119 129 138 150 154 169 188 192 196 0
114 50 16 24 34 37 46 56 79 83 96 99 102 106 108 147 152 164 183 191 0
115 148 9 12 13 20 29 31 35 38 39 41 46 79 92 96 106 107 116 127 137 145 155 156 165 170 192 195 0
116 107 3 7 15 19 43 50 75 81 89 92 94 98 108 115 120 127 142 144 146 147 155 165 182 193 0
117 43 9 15 21 35 36 48 72 74 93 123 178 193 0
118 83 164 36 139 7 18 27 29 48 54 66 73 82 108 121 129 159 162 174 179 0
119 39 58 151 167 8 34 36 47 82 93 102 106 107 110 113 129 132 147 153 154 174 180 190 193 195 200 0
120 23 129 43 46 47 64 70 75 77 91 92 99 116 143 147 159 160 170 177 190 194 199 0
121 26 98 12 18 21 23 28 38 42 52 60 67 75 88 100 103 105 118 124 135 137 150 154 157 171 188 193 196 0
122 137 1 6 10 34 42 53 71 99 104 127 158 189 196 200 0
123 148 100 7 12 16 31 33 37 40 49 69 85 86 91 93 102 117 126 137 145 155 158 173 174 176 183 199 200 0
124 43 6 10 12 14 23 26 81 92 96 103 105 121 129 132 153 155 160 174 175 184 0
125 58 51 11 19 34 36 43 61 64 71 72 74 75 80 83 98 104 135 143 145 154 159 172 177 190 200 0
126 160 1 25 41 78 123 145 171 177 178 181 186 190 0
127 80 65 4 8 11 31 39 57 108 115 116 122 133 140 157 158 159 167 171 172 181 196 0
128 156 14 38 40 42 57 75 78 86 91 92 96 102 108 129 138 178 182 184 0
129 120 40 31 34 48 52 57 63 65 72 74 87 102 113 118 119 124 128 140 145 165 178 0
130 144 40 48 52 60 79 80 86 97 103 133 142 157 166 195 198 0
131 38 105 96 6 13 27 36 47 51 58 73 99 104 144 145 172 173 0
132 194 6 8 29 40 47 64 72 78 86 119 124 133 165 168 173 181 192 0
133 185 4 13 15 22 24 35 43 44 47 55 57 61 71 74 81 89 102 106 127 130 132 142 147 150 152 155 157 165 166 178 0
134 50 153 15 7 17 29 39 63 71 92 106 143 145 164 169 172 176 185 190 194 0
135 2 12 18 26 31 58 73 78 88 91 92 96 106 121 125 154 182 190 0
136 23 34 48 56 68 69 84 91 104 112 148 150 164 189 0
137 196 122 41 46 50 56 58 68 69 78 79 80 95 96 112 115 121 123 143 148 158 176 183 193 0
138 38 3 20 21 23 28 35 56 91 95 99 103 113 128 167 172 176 189 194 197 198 0
139 118 7 8 20 45 56 82 84 87 101 105 147 150 151 172 185 191 0
140 22 15 54 66 81 89 111 127 129 142 147 151 153 156 157 167 179 199 0
141 32 4 33 38 53 56 63 69 76 95 103 167 169 183 186 194 0
142 16 6 17 22 44 46 63 67 73 77 87 88 97 116 130 133 140 155 164 169 172 173 189 190 196 197 0
143 191 30 34 36 42 47 48 56 92 98 112 120 125 134 137 158 161 180 190 198 199 0
144 53 130 12 15 30 31 41 42 52 61 77 84 91 101 116 131 151 171 172 194 199 200 0
145 43 49 74 7 9 15 31 46 55 62 69 71 103 115 123 125 126 129 131 134 164 176 187 189 0
146 84 16 19 25 30 31 35 38 42 59 76 95 104 107 116 156 160 161 167 170 183 189 0
147 51 81 14 21 32 33 45 48 68 78 80 82 101 114 116 119 120 133 139 140 187 195 0
148 16 123 115 23 34 39 42 45 66 80 98 99 110 136 137 0
149 189 19 25 30 33 35 52 68 69 83 84 86 87 93 99 154 168 171 0
150 29 23 34 36 39 42 51 53 60 61 64 65 77 86 89 94 102 113 121 133 136 139 168 185 190 200 0
151 119 9 15 20 42 43 95 108 139 140 144 157 165 168 175 179 184 0
152 94 158 18 22 46 58 68 90 91 99 114 133 169 172 0
153 134 46 15 23 26 45 51 55 62 106 109 119 124 140 154 157 183 196 0
154 100 35 37 38 44 75 76 80 90 94 96 99 105 110 113 119 121 125 135 149 153 158 173 175 188 189 0
155 22 44 184 2 5 26 28 31 57 74 92 115 116 123 124 133 142 166 172 0
156 83 181 128 170 24 25 28 41 67 94 99 106 115 140 146 164 168 0
157 27 6 11 20 35 37 64 86 112 121 127 130 133 140 151 153 180 188 0
158 152 2 23 46 50 75 83 94 96 109 122 123 127 137 143 154 161 169 172 173 180 192 196 0
159 183 178 2 17 32 38 40 46 47 57 66 78 89 90 94 105 118 120 125 127 166 184 194 0
160 104 66 126 39 40 85 90 91 93 120 124 146 166 184 199 0
161 197 91 3 14 20 24 37 41 52 65 92 143 146 158 168 176 178 180 182 186 187 199 0
162 62 42 13 15 21 22 25 31 76 89 92 104 110 118 165 169 173 189 195 0
163 92 70 25 27 28 42 57 78 83 85 87 98 99 190 192 196 197 198 0
164 118 30 32 36 38 41 50 52 53 108 114 134 136 142 145 156 168 169 194 196 199 0
165 173 8 25 31 42 46 50 63 86 100 115 116 129 132 133 151 162 166 0
166 75 179 83 113 79 82 6 27 31 37 39 40 59 61 68 74 81 86 102 106 130 133 155 159 160 165 184 0
167 119 2 51 62 81 127 138 140 141 146 171 197 0
168 188 182 13 20 26 47 56 68 78 92 96 132 149 150 151 156 161 164 179 190 193 195 0
169 29 6 8 24 32 41 43 49 59 68 76 86 110 113 134 141 142 152 158 162 164 171 174 176 178 185 193 195 0
170 156 175 11 31 33 35 38 50 66 82 111 115 120 146 174 196 200 0
171 73 11 12 15 32 47 58 62 64 67 69 78 99 121 126 127 144 149 167 169 192 200 0
172 176 10 26 46 53 56 61 63 70 72 125 127 131 134 138 139 142 144 152 155 158 195 0
173 68 64 165 1 4 11 17 21 29 42 47 52 89 96 110 123 131 132 142 154 158 162 175 186 193 196 0
174 195 2 43 55 73 77 80 84 102 118 119 123 124 169 170 178 180 182 197 0
175 170 1 2 3 22 23 26 40 58 63 74 99 104 124 151 154 173 184 200 0
176 178 172 20 24 30 41 54 59 60 79 87 90 96 99 109 123 134 137 138 145 161 169 197 0
177 104 6 180 61 187 25 28 44 53 64 84 95 99 103 120 125 126 183 185 192 197 0
178 159 176 15 17 27 38 57 80 95 101 102 117 126 128 129 133 161 169 174 188 189 192 193 197 200 0
179 166 55 38 45 3 12 28 30 36 44 54 69 89 96 102 118 140 151 168 184 194 198 0
180 177 56 10 11 15 28 37 39 45 65 71 75 78 91 92 93 95 107 119 143 157 158 161 174 193 0
181 156 3 15 17 18 27 30 36 37 41 47 59 73 83 103 126 127 132 188 193 0
182 168 4 10 14 15 17 21 33 48 52 53 71 76 77 93 116 128 135 161 174 196 200 0
183 195 112 43 32 72 92 159 88 8 2 5 21 29 33 37 38 40 46 48 50 56 58 65 85 90 94 95 108 109 111 114 123 137 141 146 153 177 190 196 0
184 155 8 9 15 28 36 38 42 43 56 73 75 89 105 124 128 151 159 160 166 175 179 185 194 200 0
185 72 54 133 8 12 21 36 38 44 50 52 59 79 81 87 110 134 139 150 169 177 184 188 198 0
186 112 17 42 61 70 92 98 105 126 141 161 173 196 0
187 177 4 10 16 18 35 40 65 79 81 90 91 103 106 107 145 147 161 189 191 195 0
188 16 168 86 5 7 8 18 21 33 41 51 55 70 73 82 99 104 113 121 154 157 178 181 185 196 197 199 0
189 101 23 73 149 109 8 16 22 25 27 37 41 43 44 47 57 75 83 96 97 100 112 122 136 138 142 145 146 154 162 178 187 0
190 29 1 7 12 17 21 41 42 44 48 59 83 84 106 112 119 120 125 126 134 135 142 143 150 163 168 183 0
191 102 143 4 19 25 39 40 43 44 54 56 66 77 78 85 87 99 110 112 114 139 187 0
192 8 7 9 11 12 17 21 59 66 67 74 76 86 110 111 113 115 132 158 163 171 177 178 0
193 101 69 14 29 31 39 47 57 79 91 97 102 116 117 119 121 137 168 169 173 178 180 181 0
194 53 132 2 13 14 22 30 37 40 43 45 82 86 90 110 120 134 138 141 144 159 164 179 184 0
195 80 75 183 39 22 174 25 27 3 6 20 45 46 49 56 61 107 111 115 119 130 147 162 168 169 172 187 0
196 39 19 137 1 6 20 24 27 43 54 67 72 82 84 86 88 89 99 109 110 113 121 122 127 142 153 158 163 164 170 173 182 183 186 188 0
197 16 77 161 7 21 27 43 50 54 67 107 138 142 163 167 174 176 177 178 188 0
198 106 4 8 38 39 40 47 52 85 107 130 138 143 163 179 185 0
199 73 4 15 30 32 45 85 92 94 106 120 123 140 143 144 160 161 164 188 0
200 16 4 10 22 74 77 82 90 119 122 123 125 144 150 170 171 175 178 182 184 0

