200  395
1 157 160 0
2 114 17 0
3 156 50 107 0
4 195 30 0
5 37 40 156 0
6 88 120 0
7 63 91 28 67 176 0
8 77 0
9 99 76 109 165 186 0
10 27 61 177 22 137 0
11 148 0
12 189 165 53 137 194 0
13 152 124 27 200 0
14 133 21 58 96 155 0
15 184 38 0
16 49 38 77 0
17 2 134 161 0
18 166 142 199 0
19 143 140 163 0
20 184 127 106 143 151 158 169 0
21 113 14 44 53 104 116 0
22 95 105 137 104 10 0
23 51 188 0
24 146 161 0
25 195 172 108 0
26 102 181 121 127 128 0
27 151 143 74 175 10 51 102 88 13 29 0
28 119 200 7 159 0
29 107 135 27 35 192 0
30 4 155 0
31 83 0
32 189 195 41 43 0
33 184 46 85 108 0
34 63 197 0
35 74 29 103 128 150 179 0
36 114 0
37 102 5 0
38 148 15 16 142 199 0
39 51 0
40 173 110 78 80 158 190 5 0
41 32 183 123 117 104 0
42 63 70 77 169 0
43 32 168 48 84 85 0
44 81 21 0
45 109 107 177 0
46 130 33 84 99 0
47 73 53 110 0
48 174 154 43 107 175 0
49 151 64 62 149 16 107 175 0
50 3 59 142 0
51 27 39 23 179 157 0
52 77 100 120 0
53 12 21 47 62 0
54 197 142 187 0
55 133 188 64 103 187 0
56 166 153 98 163 183 0
57 66 118 125 0
58 195 198 14 164 0
59 151 89 169 50 0
60 123 67 109 0
61 10 95 136 120 196 0
62 49 152 155 138 113 118 53 107 0
63 139 148 182 34 42 7 121 133 184 0
64 49 55 86 94 134 0
65 172 76 192 0
66 172 101 57 112 137 141 0
67 106 171 7 60 101 157 163 0
68 78 0
69 79 157 194 0
70 42 124 169 0
71 78 109 189 0
72 81 116 168 0
73 119 47 80 136 0
74 27 139 159 35 118 0
75 103 90 187 186 150 177 0
76 159 9 65 165 179 0
77 189 8 167 52 128 16 42 98 147 0
78 40 161 71 68 0
79 195 173 151 69 145 119 107 0
80 40 73 112 146 0
81 133 72 44 0
82 170 0
83 143 94 99 31 170 0
84 167 43 46 95 99 0
85 126 33 43 145 166 0
86 101 64 0
87 166 138 153 0
88 27 6 148 198 0
89 59 0
90 75 111 135 181 0
91 7 174 0
92 143 114 186 0
93 126 191 0
94 83 126 160 64 0
95 61 22 84 0
96 116 14 176 0
97 161 111 0
98 56 77 0
99 83 9 46 84 198 0
100 167 52 105 0
101 66 180 86 67 0
102 27 37 26 127 136 0
103 159 133 75 35 55 0
104 22 21 41 124 131 158 0
105 22 174 100 117 123 0
106 20 67 112 0
107 184 29 3 45 48 49 62 79 156 163 175 189 0
108 180 25 33 116 0
109 156 45 120 9 60 71 150 0
110 40 47 0
111 97 90 119 171 193 0
112 66 80 106 140 0
113 62 21 162 0
114 151 2 36 92 0
115 162 0
116 163 96 21 72 108 166 0
117 41 105 198 0
118 62 191 178 57 74 0
119 79 73 28 111 0
120 109 6 52 61 0
121 63 26 0
122 176 144 0
123 41 146 60 157 105 0
124 13 70 104 0
125 129 57 0
126 94 93 85 0
127 20 150 26 102 168 0
128 77 26 35 0
129 166 125 0
130 151 46 0
131 198 104 137 164 188 196 0
132 175 182 0
133 103 81 55 14 63 0
134 17 64 0
135 29 90 0
136 61 147 73 102 157 0
137 22 192 10 12 66 131 0
138 62 87 0
139 74 63 0
140 19 112 0
141 184 66 164 176 0
142 18 38 50 54 200 0
143 27 92 83 19 185 20 144 156 0
144 150 122 143 0
145 79 85 0
146 123 24 80 0
147 136 77 165 0
148 63 11 38 88 152 175 0
149 49 0
150 127 144 35 75 109 178 180 0
151 79 59 27 194 49 114 162 130 20 0
152 62 13 196 148 0
153 56 87 186 0
154 48 161 0
155 62 14 30 162 0
156 163 166 3 109 5 107 143 173 0
157 123 1 51 67 69 136 0
158 40 20 104 175 0
159 74 76 103 28 0
160 94 1 0
161 78 97 17 24 154 178 0
162 151 176 115 113 155 0
163 189 156 184 116 19 56 67 107 0
164 175 58 131 141 0
165 12 9 76 147 171 0
166 156 129 56 87 18 85 116 0
167 77 84 100 182 0
168 43 72 127 0
169 59 20 42 70 198 0
170 184 82 83 0
171 67 111 165 0
172 25 66 65 0
173 79 40 156 192 0
174 105 48 91 184 188 0
175 27 132 164 48 49 107 148 158 0
176 162 122 7 96 141 0
177 10 45 75 0
178 118 150 161 0
179 51 35 76 0
180 101 108 150 0
181 26 193 90 0
182 63 132 167 0
183 41 56 0
184 163 20 170 107 141 15 33 63 174 0
185 143 191 0
186 75 9 92 153 193 0
187 75 54 55 0
188 55 23 131 174 0
189 32 77 163 12 71 107 0
190 40 0
191 118 93 185 0
192 137 29 65 173 0
193 181 111 186 0
194 151 12 69 0
195 32 4 79 58 25 0
196 152 61 131 0
197 34 54 0
198 58 131 88 99 117 169 0
199 18 38 0
200 28 13 142 0

