200  1135
1 176 52 24 54 64 69 109 111 117 139 144 186 193 196 198 0
2 54 3 6 61 105 116 120 128 172 173 0
3 54 60 2 29 49 102 135 161 174 177 0
4 56 150 194 143 21 29 35 70 91 98 116 127 142 193 0
5 14 157 47 87 115 122 130 141 0
6 158 112 2 20 25 63 119 152 200 0
7 198 111 21 30 41 84 93 96 107 116 121 136 0
8 13 57 61 70 103 140 148 161 170 180 0
9 51 37 46 56 71 83 92 121 126 148 151 167 168 171 187 0
10 89 12 35 44 81 82 92 111 133 190 0
11 48 39 89 94 109 118 129 0
12 105 10 13 19 47 56 66 74 99 127 148 160 180 181 183 0
13 79 8 12 15 26 37 46 58 72 0
14 177 5 20 16 25 26 60 132 136 156 170 187 0
15 160 13 16 53 57 59 62 101 108 111 148 158 180 0
16 86 14 15 21 62 65 101 114 133 152 180 0
17 44 46 152 23 71 73 97 102 107 176 194 0
18 71 28 36 47 65 74 100 105 106 111 112 125 127 135 140 161 171 0
19 160 12 33 40 51 67 73 78 88 92 93 103 105 110 165 197 0
20 14 6 78 105 132 133 143 163 170 172 0
21 159 173 4 7 16 33 52 76 79 89 96 115 144 149 155 0
22 198 26 46 62 104 141 142 165 167 168 0
23 95 17 38 83 90 129 146 152 173 189 200 0
24 73 70 106 79 55 188 1 28 58 71 147 161 189 0
25 96 129 74 6 14 47 58 59 62 64 84 112 119 127 155 167 176 199 0
26 22 44 99 101 118 13 14 31 47 51 62 74 121 180 0
27 99 61 84 102 120 139 170 177 192 0
28 103 183 18 24 39 58 67 74 75 79 170 199 0
29 136 35 3 4 56 60 78 100 104 128 0
30 89 7 57 92 93 105 110 127 134 160 176 179 186 0
31 189 26 50 81 92 105 146 173 187 0
32 70 197 161 147 42 75 96 119 126 141 150 181 0
33 89 114 19 21 35 51 57 70 128 159 165 169 0
34 44 98 46 51 57 92 93 144 146 196 0
35 29 4 10 33 56 69 118 145 168 176 193 0
36 77 18 105 155 169 183 184 189 0
37 9 13 66 95 101 139 0
38 180 48 113 23 59 85 91 104 114 131 0
39 51 11 28 42 73 93 105 140 173 189 191 0
40 178 136 141 19 0
41 87 104 7 48 72 113 117 125 127 131 172 173 177 185 200 0
42 91 32 39 56 90 108 161 165 190 0
43 83 69 105 117 118 133 148 166 0
44 26 193 34 121 17 177 10 72 174 0
45 136 159 125 90 53 64 74 77 98 147 0
46 17 62 9 13 22 34 69 86 94 97 98 138 146 155 161 174 196 0
47 85 144 84 5 12 18 25 26 62 107 143 163 184 185 0
48 38 85 11 41 59 80 91 118 133 152 161 164 0
49 156 3 63 69 81 110 116 140 144 147 153 198 0
50 133 31 80 108 135 168 186 194 0
51 54 39 9 19 26 33 34 62 112 150 184 185 189 0
52 1 94 21 74 119 125 0
53 125 15 45 61 64 65 92 107 117 147 152 178 181 200 0
54 180 51 2 80 3 1 152 176 194 197 0
55 24 76 107 66 75 96 105 157 191 197 0
56 123 178 73 149 71 4 9 12 29 35 42 88 92 194 0
57 127 81 8 15 30 33 34 77 85 94 99 114 141 158 177 193 0
58 63 195 64 191 134 132 13 24 25 28 74 90 96 117 133 173 185 0
59 145 15 25 38 48 62 77 92 94 106 119 120 125 158 0
60 3 14 29 68 92 134 143 162 184 191 193 194 0
61 144 2 8 27 53 68 73 97 160 172 0
62 46 15 16 22 25 26 47 51 59 67 91 121 144 146 198 0
63 85 87 58 6 49 116 118 136 148 156 157 158 173 192 197 198 0
64 58 1 25 45 53 83 166 167 0
65 99 109 16 18 53 91 92 98 113 121 179 183 0
66 127 68 12 37 55 70 82 113 122 137 163 168 182 187 0
67 95 19 28 62 72 77 103 104 116 166 179 180 190 200 0
68 66 130 60 61 98 154 162 168 177 182 187 192 0
69 154 1 35 43 46 49 76 85 102 114 157 174 0
70 24 142 32 151 192 4 8 33 66 71 112 115 127 130 153 156 157 0
71 56 127 119 18 9 17 24 70 73 93 105 106 107 167 0
72 153 148 13 41 44 67 75 85 88 163 176 183 0
73 56 24 176 115 135 17 19 39 61 71 76 129 134 145 154 190 0
74 25 12 18 26 28 45 52 58 77 83 85 94 100 108 110 117 132 146 161 0
75 106 133 28 32 55 72 122 124 147 171 175 0
76 55 21 69 73 95 110 126 130 165 188 0
77 92 36 45 57 59 67 74 89 93 98 115 120 139 141 165 171 0
78 193 181 92 19 20 29 80 125 172 0
79 24 13 21 28 92 117 141 0
80 54 48 50 78 91 135 140 160 176 0
81 57 10 31 49 84 101 111 127 162 191 0
82 116 10 66 148 191 0
83 178 43 9 23 64 74 119 126 153 0
84 47 189 122 7 25 27 81 85 109 115 127 190 0
85 48 47 63 38 57 69 72 74 84 133 179 188 194 0
86 107 16 46 116 130 133 141 148 152 167 0
87 63 154 41 146 153 137 102 5 89 92 96 101 109 131 141 144 161 172 175 0
88 93 185 19 56 72 107 120 142 152 196 0
89 140 10 30 33 11 21 77 87 102 114 115 142 171 0
90 45 23 42 58 92 103 133 197 0
91 154 42 4 38 48 62 65 80 100 102 106 116 122 129 152 170 0
92 78 77 9 10 19 30 31 34 53 56 59 60 65 79 87 90 95 98 123 130 136 137 0
93 115 164 88 7 19 30 34 39 71 77 112 0
94 52 11 46 57 59 74 151 153 183 0
95 178 67 23 37 76 92 166 0
96 198 25 7 21 32 55 58 87 98 119 161 168 176 0
97 149 17 46 61 99 102 127 135 145 179 186 199 0
98 34 4 45 46 65 68 77 92 96 144 186 0
99 26 145 27 179 120 65 12 57 97 141 150 156 158 170 185 0
100 116 18 29 74 91 102 173 197 200 0
101 26 15 16 37 81 87 121 123 133 160 0
102 87 184 3 17 27 69 89 91 97 100 107 0
103 193 156 105 28 8 19 67 90 104 122 145 149 159 187 0
104 41 22 29 38 67 103 108 113 137 149 183 192 0
105 103 12 2 18 19 20 30 31 36 39 43 55 71 107 192 0
106 24 75 131 18 59 71 91 116 135 148 150 157 163 178 193 0
107 55 86 158 196 7 17 47 53 71 88 102 105 122 126 144 172 177 179 0
108 142 15 42 50 74 104 117 133 144 176 187 197 0
109 65 1 11 84 87 112 160 163 176 0
110 145 186 19 30 49 74 76 113 124 175 181 189 0
111 7 1 10 15 18 81 122 127 134 155 157 178 0
112 6 18 25 51 70 93 109 123 0
113 38 41 65 66 104 110 132 198 0
114 33 16 38 57 69 89 138 179 0
115 73 93 5 21 70 77 84 89 121 129 142 144 171 172 174 0
116 125 100 82 2 4 7 49 63 67 86 91 106 128 131 174 178 187 190 0
117 156 1 41 43 53 58 74 79 108 128 136 186 193 197 0
118 26 160 172 11 35 43 48 63 129 155 159 165 167 184 0
119 71 6 25 32 52 59 83 96 184 0
120 99 2 27 59 77 88 156 184 199 0
121 44 7 9 26 62 65 101 115 132 157 162 188 197 0
122 84 169 5 66 75 91 103 107 111 167 168 0
123 180 56 138 92 101 112 142 0
124 151 75 110 137 163 173 186 0
125 45 116 53 18 41 52 59 78 0
126 144 128 200 9 32 76 83 107 158 182 191 0
127 71 57 66 4 12 18 25 30 41 70 81 84 97 111 170 178 180 181 198 0
128 126 2 29 33 116 117 129 188 0
129 25 11 23 73 91 115 118 128 133 135 160 161 168 170 187 0
130 68 5 70 76 86 92 150 173 0
131 106 38 41 87 116 158 181 184 190 0
132 58 14 20 74 113 121 144 162 0
133 75 50 10 16 20 43 48 58 85 86 90 101 108 129 136 157 158 161 162 175 187 0
134 58 30 60 73 111 152 183 195 0
135 73 3 18 50 80 97 106 129 138 195 0
136 40 45 29 7 14 63 92 117 133 160 165 172 179 0
137 87 66 92 104 124 182 0
138 123 46 114 135 140 152 170 184 193 200 0
139 143 1 27 37 77 0
140 198 89 8 18 39 49 80 138 146 150 158 0
141 40 5 22 32 57 77 79 86 87 99 183 0
142 70 108 4 22 88 89 115 123 167 0
143 4 139 20 47 60 144 0
144 47 126 61 1 21 34 49 62 87 98 107 108 115 132 143 146 147 171 180 0
145 99 110 59 190 35 73 97 103 153 0
146 87 23 31 34 46 62 74 140 144 181 184 186 0
147 32 24 45 49 53 75 144 183 0
148 72 8 9 12 15 43 63 82 86 106 182 0
149 56 168 97 21 103 104 159 181 193 196 0
150 4 182 32 51 99 106 130 140 156 157 180 184 191 0
151 70 124 9 94 168 187 0
152 17 6 16 23 48 53 54 86 88 91 134 138 192 194 0
153 87 72 49 70 83 94 145 182 0
154 87 69 91 68 73 165 171 181 188 0
155 199 21 25 36 46 111 118 0
156 103 49 162 117 14 63 70 99 120 150 161 166 182 0
157 5 55 63 69 70 106 111 121 133 150 0
158 107 165 6 15 57 59 63 99 126 131 133 140 160 0
159 45 21 33 103 118 149 165 169 0
160 118 19 15 12 30 61 80 101 109 129 136 158 180 186 0
161 32 3 8 18 24 42 46 48 74 87 96 129 133 156 169 183 185 0
162 156 60 68 81 121 132 133 164 179 0
163 198 20 47 66 72 106 109 124 179 181 0
164 93 48 162 169 170 174 200 0
165 158 19 22 33 42 76 77 118 136 154 159 0
166 168 43 64 67 95 156 171 189 0
167 168 9 22 25 64 71 86 118 122 142 198 0
168 149 175 166 167 9 22 35 50 66 68 96 122 129 151 182 188 0
169 122 33 36 159 161 164 0
170 191 8 14 20 27 28 91 99 127 129 138 164 174 184 0
171 181 9 18 75 77 89 115 144 154 166 190 192 200 0
172 118 2 20 41 61 78 87 107 115 136 0
173 21 2 23 31 39 41 58 63 100 124 130 0
174 200 3 44 46 69 115 116 164 170 195 0
175 168 75 87 110 133 188 0
176 73 1 17 25 30 35 54 72 80 96 108 109 0
177 44 14 3 27 41 57 68 107 185 0
178 56 40 83 95 53 106 111 116 127 181 190 200 0
179 99 30 65 67 85 97 107 114 136 162 163 185 0
180 198 123 38 54 187 8 12 15 16 26 67 127 144 150 160 0
181 78 171 12 32 53 110 127 131 146 149 154 163 178 0
182 150 66 68 126 137 148 153 156 168 0
183 28 12 36 65 72 94 104 134 141 147 161 197 0
184 102 36 47 51 60 118 119 120 131 138 146 150 170 0
185 88 41 47 51 58 99 161 177 179 197 0
186 110 1 30 50 97 98 117 124 146 160 0
187 180 9 14 31 66 68 103 108 116 129 133 151 195 0
188 24 76 85 121 128 154 168 175 0
189 84 31 23 24 36 39 51 110 166 0
190 145 10 42 67 73 84 116 131 171 178 0
191 58 170 39 55 60 81 82 126 150 193 0
192 70 27 63 68 104 105 152 171 194 0
193 44 103 78 1 4 35 57 60 106 117 138 149 191 194 195 200 0
194 4 17 50 54 56 60 85 152 192 193 0
195 58 134 135 174 187 193 0
196 107 1 34 46 88 149 199 0
197 32 19 54 55 63 90 100 108 117 121 183 185 0
198 180 22 7 96 199 140 163 1 49 62 63 113 127 167 0
199 198 155 25 28 97 120 196 0
200 126 174 6 23 41 53 67 100 138 164 171 178 193 0

