200  380
1 49 0
2 49 81 59 18 73 97 136 0
3 75 58 48 0
4 48 82 114 0
5 126 6 22 118 0
6 56 112 183 5 8 0
7 55 104 139 0
8 63 6 79 113 152 171 0
9 55 127 96 114 0
10 126 177 0
11 103 196 40 96 180 0
12 137 104 142 0
13 44 28 186 0
14 98 58 131 133 186 195 196 0
15 48 168 88 193 0
16 98 20 186 197 0
17 46 197 0
18 160 2 0
19 22 113 182 0
20 89 16 195 0
21 77 93 84 74 121 0
22 162 19 5 181 0
23 183 126 151 0
24 63 196 0
25 161 199 131 123 182 85 173 0
26 155 156 0
27 163 111 0
28 42 13 41 67 0
29 93 0
30 123 36 195 184 85 0
31 55 145 72 93 121 149 0
32 151 189 102 64 45 113 131 144 0
33 184 181 0
34 186 0
35 97 135 0
36 30 175 37 154 140 0
37 36 0
38 133 140 86 0
39 199 136 142 155 171 61 56 179 193 0
40 11 62 99 178 184 0
41 174 28 161 0
42 43 28 143 189 0
43 66 42 0
44 112 65 60 13 50 107 188 0
45 123 162 139 32 57 0
46 115 17 170 97 142 151 159 0
47 155 0
48 142 15 92 4 94 3 101 153 0
49 169 108 2 87 1 51 140 0
50 200 44 104 0
51 162 49 144 186 0
52 91 80 85 0
53 189 147 0
54 73 0
55 151 7 99 9 31 80 186 0
56 161 169 133 63 115 174 6 39 0
57 162 45 172 0
58 3 14 110 0
59 2 111 149 197 0
60 44 88 157 0
61 39 70 150 0
62 144 40 191 0
63 56 103 89 122 8 24 180 162 0
64 32 112 189 0
65 44 153 177 0
66 131 43 72 91 116 126 193 0
67 122 28 0
68 126 169 179 0
69 92 128 159 0
70 176 61 0
71 169 86 125 0
72 66 31 122 0
73 169 54 128 2 123 0
74 21 124 179 187 0
75 161 150 3 0
76 136 134 116 154 171 0
77 161 21 129 97 100 132 0
78 112 0
79 121 8 179 0
80 52 191 55 148 0
81 2 119 88 0
82 136 4 0
83 199 0
84 21 0
85 25 30 52 112 0
86 71 146 147 194 38 96 195 0
87 49 176 160 157 0
88 15 60 81 0
89 63 164 20 150 0
90 158 190 185 0
91 66 52 162 0
92 48 143 69 0
93 21 29 31 0
94 48 0
95 154 144 107 118 142 0
96 11 9 86 169 0
97 156 35 165 2 46 77 158 0
98 99 148 14 16 141 0
99 55 98 40 183 0
100 186 77 0
101 178 48 102 139 167 0
102 32 101 178 0
103 63 11 116 198 0
104 7 12 50 0
105 166 0
106 112 108 132 0
107 95 44 110 170 0
108 49 106 119 133 141 155 167 0
109 123 159 131 156 0
110 122 58 107 180 182 0
111 27 59 0
112 6 106 78 44 64 85 0
113 126 8 19 32 0
114 163 4 9 0
115 56 46 0
116 103 66 76 155 0
117 170 129 175 0
118 95 5 0
119 81 108 0
120 135 146 169 0
121 21 79 31 0
122 63 138 67 110 72 198 0
123 25 30 45 109 73 128 0
124 74 0
125 71 167 193 195 0
126 146 68 113 5 10 23 66 0
127 9 139 200 0
128 73 69 123 132 0
129 77 117 0
130 156 162 0
131 25 151 66 14 32 109 0
132 169 77 106 128 0
133 56 38 163 14 108 186 0
134 76 0
135 175 120 35 153 0
136 39 76 82 2 0
137 146 152 141 12 164 191 0
138 122 0
139 45 185 7 101 127 0
140 38 36 49 193 0
141 137 98 108 0
142 39 48 12 46 95 157 0
143 92 153 42 0
144 95 62 32 51 0
145 31 179 0
146 86 137 126 120 0
147 86 53 0
148 98 172 80 176 0
149 188 31 59 150 0
150 75 61 89 149 0
151 131 55 32 23 46 0
152 137 8 0
153 143 48 65 135 179 0
154 36 95 76 0
155 39 26 47 108 116 0
156 175 130 97 26 109 200 0
157 87 181 60 142 0
158 174 90 97 0
159 109 46 69 0
160 87 18 164 0
161 25 56 77 75 178 41 163 0
162 45 51 188 22 57 63 91 130 0
163 133 27 114 161 0
164 89 137 160 175 0
165 97 0
166 177 105 0
167 125 186 101 108 0
168 15 198 0
169 56 71 73 49 132 68 96 120 0
170 46 117 107 0
171 39 187 8 76 182 0
172 148 192 57 0
173 25 0
174 56 158 179 41 0
175 36 156 135 117 164 187 0
176 87 70 148 0
177 199 166 10 65 0
178 161 101 40 102 184 0
179 174 197 39 68 74 79 145 153 188 0
180 63 11 110 0
181 157 22 33 0
182 25 19 110 171 0
183 6 23 99 0
184 30 33 40 178 0
185 139 90 0
186 167 34 100 13 14 16 51 55 133 0
187 171 74 175 0
188 162 149 44 179 0
189 32 53 42 64 0
190 90 0
191 80 200 62 137 0
192 172 0
193 125 15 39 66 140 0
194 86 0
195 30 14 20 86 125 0
196 11 14 24 0
197 179 16 17 59 0
198 168 103 122 0
199 25 39 177 83 0
200 191 50 127 156 0

