200  2186
1 198 4 5 7 21 29 34 50 59 69 78 97 107 108 110 112 120 129 134 137 200 0
2 198 193 76 136 4 12 13 19 23 28 32 37 45 60 73 131 148 154 159 161 178 184 188 0
3 56 26 31 44 49 54 63 68 71 76 85 90 91 95 100 109 119 125 141 146 148 151 181 200 0
4 60 1 2 18 19 58 66 72 78 83 87 118 132 135 141 150 157 160 173 179 181 185 193 195 0
5 24 171 130 1 18 22 26 35 36 45 66 67 83 100 126 128 143 162 184 0
6 98 64 26 8 10 15 18 20 23 33 35 38 54 62 131 148 150 152 154 166 167 180 188 198 0
7 170 27 180 85 1 10 26 29 39 47 54 69 78 80 90 120 126 129 133 140 154 156 163 172 0
8 53 6 10 17 40 44 46 77 83 86 95 99 100 101 106 150 153 158 175 185 187 191 194 198 0
9 194 52 66 62 17 28 31 38 39 42 46 51 81 117 126 144 158 183 184 191 200 0
10 101 198 170 6 7 8 29 52 56 60 90 95 96 123 133 135 152 167 181 189 192 0
11 152 12 23 68 73 103 111 113 115 117 128 167 181 182 192 198 0
12 112 80 2 11 23 43 55 60 65 68 74 78 82 89 114 122 126 131 141 155 157 184 193 0
13 197 2 26 28 29 41 42 53 56 57 62 71 74 77 79 90 96 101 104 106 119 132 144 161 0
14 108 28 32 35 57 59 67 76 88 127 144 145 153 157 158 162 170 182 184 186 199 0
15 197 6 17 33 35 44 56 78 122 127 152 162 175 184 188 194 199 0
16 61 21 58 65 109 121 124 128 138 139 141 150 152 154 168 187 0
17 66 8 9 15 27 46 68 84 85 86 91 101 109 111 128 132 137 143 149 167 170 173 175 181 184 187 194 195 197 0
18 149 4 5 6 39 40 42 43 58 78 88 91 106 112 134 147 151 153 161 162 184 190 197 198 0
19 193 2 4 21 22 24 46 68 79 82 98 100 110 116 131 136 141 149 151 178 179 181 187 189 191 0
20 197 159 6 23 30 31 38 39 48 49 50 55 65 74 85 117 122 142 149 153 193 0
21 128 189 1 16 19 41 58 87 92 96 98 105 112 127 129 134 160 164 177 178 182 191 197 0
22 87 5 19 23 30 31 32 46 54 56 61 71 74 83 84 95 98 100 120 128 131 136 174 186 188 195 196 197 0
23 109 2 6 11 12 20 22 24 25 29 38 41 47 57 60 77 91 106 110 116 119 148 163 167 181 0
24 142 5 177 19 23 40 70 77 83 95 96 97 100 102 104 107 126 143 172 185 193 0
25 124 133 23 41 43 60 67 68 83 98 105 111 117 120 138 139 140 141 143 178 181 193 197 198 0
26 6 152 91 183 3 5 7 13 35 40 44 48 54 60 63 90 94 115 133 134 163 173 0
27 7 17 40 41 45 47 51 53 54 67 75 80 96 112 113 124 134 140 142 145 158 159 163 169 171 183 199 0
28 128 2 9 13 14 30 39 59 72 74 82 99 103 107 108 118 126 157 167 173 176 178 180 181 197 0
29 131 1 7 10 13 23 32 34 38 40 46 73 94 99 110 118 143 169 172 196 200 0
30 110 20 22 28 41 49 61 77 82 86 88 94 97 105 114 118 119 124 129 149 161 167 170 183 188 189 192 0
31 78 3 9 20 22 35 44 62 72 73 75 88 90 102 121 122 136 143 146 172 186 200 0
32 131 58 2 14 22 29 38 45 61 67 69 77 79 80 92 100 101 104 125 126 143 153 154 158 159 174 176 190 200 0
33 142 59 6 15 34 49 63 76 77 80 84 88 90 120 122 123 126 127 128 133 156 161 163 169 182 195 0
34 169 1 29 33 43 48 60 82 84 85 93 102 106 124 140 141 161 167 168 184 193 0
35 108 42 5 6 14 15 26 31 43 49 63 72 74 82 110 116 139 160 168 169 172 183 194 200 0
36 101 106 54 82 5 40 48 66 75 76 79 86 91 146 157 159 172 174 182 188 0
37 41 2 40 48 56 73 91 93 96 114 123 0
38 107 121 6 9 20 23 29 32 45 49 55 63 64 90 166 167 171 178 188 0
39 48 41 50 67 165 7 9 18 20 28 79 93 106 123 124 127 136 156 176 178 188 190 0
40 58 8 18 24 26 27 29 36 37 41 42 44 50 53 61 64 69 71 75 83 86 103 105 114 120 125 130 132 134 139 144 150 158 167 177 180 193 0
41 39 37 13 21 23 25 27 30 40 51 58 77 80 94 100 148 158 159 170 200 0
42 35 9 13 18 40 48 54 99 118 126 136 138 149 162 164 169 184 195 0
43 92 12 18 25 34 35 45 71 78 86 89 93 94 99 101 113 116 121 135 155 161 175 181 184 185 189 194 0
44 130 3 8 15 26 31 40 48 50 53 61 71 82 89 111 126 128 137 139 179 184 187 190 0
45 47 2 5 27 32 38 43 50 63 64 71 86 87 111 120 135 143 145 147 163 181 184 196 0
46 112 8 9 17 19 22 29 49 55 80 88 98 136 142 145 149 175 178 183 0
47 106 120 157 45 7 23 27 49 52 85 86 103 109 123 127 141 142 163 174 0
48 54 89 39 20 26 34 36 37 42 44 49 52 58 59 75 83 91 123 132 142 144 148 151 0
49 108 3 20 30 33 35 38 46 47 48 57 61 64 73 74 103 122 169 181 183 186 0
50 39 1 20 40 44 45 59 60 85 97 99 102 105 122 125 127 129 142 147 149 158 173 184 188 0
51 171 9 27 41 68 74 76 82 84 93 96 100 105 110 111 127 128 136 154 160 169 170 177 183 188 194 0
52 9 117 162 10 47 48 70 113 122 127 133 165 0
53 140 8 192 13 27 40 44 108 123 150 153 166 167 178 0
54 36 139 48 122 96 83 3 6 7 22 26 27 42 56 57 74 75 90 91 93 98 103 143 144 147 153 154 155 161 162 166 0
55 97 12 20 38 46 62 72 80 103 112 118 126 127 142 143 145 158 179 195 199 0
56 174 3 10 13 15 22 37 54 68 84 93 96 109 110 112 114 117 118 119 134 173 178 179 198 0
57 103 200 13 14 23 49 54 106 115 143 145 146 155 167 0
58 32 40 4 16 18 21 41 48 69 72 78 89 96 110 116 130 131 146 153 162 182 184 0
59 33 1 14 28 48 50 63 73 74 91 118 125 151 168 171 175 197 0
60 169 148 4 2 10 12 23 25 26 34 50 64 66 80 89 126 144 157 163 165 179 180 182 186 0
61 134 16 22 30 32 40 44 49 74 78 93 94 97 100 106 144 147 154 170 180 193 197 198 199 0
62 9 6 13 31 55 75 86 98 122 129 134 135 145 146 149 158 159 161 165 171 184 198 0
63 94 119 3 26 33 35 38 45 59 86 87 90 99 102 104 105 109 127 128 153 155 161 167 184 189 0
64 6 104 38 40 45 49 60 70 79 90 94 102 103 125 146 173 188 193 0
65 112 172 12 16 20 70 71 72 78 92 106 115 138 141 153 157 158 161 164 170 178 186 190 191 192 0
66 9 141 17 4 5 36 60 70 73 74 85 104 109 122 129 143 144 145 146 150 161 163 170 181 0
67 39 5 14 25 27 32 68 82 85 89 97 100 116 130 134 162 177 184 0
68 197 166 3 11 12 17 19 25 51 56 67 79 84 87 88 103 122 128 131 142 145 148 162 169 178 190 0
69 132 1 7 32 40 58 71 86 92 102 112 119 136 151 152 167 176 188 0
70 138 24 52 64 65 66 91 98 104 108 119 121 145 162 177 181 0
71 155 3 13 22 40 43 44 45 65 69 84 87 91 113 117 128 137 149 162 191 192 198 0
72 74 4 28 31 35 55 58 65 78 87 93 105 106 127 128 129 155 163 171 177 0
73 126 2 11 29 31 37 49 59 66 79 85 87 104 115 117 135 147 152 153 171 181 187 191 0
74 152 72 12 13 20 22 28 35 49 51 54 59 61 66 94 100 118 145 147 154 162 165 182 190 0
75 92 103 27 31 36 40 48 54 62 79 109 110 119 168 185 188 197 0
76 2 3 14 33 36 51 87 94 105 121 149 153 165 169 181 184 192 195 198 0
77 194 8 13 23 24 30 32 33 41 78 81 83 92 109 123 130 139 149 167 169 182 189 0
78 101 134 128 31 1 4 7 12 15 18 43 58 61 65 72 77 83 103 126 137 144 150 162 167 172 190 196 0
79 193 145 153 13 19 32 36 39 64 68 73 75 80 116 144 154 163 165 170 0
80 12 144 7 27 32 33 41 46 55 60 79 89 99 100 111 118 127 141 142 158 181 183 194 196 198 0
81 103 137 9 77 122 133 136 148 163 181 187 189 193 0
82 36 110 12 19 28 30 34 35 44 51 67 86 94 105 116 129 166 183 193 0
83 54 123 4 5 8 22 24 25 40 48 77 78 86 90 91 98 100 105 106 142 151 165 172 200 0
84 172 17 22 33 34 51 56 68 71 104 107 108 116 120 126 132 136 175 194 0
85 7 132 3 17 20 34 47 50 66 67 73 89 91 95 101 108 153 162 165 169 0
86 186 187 160 8 17 30 36 40 43 45 47 62 63 69 82 83 87 93 121 122 141 179 193 198 0
87 179 22 4 21 45 63 68 71 72 73 76 86 91 94 109 114 152 172 180 190 198 0
88 98 14 18 30 31 33 46 68 92 97 105 128 173 181 190 0
89 48 12 43 44 58 60 67 80 85 91 106 119 123 126 127 135 146 158 166 184 186 192 195 197 0
90 154 195 184 3 7 10 13 26 31 33 38 54 63 64 83 99 105 122 137 169 0
91 26 107 3 17 18 23 36 37 48 54 59 70 71 83 85 87 89 92 121 128 134 136 139 143 162 174 176 177 188 189 200 0
92 98 94 75 43 21 32 65 69 77 88 91 123 140 141 143 154 166 168 179 184 186 0
93 190 34 37 39 43 51 54 56 61 72 86 102 117 119 134 145 146 154 168 176 188 195 0
94 92 149 63 161 179 26 29 30 41 43 61 64 74 76 82 87 110 113 119 133 162 169 176 181 184 188 0
95 127 3 8 10 22 24 85 104 108 111 117 119 120 128 130 133 143 146 161 168 187 0
96 54 10 13 21 24 27 37 51 56 58 112 131 137 138 146 148 159 168 170 196 0
97 98 55 1 24 30 50 61 67 88 102 119 123 128 132 134 141 143 150 159 172 173 195 196 0
98 101 92 109 142 112 163 6 97 88 99 19 21 22 25 46 54 62 70 83 121 124 126 138 154 166 174 176 185 0
99 98 8 28 29 42 43 50 63 80 90 102 106 114 118 152 153 154 169 196 198 0
100 120 3 5 8 19 22 24 32 41 51 61 67 74 80 83 103 110 117 123 135 139 143 146 166 167 168 176 181 191 193 0
101 98 10 36 143 78 176 8 13 17 32 43 85 126 134 136 168 171 175 179 185 187 188 198 0
102 195 156 151 24 31 34 50 63 64 69 93 97 99 103 105 112 119 145 146 150 163 173 175 186 0
103 75 116 81 57 11 28 40 47 49 54 55 64 68 78 100 102 119 123 134 140 144 146 156 167 177 190 198 0
104 64 164 13 24 32 63 66 70 73 84 95 110 114 115 127 128 159 161 165 184 191 0
105 131 21 25 30 40 50 51 63 72 76 82 83 88 90 102 108 109 112 119 122 142 143 161 168 174 184 0
106 36 47 8 13 18 23 34 39 57 61 65 72 83 89 99 108 127 139 167 171 196 0
107 91 38 1 24 28 84 113 120 129 138 139 143 149 150 154 160 161 177 179 186 190 0
108 161 196 35 14 49 1 28 53 70 84 85 95 105 106 140 144 148 153 154 188 189 191 198 0
109 98 23 3 16 17 47 56 63 66 75 77 87 105 112 119 120 129 136 163 194 197 0
110 82 30 1 19 23 29 35 51 56 58 75 94 100 104 112 115 118 154 173 176 178 179 180 0
111 162 11 17 25 44 45 51 80 95 120 127 145 148 153 154 160 170 172 196 0
112 98 65 169 113 146 46 12 1 18 21 27 55 56 69 96 102 105 109 110 115 120 128 160 171 189 197 200 0
113 112 115 11 27 43 52 71 94 107 116 129 130 139 147 152 154 164 174 177 188 199 0
114 122 12 30 37 40 56 87 99 104 116 127 147 148 156 175 183 200 0
115 113 11 26 57 65 73 104 110 112 129 141 165 169 171 174 186 188 189 196 0
116 103 19 23 35 43 58 67 79 82 84 113 114 156 163 174 181 186 187 199 0
117 52 9 11 20 25 56 71 73 93 95 100 130 148 165 168 195 0
118 119 4 28 29 30 42 55 56 59 74 80 99 110 121 148 150 175 193 0
119 63 118 3 13 23 30 56 69 70 75 89 93 94 95 97 102 103 105 109 130 140 142 144 147 152 153 160 166 168 183 188 193 194 0
120 47 100 1 7 22 25 33 40 45 84 95 107 109 111 112 139 143 155 165 166 170 183 194 195 0
121 38 16 31 43 70 76 86 91 98 118 126 136 142 158 174 175 0
122 54 114 12 15 20 31 33 49 50 52 62 66 68 81 86 90 105 144 147 151 153 173 176 182 192 193 197 0
123 83 10 33 37 39 47 48 53 77 89 92 97 100 103 124 125 143 144 153 173 180 183 191 0
124 190 138 25 16 27 30 34 39 98 123 135 147 153 154 167 183 184 185 0
125 143 3 32 40 50 59 64 123 150 152 156 162 0
126 138 129 73 5 7 9 12 24 28 32 33 42 44 55 60 78 84 89 98 101 121 152 155 164 0
127 154 95 150 14 15 21 33 39 47 50 51 52 55 63 72 80 89 104 106 111 114 130 135 142 158 163 167 175 180 182 187 189 0
128 78 21 28 5 11 16 17 22 33 44 51 63 68 71 72 88 91 95 97 104 112 131 132 134 142 160 186 189 199 0
129 126 135 1 7 21 30 50 62 66 72 82 107 109 113 115 143 153 157 167 168 0
130 5 44 40 58 67 77 95 113 117 119 127 145 148 175 181 198 0
131 134 32 105 29 2 6 12 19 22 58 68 96 128 142 158 160 199 0
132 85 69 4 13 17 40 48 84 97 128 145 148 151 166 167 181 184 189 192 198 0
133 25 7 10 26 33 52 81 94 95 136 154 155 198 0
134 78 194 131 61 1 18 21 26 27 40 56 62 67 91 93 97 101 103 128 146 154 157 179 193 0
135 129 173 4 10 43 45 62 73 89 100 124 127 169 179 182 195 0
136 2 19 22 31 39 42 46 51 69 81 84 91 101 109 121 133 137 143 169 171 177 187 0
137 81 1 17 44 71 78 90 96 136 144 169 197 0
138 124 126 70 175 16 25 42 65 96 98 107 142 146 149 150 152 159 0
139 54 155 16 25 35 40 44 77 91 100 106 107 113 120 176 184 0
140 154 191 53 7 25 27 34 92 103 108 119 144 146 165 169 179 187 195 0
141 66 3 4 12 16 19 25 34 47 65 80 86 92 97 115 153 180 184 190 0
142 98 24 33 20 27 46 47 48 50 55 68 80 83 105 119 121 127 128 131 138 147 161 175 0
143 101 125 5 17 24 25 29 31 32 45 54 55 57 66 91 92 95 97 100 105 107 120 123 129 136 159 164 170 181 182 0
144 80 9 13 14 40 48 54 60 61 66 78 79 103 108 119 122 123 137 140 148 167 173 179 183 187 191 192 197 0
145 79 14 27 45 46 55 57 62 66 68 70 74 93 102 111 130 132 151 163 168 187 194 0
146 112 3 31 36 57 58 62 64 66 89 93 95 96 100 102 103 134 138 140 148 156 168 169 170 174 189 0
147 155 18 45 50 54 61 73 74 113 114 119 122 124 142 160 165 171 179 182 189 192 196 0
148 60 2 3 6 23 41 48 68 81 96 108 111 114 117 118 130 132 144 146 152 155 184 186 192 0
149 94 18 17 19 20 30 42 46 50 62 71 76 77 107 138 157 176 177 189 195 0
150 127 4 6 8 16 40 53 66 78 97 102 107 118 125 138 151 152 166 168 186 194 197 198 199 0
151 102 185 3 18 19 48 59 69 83 122 132 145 150 156 160 165 186 187 0
152 26 74 11 6 10 15 16 69 73 87 99 113 119 125 126 138 148 150 156 177 189 194 0
153 79 8 14 18 20 32 53 54 58 63 65 73 76 85 99 108 111 119 122 123 124 129 141 163 187 198 0
154 198 90 140 127 2 6 7 16 32 51 54 61 74 79 92 93 98 99 107 108 110 111 113 124 133 134 160 170 184 186 0
155 139 147 71 12 43 54 57 63 72 120 126 133 148 168 169 176 184 191 0
156 102 7 33 39 103 114 116 125 146 151 152 187 190 196 0
157 47 4 12 14 28 36 60 65 129 134 149 165 175 176 180 191 0
158 184 8 9 14 27 32 40 41 50 55 62 65 80 89 121 127 131 169 178 180 183 187 192 197 198 0
159 20 2 27 32 36 41 62 96 97 104 138 143 165 177 181 190 193 197 200 0
160 86 4 21 35 51 107 111 112 119 128 131 147 151 154 179 182 184 0
161 94 108 2 13 18 30 33 34 43 54 62 63 65 66 95 104 105 107 142 162 175 178 179 0
162 52 111 5 14 15 18 42 54 58 67 68 70 71 74 78 85 91 94 125 161 171 190 0
163 98 186 7 23 26 27 33 45 47 60 66 72 79 81 102 109 116 127 145 153 0
164 104 21 42 65 113 126 143 166 169 171 187 188 0
165 39 52 60 62 74 76 79 83 85 104 115 117 120 140 147 151 157 159 169 175 184 196 0
166 68 199 6 38 53 54 82 89 92 98 100 119 120 132 150 164 183 0
167 183 6 10 11 17 23 28 30 34 38 40 53 57 63 69 77 78 100 103 106 124 127 129 132 144 171 174 181 0
168 191 181 16 34 35 59 75 92 93 95 96 100 101 105 117 119 129 145 146 150 155 173 197 0
169 112 60 34 27 29 33 35 42 49 51 68 76 77 85 90 94 99 115 135 136 137 140 146 155 158 164 165 175 178 182 183 186 189 192 198 0
170 10 7 197 14 17 30 41 51 61 65 66 79 96 111 120 143 146 154 175 177 180 193 199 0
171 5 174 51 27 38 59 62 72 73 101 106 112 115 136 147 162 164 167 188 0
172 65 84 7 24 29 31 35 36 78 83 87 97 111 183 0
173 135 4 17 26 28 50 56 64 88 97 102 110 122 123 144 168 177 179 195 0
174 171 56 22 32 36 47 91 98 105 113 115 116 121 146 167 196 197 199 0
175 138 8 15 17 43 46 59 84 101 102 114 118 121 127 130 142 157 161 165 169 170 0
176 101 28 32 39 69 91 93 94 98 100 110 122 139 149 155 157 180 181 182 185 189 196 0
177 24 21 40 51 67 70 72 91 103 107 113 136 149 152 159 170 173 186 187 192 200 0
178 183 2 19 21 25 28 38 39 46 53 56 65 68 110 158 161 169 190 195 0
179 94 87 4 19 44 55 56 60 86 92 101 107 110 134 135 140 144 147 160 161 173 187 194 199 0
180 7 6 28 40 60 61 87 110 123 127 141 157 158 170 176 192 198 0
181 168 3 4 10 11 17 19 23 25 28 43 45 49 66 70 73 76 80 81 88 94 100 116 130 132 143 159 167 176 184 188 197 0
182 191 11 14 21 33 36 58 60 74 77 122 127 135 143 147 160 169 176 186 199 0
183 26 167 178 9 27 30 35 46 49 51 80 82 114 119 120 123 124 144 158 166 169 172 188 195 197 0
184 90 158 2 5 9 12 14 15 17 18 34 42 43 44 45 50 58 62 63 67 76 89 92 94 104 105 124 132 139 141 148 154 155 160 165 181 185 0
185 151 4 8 24 43 75 98 101 124 176 184 190 197 0
186 163 188 86 14 22 31 49 60 65 89 92 102 107 115 116 128 148 150 151 154 169 177 182 189 0
187 86 8 16 17 19 44 73 81 95 101 116 127 136 140 144 145 151 153 156 158 164 177 179 190 199 0
188 186 2 6 15 22 30 36 38 39 50 51 64 69 75 91 93 94 101 108 113 115 119 164 171 181 183 194 0
189 21 10 19 30 43 63 77 81 91 108 112 115 127 128 132 146 147 149 152 169 176 186 197 0
190 198 124 93 18 32 39 44 65 68 74 78 87 88 103 107 141 156 159 162 178 185 187 0
191 140 168 182 8 9 19 21 65 71 73 100 104 108 123 144 155 157 192 196 199 0
192 53 10 11 30 65 71 76 89 122 132 144 147 148 158 169 177 180 191 0
193 2 79 19 4 12 20 24 25 34 40 61 64 81 82 86 100 118 119 122 134 159 170 198 0
194 134 9 77 8 15 17 35 43 51 80 84 109 119 120 145 150 152 179 188 199 0
195 90 102 4 17 22 33 42 55 76 89 93 97 117 120 135 140 149 173 178 183 0
196 108 22 29 45 78 80 96 97 99 106 111 115 147 156 165 174 176 191 0
197 170 13 68 20 15 17 18 21 22 25 28 59 61 75 89 109 112 122 137 144 150 158 159 168 174 181 183 185 189 198 0
198 10 190 154 2 1 6 8 11 18 25 56 61 62 71 76 80 86 87 99 101 103 108 130 132 133 150 153 158 169 180 193 197 0
199 166 14 15 27 55 61 113 116 128 131 150 170 174 179 182 187 191 194 200 0
200 57 1 3 9 29 31 32 35 41 83 91 112 114 159 177 199 0

