200  290
1 122 178 109 0
2 141 122 24 159 138 0
3 84 0
4 157 0
5 134 108 0
6 184 0
7 129 179 193 0
8 190 18 12 191 22 133 173 200 62 140 0
9 178 87 0
10 52 199 0
11 107 160 17 173 0
12 8 14 0
13 180 140 0
14 12 0
15 22 112 148 0
16 73 99 47 59 186 0
17 104 11 36 0
18 8 124 156 194 0
19 43 95 154 0
20 108 186 163 0
21 154 131 187 0
22 8 15 121 35 0
23 168 127 0
24 2 184 76 155 182 164 197 0
25 58 28 0
26 36 0
27 116 45 0
28 25 0
29 191 0
30 182 127 0
31 102 0
32 36 113 0
33 75 171 0
34 139 163 0
35 22 0
36 179 32 26 17 105 0
37 82 0
38 102 66 149 0
39 88 130 199 129 0
40 146 0
41 110 85 0
42 193 0
43 80 19 0
44 146 0
45 57 27 0
46 100 0
47 16 0
48 115 0
49 154 0
50 123 96 144 190 0
51 190 108 73 64 170 0
52 123 10 198 0
53 123 132 0
54 88 139 75 0
55 123 143 87 135 141 0
56 177 0
57 198 45 172 108 0
58 115 25 71 138 0
59 102 16 0
60 158 73 0
61 153 65 91 167 0
62 141 125 137 8 0
63 65 144 0
64 51 0
65 102 128 63 111 61 98 0
66 134 38 0
67 76 97 123 0
68 179 0
69 104 157 0
70 142 107 134 177 0
71 58 0
72 186 0
73 51 16 60 0
74 198 0
75 54 33 0
76 24 174 105 86 67 88 135 163 0
77 159 131 188 0
78 89 0
79 94 158 104 110 145 0
80 180 43 0
81 180 97 0
82 136 37 0
83 150 99 0
84 116 3 0
85 41 0
86 76 161 0
87 55 9 0
88 127 39 54 194 177 76 200 0
89 95 78 0
90 112 188 0
91 154 168 180 61 0
92 129 195 0
93 175 0
94 141 79 0
95 164 89 19 0
96 180 135 150 50 0
97 67 81 153 168 0
98 155 65 124 154 0
99 16 83 115 165 0
100 128 46 0
101 134 0
102 116 65 110 31 38 59 161 0
103 124 0
104 141 69 17 79 0
105 76 36 0
106 153 0
107 122 11 70 0
108 51 20 5 57 0
109 1 183 0
110 102 134 41 79 152 0
111 65 116 0
112 15 90 114 0
113 186 197 185 32 119 0
114 112 125 0
115 186 58 48 146 99 134 179 180 193 0
116 154 27 102 190 84 111 0
117 125 167 0
118 180 161 0
119 150 113 139 0
120 134 0
121 22 0
122 2 107 1 132 165 0
123 140 55 53 52 50 166 67 0
124 141 103 18 98 139 0
125 62 117 162 187 114 0
126 128 158 196 0
127 23 88 30 0
128 65 100 126 157 0
129 168 7 92 39 0
130 39 156 159 0
131 21 77 147 0
132 122 53 0
133 8 0
134 110 66 120 5 101 70 115 0
135 96 55 76 0
136 145 82 181 0
137 62 0
138 2 58 0
139 54 34 119 124 150 0
140 141 123 176 8 13 0
141 154 140 153 2 124 94 62 104 55 0
142 192 70 0
143 55 0
144 63 50 0
145 154 198 136 79 195 0
146 115 40 44 150 0
147 193 131 0
148 180 15 0
149 170 38 171 0
150 96 189 83 119 139 146 0
151 184 0
152 190 110 0
153 141 61 181 106 97 0
154 141 116 91 145 21 49 19 98 161 0
155 24 98 0
156 130 165 18 162 172 0
157 128 192 4 69 0
158 79 60 126 0
159 2 77 130 0
160 11 169 0
161 118 86 102 154 0
162 125 156 0
163 20 34 76 0
164 186 95 24 178 0
165 156 196 99 122 0
166 123 0
167 117 61 0
168 91 23 129 97 0
169 160 0
170 51 149 0
171 33 149 0
172 57 156 0
173 8 11 0
174 76 0
175 190 93 0
176 140 0
177 88 56 70 0
178 1 9 164 182 0
179 7 36 68 115 0
180 91 118 13 96 81 80 148 115 0
181 153 136 0
182 24 30 178 0
183 109 0
184 24 151 6 0
185 113 0
186 20 113 164 115 72 16 0
187 125 21 0
188 90 77 0
189 150 0
190 116 175 51 8 152 50 0
191 8 29 0
192 157 142 0
193 7 147 42 115 0
194 88 18 0
195 92 145 0
196 165 126 0
197 113 24 0
198 145 57 74 52 0
199 39 10 0
200 8 88 0

