200  1198
1 79 140 45 2 14 34 36 61 136 167 191 192 0
2 177 70 14 145 116 1 23 25 65 94 100 104 106 125 132 142 152 192 0
3 72 134 29 34 84 90 108 153 180 188 196 0
4 30 23 24 29 34 78 88 107 0
5 177 6 196 149 92 35 61 114 118 124 137 139 158 191 0
6 5 31 22 156 40 102 104 141 144 154 172 0
7 169 136 144 10 28 58 79 84 124 139 142 156 175 180 191 0
8 56 24 80 89 167 0
9 177 34 16 54 58 91 135 138 0
10 151 198 7 15 78 81 98 163 170 187 0
11 103 22 76 131 142 147 149 175 0
12 128 138 148 123 34 51 55 100 188 0
13 127 16 57 71 73 125 142 156 170 182 190 192 198 0
14 2 1 46 52 64 82 98 121 149 165 172 189 199 0
15 164 10 20 30 40 48 62 89 0
16 128 9 13 22 23 25 50 57 129 139 147 159 182 0
17 182 35 43 67 78 79 104 121 122 123 157 0
18 140 20 27 29 33 64 86 104 118 127 128 131 152 159 176 197 0
19 67 184 40 54 66 73 78 110 113 119 147 156 186 193 0
20 79 175 84 178 161 91 15 18 33 45 65 72 108 200 0
21 132 44 65 80 82 84 87 91 128 155 158 162 164 191 0
22 6 77 192 11 16 28 60 69 76 86 88 152 162 165 168 195 199 0
23 59 2 4 16 24 25 51 60 108 141 178 187 193 0
24 175 107 141 4 8 23 58 60 101 110 147 188 0
25 64 189 2 16 23 72 91 128 178 196 198 0
26 78 35 37 48 56 65 67 73 87 95 97 110 120 130 175 188 0
27 84 112 18 54 55 64 67 72 97 145 153 161 177 197 0
28 57 7 22 65 95 102 108 147 165 182 183 192 197 0
29 190 3 4 18 41 56 60 67 94 126 134 140 164 167 187 188 0
30 47 159 4 15 59 61 77 90 124 165 168 175 189 0
31 6 102 34 36 45 73 111 117 119 121 129 155 0
32 102 120 35 36 115 143 162 190 191 199 0
33 155 197 18 20 39 77 111 118 127 151 162 170 0
34 9 1 3 4 12 31 51 85 88 96 101 120 131 150 185 193 0
35 32 5 17 26 64 108 133 144 158 161 162 170 0
36 78 44 49 1 31 32 47 74 75 91 101 129 139 170 174 179 200 0
37 171 139 26 43 56 83 99 121 132 182 0
38 126 151 157 94 53 54 58 72 108 114 138 184 198 0
39 95 33 98 101 111 134 175 176 182 0
40 101 90 6 15 19 78 79 95 147 156 164 193 0
41 175 29 48 54 73 78 97 113 155 160 185 189 196 0
42 128 155 56 92 115 124 131 142 177 0
43 122 17 37 53 74 106 112 150 189 0
44 36 114 183 21 57 81 99 140 173 0
45 1 20 31 54 92 95 157 189 192 199 0
46 169 14 78 85 91 99 120 128 142 149 155 195 0
47 196 165 130 30 36 54 101 122 155 163 197 0
48 65 15 26 41 58 88 115 117 142 144 171 185 192 195 0
49 36 58 78 97 120 180 184 194 0
50 89 16 62 64 85 107 150 151 163 192 0
51 84 12 23 34 53 54 61 70 74 79 88 96 108 115 118 143 167 174 184 191 0
52 183 14 59 91 128 131 136 138 149 152 199 0
53 175 38 43 51 123 146 0
54 165 143 9 19 27 38 41 45 47 51 86 90 103 153 157 159 168 181 182 0
55 177 142 12 27 109 126 176 0
56 89 8 153 26 29 37 42 64 71 81 82 88 109 154 187 0
57 169 28 13 16 44 69 85 124 132 162 187 188 0
58 100 7 9 24 38 48 49 59 102 107 110 112 146 148 177 183 197 0
59 157 23 93 30 52 58 64 95 97 140 163 191 197 0
60 112 22 23 24 29 65 67 78 109 148 174 0
61 128 1 5 30 51 118 132 136 181 193 0
62 101 15 50 89 90 95 110 118 124 152 172 0
63 156 66 86 96 121 139 167 169 0
64 92 25 185 14 18 27 35 50 56 59 82 83 163 0
65 103 187 125 48 2 20 21 26 28 60 87 122 157 188 0
66 72 81 19 63 69 99 137 144 149 185 198 0
67 122 19 17 26 27 29 60 80 97 125 137 145 158 170 182 200 0
68 199 101 110 119 178 0
69 170 22 57 66 79 104 142 166 187 0
70 2 98 51 109 135 142 179 195 199 0
71 127 13 56 120 135 150 151 164 179 0
72 172 177 170 181 66 3 195 105 20 25 27 38 74 79 92 151 155 158 0
73 101 13 19 26 31 41 91 112 114 137 0
74 121 36 43 51 72 79 85 89 144 165 191 0
75 86 36 78 87 188 0
76 93 11 22 82 85 106 135 143 164 168 171 0
77 22 193 30 33 134 142 153 161 177 0
78 161 36 26 4 10 17 19 40 41 46 49 60 75 99 100 114 135 188 0
79 128 172 20 1 7 17 40 51 69 72 74 99 117 133 134 148 157 0
80 100 8 21 67 93 108 112 150 162 168 177 196 0
81 66 200 10 44 56 123 128 165 186 187 195 0
82 103 100 14 21 56 64 76 91 186 0
83 157 121 37 64 151 156 163 196 0
84 20 51 108 27 3 7 21 87 90 101 105 154 182 0
85 162 34 46 50 57 74 76 112 119 148 179 0
86 178 75 18 22 54 63 98 151 156 162 0
87 154 21 26 65 75 84 113 137 163 0
88 89 129 4 22 34 48 51 56 95 96 120 155 162 165 176 179 196 0
89 126 56 88 50 8 15 62 74 119 135 144 152 159 0
90 40 124 3 30 54 62 84 109 135 139 0
91 20 9 21 25 36 46 52 73 82 110 116 121 0
92 5 64 42 45 72 124 150 168 188 195 0
93 59 76 80 112 125 134 142 159 0
94 38 2 29 102 105 106 120 128 135 142 147 168 169 0
95 170 162 39 26 28 40 45 59 62 88 97 109 194 0
96 103 34 51 63 88 120 129 140 175 179 193 194 197 0
97 101 26 27 41 49 59 67 95 99 107 115 143 172 173 186 194 195 0
98 70 104 10 14 39 86 116 166 175 178 0
99 103 37 44 46 66 78 79 97 102 106 120 121 135 140 158 0
100 82 171 80 58 2 12 78 104 111 169 172 175 0
101 103 40 73 97 62 24 34 36 39 47 68 84 135 173 174 180 194 0
102 31 32 6 28 58 94 99 116 134 174 0
103 169 101 99 96 11 65 82 109 54 110 116 117 149 153 156 193 197 0
104 98 2 6 17 18 69 100 114 135 165 182 0
105 72 84 94 114 129 175 0
106 199 2 43 76 94 99 0
107 24 4 50 58 97 117 121 128 137 144 150 155 167 200 0
108 84 127 146 3 20 23 28 35 38 51 80 109 123 133 0
109 103 113 55 56 60 70 90 95 108 125 141 153 155 156 158 181 186 0
110 159 19 24 26 58 62 68 91 103 112 126 134 143 146 160 174 185 190 0
111 134 31 33 39 100 119 121 146 184 187 199 0
112 27 60 43 58 73 80 85 93 110 121 158 179 0
113 109 166 19 41 87 139 141 189 0
114 44 5 38 73 78 104 105 124 131 153 0
115 184 160 32 42 48 51 97 119 146 151 179 196 0
116 2 91 98 102 103 152 196 197 0
117 151 133 31 48 79 103 107 136 150 164 175 0
118 155 5 18 33 51 61 62 139 173 200 0
119 177 19 31 68 85 89 111 115 172 179 180 185 190 0
120 32 26 34 46 49 71 88 94 96 99 126 132 146 0
121 83 74 14 17 31 37 63 91 99 107 111 112 150 174 175 197 0
122 181 67 43 17 47 65 135 140 151 153 180 0
123 12 17 53 81 108 131 147 156 0
124 90 5 7 30 42 57 62 92 114 165 180 190 197 200 0
125 65 2 13 67 93 109 154 198 0
126 170 38 89 29 55 110 120 128 153 166 167 180 192 0
127 108 13 164 71 180 18 33 138 142 157 166 167 0
128 79 194 169 12 154 42 16 61 147 18 21 25 46 52 81 94 107 126 134 135 157 162 190 192 0
129 88 16 31 36 96 105 131 182 0
130 47 26 149 151 0
131 136 163 11 18 34 42 52 114 123 129 141 200 0
132 187 21 2 37 57 61 120 144 157 163 182 188 0
133 117 35 79 108 141 148 179 0
134 3 111 29 39 77 79 93 102 110 128 141 158 175 198 0
135 174 9 70 71 76 78 89 90 94 99 101 104 122 128 175 179 184 0
136 7 131 1 52 61 117 141 152 159 185 188 196 0
137 195 5 66 67 73 87 107 142 143 177 0
138 12 9 38 52 127 143 193 194 0
139 37 5 7 16 36 63 90 113 118 162 163 0
140 1 18 29 44 59 96 99 122 149 166 167 175 191 0
141 24 6 23 109 113 131 133 134 136 150 151 156 0
142 55 2 7 11 13 42 46 48 69 70 77 93 94 127 137 149 0
143 54 32 51 76 97 110 137 138 158 166 172 188 190 197 199 0
144 7 6 35 48 66 74 89 107 132 156 192 0
145 2 27 67 149 153 158 173 184 194 0
146 108 53 58 110 111 115 120 147 163 165 171 193 194 0
147 128 11 16 19 24 28 40 94 123 146 149 161 178 189 195 0
148 12 58 60 79 85 133 161 166 186 198 0
149 5 11 14 46 52 66 103 130 140 142 145 147 177 195 0
150 164 34 43 50 71 80 92 107 117 121 141 159 166 169 181 0
151 38 117 10 182 199 33 50 71 72 83 86 115 122 130 141 156 162 184 0
152 183 174 2 18 22 52 62 89 116 136 166 179 0
153 56 3 27 54 77 103 109 114 122 126 145 154 175 198 0
154 128 188 87 6 56 84 125 153 159 0
155 42 118 33 21 31 41 46 47 72 88 107 109 158 0
156 6 63 7 13 19 40 83 86 103 109 123 141 144 151 160 170 173 0
157 38 59 168 83 190 17 45 54 65 79 127 128 132 0
158 172 5 21 35 67 72 99 109 112 134 143 145 155 165 179 187 0
159 30 110 16 18 54 89 93 136 150 154 166 187 196 0
160 115 41 110 156 168 185 197 200 0
161 20 78 27 35 77 147 148 171 196 0
162 95 85 21 22 32 33 35 57 80 86 88 128 139 151 165 182 0
163 131 10 47 50 59 64 83 87 132 139 146 0
164 127 150 15 21 29 40 71 76 117 0
165 47 54 14 22 28 30 74 81 88 104 124 146 158 162 177 189 192 0
166 113 69 98 126 127 140 143 148 150 152 159 0
167 177 1 8 29 51 63 107 126 127 140 173 0
168 157 22 30 54 76 80 92 94 160 181 186 0
169 128 103 7 46 57 63 94 100 150 177 0
170 72 126 95 69 10 13 33 35 36 67 156 196 0
171 100 37 48 76 146 161 172 200 0
172 79 72 158 186 6 14 62 97 100 119 143 171 183 187 195 0
173 176 44 97 101 118 145 156 167 0
174 152 135 36 51 60 101 102 110 121 187 189 0
175 20 24 41 53 7 11 26 30 39 96 98 100 105 117 121 134 135 140 153 0
176 181 173 18 39 55 88 186 0
177 72 5 2 55 119 9 167 27 42 58 77 80 137 149 165 169 0
178 20 191 86 179 23 25 68 98 147 0
179 178 36 70 71 85 88 96 112 115 119 133 135 152 158 180 187 189 0
180 127 3 7 49 101 119 122 124 126 179 0
181 72 122 176 54 61 109 150 168 184 191 196 0
182 151 17 13 16 28 37 39 54 67 84 104 129 132 162 186 0
183 44 152 52 28 58 172 0
184 19 115 38 49 51 111 135 145 151 181 0
185 64 34 41 48 66 110 119 136 160 189 0
186 172 19 81 82 97 109 148 168 176 182 195 0
187 65 132 10 23 29 56 57 69 81 111 158 159 172 174 179 200 0
188 154 3 12 24 26 29 57 65 75 78 92 132 136 143 200 0
189 25 14 30 41 43 45 113 147 165 174 179 185 0
190 157 29 13 32 110 119 124 128 143 0
191 178 1 5 7 21 32 51 59 74 140 181 199 0
192 22 1 2 13 28 45 48 50 126 128 144 165 0
193 77 19 23 34 40 61 96 103 138 146 0
194 128 49 95 96 97 101 138 145 146 196 0
195 72 137 22 46 48 70 81 92 97 147 149 172 186 0
196 5 47 3 25 41 80 83 88 115 116 136 159 161 170 181 194 0
197 33 18 27 28 47 58 59 96 103 116 121 124 143 160 0
198 10 13 25 38 66 125 134 148 153 0
199 151 106 68 14 22 32 45 52 70 111 143 191 0
200 81 20 36 67 107 118 124 131 160 171 187 188 0

