200  406
1 68 5 45 116 131 0
2 161 48 30 44 98 105 154 0
3 132 123 94 0
4 63 114 149 11 90 12 16 0
5 26 196 1 128 199 0
6 190 84 0
7 167 130 21 88 99 0
8 53 92 59 65 0
9 149 193 104 118 179 0
10 152 18 150 180 0
11 4 12 90 193 0
12 200 4 11 0
13 26 126 96 33 69 109 0
14 89 127 77 0
15 123 55 192 0
16 98 4 29 0
17 26 102 0
18 79 190 10 103 0
19 127 51 97 171 0
20 83 31 188 190 0
21 7 177 0
22 149 147 57 0
23 122 180 39 130 133 0
24 168 0
25 98 128 130 0
26 47 133 13 17 81 5 186 0
27 46 29 71 81 140 0
28 146 67 133 152 0
29 124 16 27 0
30 89 44 2 46 76 93 0
31 60 20 129 0
32 47 151 104 128 161 173 0
33 101 13 64 136 186 190 191 0
34 86 122 42 91 137 0
35 80 0
36 193 0
37 76 64 164 181 0
38 91 48 85 0
39 86 65 23 42 0
40 164 65 109 0
41 47 55 110 79 53 120 70 122 125 153 170 0
42 149 34 39 72 129 188 0
43 63 62 155 187 0
44 30 179 2 170 173 174 0
45 132 189 1 165 0
46 87 27 145 175 30 0
47 26 32 41 142 153 136 101 0
48 2 38 0
49 157 0
50 81 58 189 0
51 186 19 63 135 0
52 94 169 0
53 41 8 0
54 181 88 130 178 0
55 41 158 155 15 76 186 0
56 173 102 180 0
57 184 22 124 0
58 173 50 142 175 0
59 8 126 165 0
60 79 31 66 133 0
61 150 80 187 0
62 133 170 104 43 127 0
63 194 4 43 51 79 120 0
64 37 80 159 33 108 0
65 39 8 40 118 0
66 91 148 86 113 60 104 0
67 142 28 156 169 0
68 150 1 72 142 0
69 140 13 0
70 41 126 191 0
71 110 124 27 0
72 126 172 42 68 98 158 164 0
73 89 103 156 0
74 141 160 168 105 81 0
75 87 126 139 185 0
76 142 195 37 129 146 30 55 80 87 100 109 150 0
77 142 111 14 96 0
78 158 83 188 0
79 41 60 18 186 101 63 0
80 64 35 139 61 76 0
81 26 87 50 27 74 0
82 193 0
83 78 20 154 0
84 118 6 197 0
85 118 182 38 103 0
86 66 34 39 146 0
87 81 200 46 75 76 0
88 7 54 0
89 91 14 30 73 93 0
90 4 11 170 173 0
91 153 66 89 38 171 34 122 180 0
92 8 100 149 153 163 0
93 134 30 89 153 197 0
94 3 52 0
95 161 165 0
96 13 77 147 0
97 156 19 0
98 108 99 16 25 2 72 0
99 98 7 168 0
100 178 76 92 0
101 79 33 47 0
102 113 17 56 107 119 133 0
103 137 18 73 85 118 177 180 0
104 62 9 32 66 0
105 74 2 170 0
106 177 0
107 172 102 0
108 136 167 128 98 183 64 0
109 167 191 13 40 76 150 154 0
110 41 71 0
111 77 132 144 0
112 134 166 185 191 0
113 66 102 131 195 0
114 4 174 198 0
115 194 0
116 172 1 0
117 132 148 152 160 169 185 0
118 141 85 84 9 65 103 178 187 0
119 164 102 0
120 41 63 0
121 149 125 0
122 34 140 197 23 176 41 91 137 144 0
123 3 15 0
124 71 29 57 0
125 126 41 121 131 168 179 0
126 13 174 72 125 59 70 75 153 0
127 14 19 62 0
128 108 5 25 32 0
129 76 31 42 0
130 7 164 169 23 25 54 199 0
131 113 1 125 132 0
132 161 3 45 117 111 131 0
133 26 62 161 23 28 60 102 0
134 161 112 93 199 0
135 148 51 138 0
136 47 108 33 0
137 181 103 34 122 0
138 194 143 135 196 0
139 80 75 161 0
140 122 69 27 0
141 150 74 118 0
142 47 194 150 76 67 77 58 68 0
143 138 0
144 184 111 122 157 195 0
145 46 154 184 0
146 76 28 86 0
147 22 96 0
148 66 157 135 117 183 0
149 4 22 9 42 121 92 0
150 142 61 141 68 10 76 109 0
151 32 0
152 161 10 28 117 160 0
153 47 91 187 41 92 93 126 165 0
154 83 2 109 145 163 0
155 55 43 181 0
156 195 97 67 73 165 199 0
157 148 49 144 0
158 55 78 173 72 0
159 64 0
160 74 117 152 0
161 133 152 132 95 184 2 134 32 139 0
162 173 0
163 184 92 154 179 0
164 130 119 40 37 72 0
165 95 45 59 153 156 182 0
166 112 0
167 108 7 109 0
168 74 24 99 125 0
169 130 52 67 117 196 0
170 62 181 41 44 90 105 176 0
171 91 19 177 0
172 72 116 107 0
173 158 58 56 162 32 44 90 0
174 126 178 44 114 0
175 46 58 0
176 122 170 0
177 21 106 103 171 0
178 174 100 54 118 0
179 44 9 125 163 0
180 23 10 56 91 103 0
181 170 137 54 37 155 0
182 85 165 0
183 108 148 0
184 161 163 57 144 145 0
185 112 75 117 0
186 79 51 26 33 55 0
187 153 43 61 118 192 0
188 78 20 42 0
189 45 198 192 50 0
190 18 6 20 33 0
191 109 33 70 112 0
192 189 15 187 0
193 9 36 82 11 0
194 142 63 138 115 0
195 76 156 113 144 0
196 5 138 169 0
197 122 84 93 0
198 189 114 0
199 134 5 130 156 0
200 87 12 0

