200  2169
1 45 4 18 27 31 36 44 47 55 56 63 67 77 104 121 134 135 138 154 175 183 187 199 0
2 106 157 5 8 9 30 33 39 45 61 69 72 90 95 116 118 134 144 156 160 177 185 186 189 0
3 171 10 13 22 30 35 51 63 64 67 72 79 83 88 97 98 99 113 114 118 119 120 124 130 133 135 140 142 146 152 156 158 172 194 199 0
4 175 1 9 18 30 45 59 61 92 98 100 115 118 126 152 157 166 177 178 194 0
5 74 35 7 2 16 36 38 52 54 61 65 94 101 105 114 117 118 127 136 140 151 158 168 191 0
6 98 21 194 151 100 9 14 15 18 20 23 35 75 79 88 95 149 177 179 186 191 0
7 5 35 38 52 69 74 80 81 84 94 98 149 158 172 181 185 191 197 198 0
8 108 2 10 32 42 43 46 57 67 96 115 138 147 153 0
9 85 2 4 6 11 26 36 44 48 54 78 79 109 124 125 127 147 179 182 184 193 0
10 60 3 8 16 17 24 29 50 57 63 73 101 121 147 193 0
11 89 104 173 9 19 20 47 53 57 63 64 67 82 98 103 106 118 120 123 153 163 167 171 193 199 0
12 97 27 43 57 64 69 74 90 106 113 125 126 128 165 166 171 172 181 185 195 0
13 98 3 39 43 52 64 81 86 87 95 100 103 112 120 129 130 140 164 171 176 183 0
14 108 156 6 38 41 60 72 77 89 97 106 110 111 153 160 163 174 188 193 198 199 0
15 47 6 21 27 37 45 54 82 90 91 95 96 106 108 126 139 152 160 167 181 191 193 195 199 0
16 138 55 5 10 17 31 37 40 46 49 50 56 58 60 71 83 90 109 114 122 128 132 146 163 176 193 0
17 137 10 16 27 31 33 38 53 80 84 105 109 113 136 139 171 174 176 198 0
18 131 1 4 6 39 43 50 54 61 62 64 66 72 75 85 93 99 101 104 107 120 125 136 161 166 178 179 189 0
19 41 123 11 23 67 84 100 102 114 124 135 152 169 193 0
20 68 6 11 21 27 62 102 126 128 140 155 161 164 178 186 188 194 0
21 6 81 15 20 28 33 43 49 64 71 72 87 88 92 108 117 131 139 154 177 180 195 199 0
22 158 44 183 3 36 38 52 54 66 72 88 99 120 137 149 162 166 168 186 193 0
23 74 53 6 19 29 32 39 55 76 113 114 123 134 150 151 186 0
24 34 10 27 46 56 76 95 100 115 138 141 146 155 182 185 187 190 198 0
25 182 51 57 63 70 73 79 80 87 95 97 116 123 124 134 147 150 196 199 0
26 95 9 32 59 81 101 131 151 156 161 162 181 183 0
27 85 1 12 15 17 20 24 32 41 47 66 75 77 78 89 102 103 108 109 133 140 155 162 181 194 197 0
28 67 21 37 68 94 113 122 132 140 156 164 180 199 0
29 97 162 198 10 23 44 61 72 85 89 103 126 128 137 157 174 193 200 0
30 166 2 3 4 39 47 51 60 64 72 75 77 79 88 92 108 111 117 120 130 145 151 172 190 0
31 147 1 16 17 61 63 68 72 90 112 116 119 120 136 138 142 174 185 0
32 121 136 8 23 26 27 45 80 85 101 108 123 126 148 153 159 0
33 165 2 17 21 40 46 74 92 93 96 104 126 131 154 157 169 173 180 185 0
34 76 24 51 56 59 63 67 74 85 91 101 105 118 126 133 143 166 169 172 174 190 0
35 5 133 124 188 96 132 3 6 7 36 64 73 77 84 85 87 93 100 107 108 111 116 126 129 145 151 169 170 179 199 0
36 89 178 1 5 9 22 35 53 56 63 64 66 70 75 88 109 114 118 123 129 134 136 152 156 198 0
37 96 15 16 28 39 40 42 55 59 73 74 78 86 90 106 144 167 168 194 0
38 181 5 7 14 17 22 53 75 76 82 92 122 143 155 171 175 176 187 0
39 195 2 13 18 23 30 37 40 46 50 97 113 151 152 172 173 182 184 186 188 197 198 0
40 177 90 16 33 37 39 42 54 64 79 85 101 102 111 118 140 163 170 179 188 196 199 0
41 49 19 121 86 14 27 50 61 67 72 90 108 117 124 131 170 183 199 0
42 86 8 37 40 48 51 55 69 72 75 81 106 108 150 162 180 191 198 200 0
43 137 8 12 13 18 21 48 65 68 70 71 92 93 136 143 175 184 186 191 199 0
44 22 1 9 29 53 63 103 110 117 121 122 139 157 159 163 179 183 194 198 0
45 134 1 2 4 15 32 55 65 67 74 77 97 107 115 121 149 172 174 185 186 198 0
46 118 8 16 24 33 39 47 62 77 81 94 105 111 120 134 140 142 147 162 167 192 0
47 54 101 15 1 11 27 30 46 78 91 106 108 122 125 128 131 141 170 192 195 0
48 99 62 9 42 43 51 78 79 87 89 96 100 101 104 121 128 130 132 144 154 160 167 172 180 186 0
49 72 147 195 41 161 16 21 68 78 82 86 95 98 114 118 121 130 142 149 151 156 0
50 167 10 16 18 39 41 51 65 84 85 100 112 113 115 116 123 127 132 137 140 143 164 165 166 171 175 179 182 191 0
51 102 3 25 30 34 42 48 50 57 58 87 110 113 121 123 139 142 151 161 163 169 171 173 184 0
52 137 114 5 7 13 22 54 62 77 86 108 118 132 147 154 169 177 192 194 0
53 23 11 17 36 38 44 60 61 62 93 95 112 120 123 126 132 134 144 145 154 172 185 196 0
54 85 47 5 9 15 18 22 40 52 57 67 68 72 73 78 108 128 129 140 150 170 175 0
55 16 1 23 37 42 45 58 68 80 88 93 96 122 141 142 144 146 151 152 164 170 171 193 0
56 176 1 16 24 34 36 60 77 78 93 100 123 141 142 143 160 163 168 184 187 0
57 107 110 8 10 11 12 25 51 54 61 65 89 138 165 194 0
58 118 16 51 55 68 131 147 151 157 159 168 188 199 200 0
59 182 186 4 26 34 37 66 78 92 110 115 117 124 162 170 171 180 191 200 0
60 185 10 14 16 30 53 56 65 68 70 72 74 81 89 92 125 130 133 137 138 154 156 164 168 176 178 183 0
61 115 2 4 5 18 29 31 41 53 57 79 85 117 118 125 145 153 168 177 181 190 198 0
62 48 18 20 46 52 53 74 78 81 88 104 111 115 117 152 165 174 178 180 181 0
63 135 1 3 10 11 25 31 34 36 44 65 68 74 81 106 134 142 150 159 160 164 178 187 194 0
64 77 3 11 12 13 18 21 30 35 36 40 70 72 74 80 95 101 121 125 138 146 164 175 176 178 182 185 194 0
65 96 5 43 45 50 57 60 63 67 97 104 105 107 114 117 133 134 139 147 163 168 181 192 197 0
66 152 18 22 27 36 59 80 82 83 97 112 113 124 147 149 150 162 163 164 178 0
67 72 191 170 28 1 3 8 11 19 34 41 45 54 65 78 87 102 111 146 150 155 163 167 169 175 183 199 0
68 125 109 20 28 31 43 49 54 55 58 60 63 70 77 93 101 106 108 113 119 120 131 132 154 174 195 0
69 94 2 7 12 42 70 91 104 110 114 117 122 123 136 140 142 171 175 180 195 0
70 148 25 36 43 60 64 68 69 72 75 80 85 90 112 116 125 129 147 159 166 175 195 0
71 72 16 21 43 90 93 100 108 109 118 120 144 145 152 160 162 170 177 185 188 192 196 197 0
72 108 76 49 107 67 79 71 2 3 14 18 21 22 29 30 31 41 42 54 60 64 70 86 98 100 109 120 123 138 171 177 181 192 0
73 74 10 25 35 37 54 83 86 98 103 106 109 112 113 115 127 129 143 145 147 183 188 193 198 0
74 85 5 23 144 98 93 73 7 12 33 34 37 45 60 62 63 64 80 87 91 102 113 115 120 121 126 133 134 138 142 154 159 163 193 0
75 129 6 18 27 30 36 38 42 70 77 80 85 89 90 98 117 141 170 174 177 187 189 0
76 72 131 34 95 23 24 38 82 86 106 112 126 162 168 186 0
77 103 94 129 141 64 1 14 27 30 35 45 46 52 56 68 75 83 86 89 100 105 117 147 151 154 158 162 180 0
78 106 9 27 37 47 48 49 54 56 59 62 67 86 96 110 126 157 166 174 181 187 188 192 197 198 200 0
79 72 187 3 6 9 25 30 40 48 61 83 95 97 101 116 118 149 151 152 154 161 166 168 174 175 178 192 200 0
80 99 7 17 25 32 55 64 66 70 74 75 89 115 133 137 142 159 175 179 185 0
81 21 145 7 13 26 42 46 60 62 63 86 116 131 162 180 0
82 99 11 15 38 49 66 76 123 130 133 145 155 157 161 173 181 193 0
83 159 3 16 66 73 77 79 103 128 142 149 154 171 174 177 187 195 197 0
84 137 7 17 19 35 50 86 87 88 100 126 133 138 140 180 0
85 89 74 54 171 138 9 27 18 29 32 34 35 40 50 61 70 75 102 117 125 134 136 141 143 151 152 173 185 186 197 0
86 41 42 13 37 49 52 72 73 76 77 78 81 84 89 94 99 100 118 151 168 169 181 188 0
87 137 13 21 25 35 48 51 67 74 84 93 103 105 111 122 128 129 131 143 144 159 160 163 168 171 182 193 195 0
88 165 3 6 21 22 30 36 55 62 84 92 97 100 103 105 112 136 156 172 192 0
89 97 108 85 36 165 92 11 182 122 14 27 29 48 57 60 75 77 80 86 105 135 137 138 144 169 179 180 191 192 0
90 40 2 12 15 16 31 37 41 70 71 75 96 113 121 137 138 157 162 180 190 192 198 0
91 148 15 34 47 69 74 118 120 129 132 136 146 158 172 0
92 89 4 21 30 33 38 43 59 60 88 94 98 103 113 119 122 133 151 191 195 198 0
93 74 18 33 35 43 53 55 56 68 71 87 107 111 118 119 145 156 158 168 182 185 194 196 0
94 77 111 69 5 7 28 46 86 92 99 126 134 137 143 147 156 162 163 170 172 180 198 0
95 76 26 2 6 13 15 24 25 49 53 64 79 105 120 133 154 163 186 192 194 0
96 35 137 65 37 8 15 33 48 55 78 90 106 120 128 134 141 187 0
97 89 29 99 177 168 12 3 14 25 39 45 65 66 79 88 107 115 116 135 139 140 149 159 192 0
98 74 130 6 13 3 4 7 11 49 72 73 75 92 100 101 107 117 133 178 179 182 186 0
99 97 176 82 48 80 3 18 22 86 94 111 112 113 122 138 147 149 156 192 195 200 0
100 6 4 13 19 24 35 48 50 56 71 72 77 84 86 88 98 111 133 141 151 153 160 170 178 179 193 0
101 47 150 5 10 18 26 32 34 40 48 64 68 79 98 108 113 125 129 133 142 148 149 172 180 184 188 189 198 0
102 107 164 51 19 20 27 40 67 74 85 109 112 123 130 140 145 149 153 158 179 185 196 0
103 185 77 11 13 27 29 44 73 83 87 88 92 114 116 150 152 182 190 0
104 11 1 18 33 48 62 65 69 108 118 135 140 159 164 175 188 0
105 125 142 5 17 34 46 65 77 87 88 89 95 110 113 114 116 131 151 161 190 191 193 198 0
106 149 2 78 11 12 14 15 37 42 47 63 68 73 76 96 107 120 141 146 162 166 168 171 194 0
107 72 102 119 172 57 139 180 18 35 45 65 93 97 98 106 112 125 126 138 146 149 155 163 187 195 196 200 0
108 89 134 72 14 8 15 21 27 30 32 35 41 42 47 52 54 68 71 101 104 111 118 135 141 145 164 169 183 190 0
109 68 184 9 16 17 27 36 71 72 73 102 117 120 128 133 152 158 187 189 200 0
110 57 14 44 51 59 69 78 105 111 117 119 147 157 163 172 176 192 0
111 94 14 30 35 40 46 62 67 87 93 99 100 108 110 119 121 128 139 141 152 161 197 0
112 196 192 13 31 50 53 66 70 73 76 88 99 102 107 113 131 135 138 141 173 186 191 0
113 124 197 117 3 12 17 23 28 39 50 51 66 68 73 74 90 92 99 101 105 112 120 126 128 129 135 139 149 170 171 174 178 180 0
114 52 3 5 16 19 23 36 49 65 69 103 105 127 129 138 142 149 193 196 0
115 193 61 4 8 24 45 50 59 62 73 74 80 97 130 145 182 184 0
116 193 2 25 31 35 50 70 79 81 97 103 105 122 145 165 194 198 0
117 113 5 21 30 41 44 59 61 62 65 69 75 77 85 98 109 110 120 136 137 156 157 159 166 177 179 189 0
118 181 58 153 46 2 3 4 5 11 34 36 40 49 52 61 71 79 86 91 93 104 108 121 145 185 193 199 0
119 107 159 196 3 31 68 92 93 110 111 135 139 156 163 167 169 170 177 180 184 190 191 0
120 129 155 3 11 13 18 22 30 31 46 53 68 71 72 74 91 95 96 106 109 113 117 125 134 140 147 154 169 180 182 183 0
121 41 32 1 10 44 45 48 49 51 64 74 90 111 118 145 148 155 163 165 170 189 0
122 89 16 28 38 44 47 55 69 87 92 99 116 131 159 162 164 170 174 0
123 19 199 11 23 25 32 36 50 51 53 56 69 72 82 102 130 133 147 155 173 182 183 184 185 0
124 35 113 3 9 19 25 41 59 66 127 128 149 150 158 165 183 187 197 0
125 134 68 105 9 12 18 47 60 61 64 70 85 101 107 120 132 133 145 157 163 164 169 173 182 183 197 0
126 143 4 12 15 20 29 32 33 34 35 53 74 76 78 84 94 107 113 128 129 132 139 156 185 187 0
127 184 146 5 9 50 73 114 124 128 142 143 165 174 176 180 200 0
128 159 12 16 20 29 47 48 54 83 87 96 109 111 113 124 126 127 129 150 158 163 191 0
129 77 120 75 13 35 36 54 70 73 87 91 101 113 114 126 128 145 147 160 190 198 0
130 98 3 13 30 48 49 60 82 102 115 123 153 165 187 0
131 76 185 18 175 21 26 33 41 47 58 68 81 87 105 112 122 134 153 156 163 166 174 194 0
132 35 16 28 48 50 52 53 68 91 125 126 163 164 167 170 182 185 190 193 0
133 35 3 27 34 60 65 74 80 82 84 92 95 98 100 101 109 123 125 136 137 148 160 172 195 198 199 0
134 108 45 125 167 1 2 23 25 36 46 53 63 65 74 85 94 96 120 131 164 194 0
135 182 63 1 3 19 89 97 104 108 112 113 119 143 146 148 149 167 171 174 176 197 0
136 32 163 5 17 18 31 36 43 69 85 88 91 117 133 175 178 179 187 189 193 0
137 96 84 52 43 17 87 22 29 50 60 80 89 90 94 117 133 138 155 161 163 166 183 188 189 194 198 199 200 0
138 85 16 1 8 24 31 57 60 64 72 74 84 89 90 99 107 112 114 137 139 179 196 199 0
139 107 15 17 21 44 51 65 97 111 113 119 126 138 142 161 162 164 171 173 175 186 192 0
140 176 3 5 13 20 27 28 40 46 50 54 69 84 97 102 104 120 160 163 0
141 77 24 47 55 56 75 85 96 100 106 108 111 112 165 170 189 190 200 0
142 105 3 31 46 49 51 55 56 63 69 74 80 83 101 114 127 139 156 165 168 192 193 0
143 144 126 34 38 43 50 56 73 85 87 94 127 135 179 180 193 200 0
144 74 143 2 37 48 53 55 71 87 89 167 171 185 195 198 0
145 81 30 35 53 61 71 73 82 93 102 108 115 116 118 121 125 129 153 154 171 173 174 189 0
146 127 3 16 24 55 64 67 91 106 107 135 156 161 173 175 0
147 49 181 148 31 8 9 10 25 46 52 58 65 66 70 73 77 94 99 110 120 123 129 152 157 159 163 196 198 0
148 147 91 70 32 101 121 133 135 156 164 172 188 0
149 185 106 6 7 22 45 49 66 79 83 97 99 101 102 107 113 114 124 135 156 170 176 181 182 184 193 195 197 0
150 101 23 25 42 54 63 66 67 103 124 128 155 157 173 186 0
151 6 5 23 26 30 35 39 49 51 55 58 77 79 85 86 92 100 105 158 166 173 196 0
152 182 66 3 4 15 19 36 39 55 62 71 79 85 103 109 111 147 154 159 163 169 175 187 189 196 197 0
153 118 8 11 14 32 61 100 102 130 131 145 167 173 193 194 0
154 181 193 1 21 33 48 52 53 60 68 74 77 79 83 95 120 145 152 179 0
155 120 20 24 27 38 67 82 107 121 123 137 150 165 172 179 185 197 0
156 14 2 3 26 28 36 49 60 88 93 94 99 117 119 126 131 142 146 148 149 157 160 161 163 167 188 193 195 0
157 2 4 29 33 44 58 78 82 90 110 117 125 147 150 156 167 179 185 187 194 197 0
158 165 166 22 3 5 7 77 91 93 102 109 124 128 151 174 0
159 119 83 128 32 44 58 63 70 74 80 87 97 104 117 122 147 152 177 179 0
160 190 2 14 15 48 56 63 71 87 100 129 133 140 156 172 176 189 197 0
161 49 18 20 26 51 79 82 105 111 137 139 146 156 168 169 172 176 184 191 198 0
162 29 22 26 27 42 46 59 66 71 76 77 81 90 94 106 122 139 174 175 176 180 188 195 0
163 136 11 14 16 40 44 51 56 65 66 67 74 87 94 95 107 110 119 121 125 128 131 132 137 140 147 152 156 165 171 189 0
164 102 13 20 28 50 55 60 63 64 66 104 108 122 125 132 134 139 148 168 175 181 182 199 0
165 89 158 88 33 12 50 57 62 116 121 124 127 130 141 142 155 163 190 191 200 0
166 158 200 30 4 12 18 22 34 50 70 78 79 106 117 131 137 151 172 175 182 197 0
167 134 50 11 15 37 46 48 67 119 132 135 144 153 156 157 177 180 192 196 199 0
168 97 5 22 37 56 58 60 61 65 76 79 86 87 93 106 142 161 164 174 175 179 180 187 0
169 190 19 33 34 35 51 52 67 86 89 108 119 120 125 152 161 200 0
170 67 35 40 41 47 54 55 59 71 75 94 100 113 119 121 122 132 141 149 172 175 179 182 186 200 0
171 85 3 11 12 13 17 38 50 51 55 59 69 72 83 87 106 113 135 139 144 145 163 175 178 190 0
172 107 3 7 12 30 34 39 45 48 53 88 91 94 101 110 133 148 155 160 161 166 170 188 191 196 198 0
173 11 179 33 39 51 82 85 112 123 125 139 145 146 150 151 153 177 185 199 0
174 185 14 17 29 31 34 45 62 68 75 78 79 83 113 122 127 131 135 145 158 162 168 178 183 188 0
175 131 4 1 38 43 50 54 64 67 69 70 79 80 104 136 139 146 152 162 164 166 168 170 171 176 182 183 184 189 0
176 99 140 56 13 16 17 38 60 64 110 127 135 149 160 161 162 175 177 0
177 97 40 2 4 6 21 52 61 71 72 75 83 117 119 159 167 173 176 187 188 197 0
178 36 4 18 20 60 62 63 64 66 79 98 100 113 136 171 174 185 190 0
179 173 6 9 18 35 40 44 50 80 89 98 100 102 117 136 138 143 154 155 157 159 168 170 185 0
180 107 21 28 33 42 48 59 62 69 77 81 84 89 90 94 101 113 119 120 127 143 162 167 168 183 185 198 0
181 147 154 118 38 7 12 15 26 27 61 62 65 72 78 82 86 149 164 182 190 192 0
182 89 189 152 135 59 25 9 24 39 50 64 87 93 98 103 115 120 123 125 132 149 164 166 170 175 181 0
183 22 1 13 26 41 44 60 67 73 108 120 123 124 125 137 174 175 180 188 196 0
184 109 127 9 39 43 51 56 101 115 119 123 149 161 175 198 0
185 131 103 190 149 60 174 2 7 12 24 31 33 45 53 64 71 80 85 93 102 118 123 126 132 144 155 157 173 178 179 180 187 193 0
186 59 2 6 20 22 23 39 43 45 48 76 85 95 98 112 139 150 170 192 0
187 79 1 24 38 56 63 75 78 83 96 107 109 124 126 130 136 152 157 168 177 185 188 195 0
188 35 14 20 39 40 58 71 73 78 86 101 104 137 148 156 162 172 174 177 183 187 194 198 0
189 182 2 18 75 101 109 117 121 136 137 141 145 152 160 163 175 0
190 185 169 160 24 30 34 61 90 103 105 108 119 129 132 141 165 171 178 181 0
191 67 5 6 7 15 42 43 50 59 89 92 105 112 119 128 161 165 172 198 0
192 112 46 47 52 65 71 72 78 79 88 89 90 95 97 99 110 139 142 167 181 186 193 0
193 154 115 116 9 10 11 14 15 16 19 22 29 55 73 74 82 87 100 105 114 118 132 136 142 143 149 153 156 185 192 195 0
194 6 3 4 20 27 37 44 52 57 63 64 93 95 106 116 131 134 137 153 157 188 196 0
195 49 39 12 15 21 47 68 69 70 83 87 92 99 107 133 144 149 156 162 187 193 0
196 119 112 25 40 53 71 93 102 107 114 138 147 151 152 167 172 183 194 0
197 113 7 27 39 65 71 78 83 85 111 124 125 135 149 152 155 157 160 166 177 199 0
198 29 7 14 17 24 36 39 42 44 45 61 73 78 90 92 94 101 105 116 129 133 137 144 147 161 172 180 184 188 191 0
199 123 1 3 11 14 15 21 25 28 35 40 41 43 58 67 118 133 137 138 164 167 173 197 0
200 166 29 42 58 59 78 79 99 107 109 127 137 141 143 165 169 170 0

