200  2184
1 78 3 40 71 75 93 105 107 110 144 149 163 170 171 173 189 190 195 198 0
2 99 5 7 13 18 31 36 44 59 69 80 83 85 87 89 96 102 132 148 165 168 183 184 192 193 196 199 0
3 53 1 4 24 49 50 51 70 72 84 92 116 131 135 138 146 153 157 168 169 193 0
4 191 3 16 20 28 37 46 62 64 101 110 125 130 135 154 158 162 177 188 198 0
5 198 64 117 2 12 15 21 28 33 38 43 50 53 56 57 62 85 88 122 129 140 145 161 164 167 185 186 191 192 0
6 74 9 16 38 42 54 73 76 101 117 120 121 130 172 175 0
7 177 2 20 23 28 31 52 66 73 74 93 103 112 123 132 135 167 169 180 181 186 196 199 200 0
8 27 23 25 33 55 59 62 82 85 94 103 105 113 114 117 122 128 141 154 174 181 188 189 0
9 110 6 39 64 66 67 84 119 123 136 144 151 182 0
10 45 82 11 26 39 49 55 61 63 70 83 91 96 97 111 132 150 155 172 181 190 193 200 0
11 152 10 27 42 55 68 81 92 97 120 122 137 139 172 184 199 0
12 53 5 20 33 35 78 85 94 99 100 105 107 112 132 134 165 166 170 174 189 0
13 91 183 32 19 2 21 27 50 51 65 80 86 94 100 103 104 105 113 123 124 141 145 146 147 162 172 186 0
14 46 91 31 54 29 49 74 96 139 154 160 165 168 193 197 0
15 46 5 19 30 40 65 66 73 77 84 89 107 110 113 116 171 173 177 179 180 0
16 57 41 166 4 6 19 29 92 93 99 102 116 129 171 175 179 181 188 0
17 28 18 26 34 35 38 48 73 79 93 115 130 133 148 164 173 179 182 0
18 32 96 2 17 23 34 39 41 43 50 53 62 74 119 144 156 166 169 177 0
19 13 15 16 23 31 44 52 67 77 92 97 105 120 133 135 145 155 162 165 0
20 192 172 4 7 12 26 31 63 65 71 82 84 109 123 125 147 158 166 167 168 178 0
21 132 154 5 13 29 32 63 71 74 75 80 86 88 96 111 129 161 178 181 189 0
22 33 24 28 36 54 60 63 84 92 93 99 112 138 146 160 170 186 191 0
23 78 7 8 18 19 37 50 57 64 66 69 76 81 91 96 103 135 137 141 157 158 163 165 182 186 196 199 0
24 72 156 161 3 22 27 30 44 47 50 60 62 69 83 104 105 109 110 124 127 128 131 135 145 151 183 189 191 195 196 0
25 179 8 30 31 42 55 56 75 81 89 90 91 100 115 119 125 128 153 159 181 200 0
26 194 10 17 20 27 59 69 91 98 99 105 110 116 122 125 133 135 136 151 176 195 199 0
27 45 8 11 13 24 26 33 35 40 42 51 59 62 72 80 100 129 148 153 184 192 193 194 196 197 199 200 0
28 39 17 4 5 7 22 30 32 40 42 44 65 87 92 99 103 124 134 138 141 143 172 174 178 180 181 195 197 0
29 14 16 21 35 40 43 61 73 78 79 82 94 123 135 136 143 157 168 176 184 185 188 193 194 0
30 195 15 24 25 28 36 43 45 63 66 87 94 101 105 126 134 138 142 148 152 155 178 185 191 0
31 14 145 37 188 40 57 173 2 7 19 20 25 48 49 55 64 66 74 79 98 99 107 129 132 136 141 150 151 157 160 164 170 199 0
32 13 18 21 28 35 38 69 70 81 95 104 110 116 117 144 145 157 174 175 185 186 194 0
33 79 22 5 8 12 27 63 67 87 90 91 100 110 134 138 153 158 162 170 176 178 180 190 0
34 45 17 18 51 66 71 76 87 98 106 111 115 120 127 128 135 148 156 161 165 168 173 183 198 0
35 198 12 17 27 29 32 42 43 48 64 65 93 102 118 119 124 126 127 171 197 0
36 128 2 22 30 39 65 72 84 87 91 93 105 110 111 139 147 148 157 164 171 178 185 196 0
37 31 187 44 4 23 41 46 51 52 60 61 63 68 74 91 121 124 126 148 150 160 161 165 167 177 199 0
38 145 63 5 6 17 32 42 44 53 60 82 83 100 106 144 151 170 187 196 199 0
39 46 195 104 130 93 28 9 10 18 36 59 72 107 120 128 132 133 137 147 162 170 0
40 31 103 1 15 27 28 29 54 60 69 74 75 80 85 92 100 102 121 142 168 172 173 182 191 198 0
41 16 18 37 51 57 62 65 69 70 71 76 80 85 99 100 104 107 124 127 129 134 139 146 153 157 161 173 184 0
42 79 184 6 11 25 27 28 35 38 50 54 73 84 94 97 111 151 159 169 173 185 186 194 0
43 85 87 127 5 18 29 30 35 60 69 86 91 105 110 120 122 125 159 176 184 190 198 0
44 37 84 107 2 19 24 28 38 48 49 56 68 88 95 98 101 104 108 120 125 131 134 139 140 143 158 162 166 172 174 184 186 188 0
45 104 89 27 10 34 30 75 80 93 94 96 99 109 118 124 131 133 152 156 159 176 183 192 197 0
46 14 147 39 162 179 15 197 4 37 71 72 108 119 128 131 144 152 178 187 193 194 0
47 127 24 54 81 82 95 122 133 135 143 159 165 190 195 0
48 119 17 31 35 44 49 64 65 66 71 76 87 90 95 130 135 141 145 150 154 158 169 181 190 199 0
49 119 3 10 14 31 44 48 51 61 73 91 112 127 165 168 179 193 0
50 161 115 3 5 13 18 23 24 42 81 82 83 102 111 114 129 131 138 140 149 157 160 169 178 191 194 199 200 0
51 84 56 3 13 27 34 37 41 49 59 74 91 122 127 131 141 150 155 159 165 196 200 0
52 129 7 19 37 57 59 103 117 118 124 130 143 150 170 177 191 199 0
53 72 12 97 3 118 5 18 38 65 79 94 96 106 116 117 134 151 169 179 0
54 14 69 6 22 40 42 47 55 62 64 101 104 145 148 155 166 167 186 194 197 0
55 149 98 199 131 8 10 11 25 31 54 60 66 73 78 88 101 103 105 115 139 152 153 163 177 0
56 51 5 25 44 59 60 65 67 68 69 79 88 97 105 114 117 127 140 145 165 171 191 0
57 31 16 5 23 41 52 64 67 68 69 92 116 117 129 159 163 187 188 198 0
58 147 65 73 76 78 82 111 125 136 143 150 182 193 195 0
59 99 102 83 2 8 26 27 39 51 52 56 93 112 116 124 138 141 142 155 162 167 177 0
60 176 175 22 24 37 38 40 43 55 56 64 82 98 118 130 138 142 178 181 185 198 0
61 71 10 29 37 49 64 65 88 100 108 109 113 114 115 135 140 143 145 174 176 185 188 0
62 162 4 5 8 18 24 27 41 54 73 90 107 124 130 152 184 0
63 38 10 20 21 22 30 33 37 79 82 89 142 146 150 154 172 0
64 5 92 185 4 9 23 31 35 48 54 57 60 61 68 69 98 99 117 120 138 152 176 179 191 200 0
65 85 13 15 20 28 35 36 41 48 53 56 58 61 82 86 105 107 114 129 143 144 145 161 175 188 191 200 0
66 88 7 9 15 23 30 31 34 48 55 68 74 77 98 110 114 118 120 123 128 154 155 157 167 170 172 187 199 0
67 145 9 19 33 56 57 73 75 94 97 100 105 107 140 164 170 173 187 200 0
68 196 11 37 44 56 57 64 66 71 100 104 126 131 149 172 176 181 190 194 197 0
69 54 125 2 23 24 26 32 40 41 43 56 57 64 70 83 95 108 111 112 127 137 145 155 162 173 176 181 183 189 193 200 0
70 73 3 10 32 41 69 77 84 95 105 126 127 132 142 143 159 168 171 180 182 193 0
71 100 61 1 20 21 34 41 46 48 68 77 85 116 120 122 132 173 0
72 147 24 53 99 128 169 3 27 36 39 46 91 115 117 133 137 149 151 156 157 161 172 183 186 0
73 85 70 6 7 15 17 29 42 49 55 58 62 67 95 97 116 119 128 130 137 149 166 180 185 194 0
74 89 6 7 14 18 21 31 37 40 51 66 80 84 87 120 125 130 136 165 169 170 176 196 0
75 151 1 21 25 40 45 67 78 81 89 96 114 135 156 162 171 193 195 199 0
76 104 148 6 23 34 41 48 58 92 101 106 154 161 164 169 170 172 175 186 196 0
77 137 15 19 66 70 71 87 114 121 136 138 146 149 154 156 164 165 166 182 184 0
78 163 153 1 23 12 29 55 58 75 96 97 109 114 115 123 124 125 128 138 147 150 158 167 178 180 184 193 196 0
79 139 136 42 157 33 81 17 29 31 53 56 63 88 113 115 120 127 130 135 152 170 174 178 181 182 192 0
80 146 152 2 13 21 27 40 41 45 74 81 87 88 89 114 123 132 167 174 194 199 0
81 79 11 23 25 32 47 50 75 80 105 107 108 125 143 144 148 152 158 159 169 175 180 0
82 10 8 20 29 38 47 50 58 60 63 65 86 92 108 109 113 151 156 160 188 189 190 192 193 196 0
83 59 2 10 24 38 50 69 85 91 95 112 114 119 124 144 149 171 178 179 185 186 188 190 0
84 44 51 3 9 15 20 22 36 42 70 74 90 91 97 98 99 117 126 132 135 161 165 167 177 184 0
85 195 43 65 73 2 5 8 12 40 41 71 83 86 111 136 138 139 150 189 200 0
86 198 13 21 43 65 82 85 89 92 109 113 124 125 128 164 168 186 187 193 0
87 43 2 28 30 33 34 36 48 74 77 80 97 123 132 134 150 155 171 188 194 196 0
88 187 142 66 5 21 44 55 56 61 79 80 109 116 128 129 165 182 192 0
89 45 174 74 2 15 25 63 75 80 86 101 103 106 120 132 142 148 149 163 189 192 0
90 156 25 33 48 62 84 98 101 106 115 123 138 166 175 186 187 189 192 0
91 14 105 13 10 23 25 26 33 36 37 43 49 51 72 83 84 103 108 109 116 145 153 161 165 166 167 181 186 0
92 64 3 11 16 19 22 28 40 57 76 82 86 96 119 124 159 180 188 195 0
93 39 1 7 16 17 22 35 36 45 59 113 123 126 141 145 150 152 161 184 186 193 194 0
94 142 95 8 12 13 29 30 42 45 53 67 120 157 172 175 180 182 183 0
95 94 32 44 47 48 69 70 73 83 97 101 102 113 124 137 141 146 163 176 186 187 188 192 0
96 18 2 10 14 21 23 45 53 75 78 92 100 109 124 136 138 140 143 152 157 166 191 200 0
97 53 10 11 19 42 56 67 73 78 84 87 95 110 123 174 0
98 55 26 31 34 44 60 64 66 84 90 100 109 134 136 157 158 160 171 179 181 186 0
99 72 59 101 2 12 16 22 26 28 31 41 45 64 84 103 109 127 142 157 159 160 184 194 0
100 128 71 12 13 25 27 33 38 40 41 61 67 68 96 98 117 120 127 130 134 135 147 190 194 199 0
101 99 4 6 30 44 54 55 76 89 90 95 103 107 140 141 148 161 163 165 167 171 172 181 186 191 193 196 0
102 59 2 16 35 40 50 95 120 141 153 155 157 160 170 174 178 194 0
103 40 7 8 13 23 28 52 55 89 91 99 101 112 115 122 127 128 146 148 182 188 194 0
104 39 45 139 119 76 143 108 109 110 191 13 24 32 41 44 54 68 114 146 157 158 160 162 175 190 200 0
105 91 190 129 1 8 12 13 19 24 26 30 36 43 55 56 65 67 70 81 116 136 142 157 172 177 185 187 189 0
106 139 34 38 53 76 89 90 110 136 143 177 178 198 0
107 44 1 12 15 31 39 41 62 65 67 81 101 121 137 145 146 157 159 162 171 0
108 104 111 168 124 44 46 61 69 81 82 91 115 126 130 132 135 142 161 186 193 0
109 104 193 20 24 45 61 78 82 86 88 91 96 98 99 114 118 125 128 145 148 162 182 195 200 0
110 104 9 1 4 15 24 26 32 33 36 43 66 97 106 112 118 126 130 134 138 142 153 159 160 174 176 185 188 200 0
111 108 10 21 34 36 42 50 58 69 85 114 115 121 143 152 181 199 200 0
112 163 7 12 22 49 59 69 83 103 110 128 134 136 141 151 158 170 188 195 200 0
113 170 8 13 15 61 79 82 86 93 95 114 138 152 159 166 181 182 191 193 0
114 125 8 50 56 61 65 66 75 77 78 80 83 104 109 111 113 127 128 134 136 138 149 151 178 180 185 188 194 0
115 50 17 25 34 55 61 72 78 79 90 103 108 111 125 127 155 162 167 176 184 190 197 198 0
116 139 170 3 15 16 26 32 53 57 59 71 73 88 91 105 147 166 185 193 0
117 5 121 6 8 32 52 53 56 57 64 72 84 100 124 128 129 132 135 146 156 160 164 183 186 194 197 0
118 53 35 45 52 60 66 109 110 130 138 159 160 175 178 192 0
119 104 120 48 49 9 18 25 35 46 73 83 92 124 132 137 154 181 182 186 187 193 199 0
120 119 176 6 11 19 34 39 43 44 64 66 71 74 79 89 94 100 102 125 132 162 167 194 196 0
121 117 6 37 40 77 107 111 146 147 179 197 199 0
122 123 5 8 11 26 43 47 51 71 103 133 134 140 156 158 197 0
123 129 122 7 9 13 20 29 66 78 80 87 90 93 97 127 133 151 152 169 173 175 178 0
124 108 13 24 28 35 37 41 45 52 59 62 78 83 86 92 95 96 117 119 163 199 0
125 69 114 4 20 25 26 43 44 58 74 78 81 86 109 115 120 130 157 160 166 187 193 0
126 194 30 35 37 68 70 84 93 108 110 140 150 153 162 165 167 176 177 178 0
127 43 178 141 47 24 34 35 41 49 51 56 69 70 79 99 100 103 114 115 123 129 131 155 162 176 193 0
128 72 100 36 8 24 25 34 39 46 66 73 78 86 88 103 109 112 114 117 139 154 155 180 0
129 105 52 123 134 5 16 21 27 31 41 50 57 65 88 117 127 130 139 141 143 159 174 181 186 189 199 0
130 39 4 6 17 48 52 60 62 73 74 79 100 108 110 118 125 129 131 162 166 186 188 192 197 0
131 55 3 24 44 45 46 50 51 68 127 130 134 145 146 148 160 191 197 200 0
132 151 21 2 7 10 12 31 39 70 71 80 84 87 89 108 117 119 120 138 145 158 193 0
133 146 177 17 19 26 39 45 47 72 122 123 135 137 154 159 166 171 183 0
134 129 12 28 30 33 41 44 53 87 98 100 110 112 114 122 131 137 148 170 187 199 0
135 137 194 155 3 4 7 19 23 24 26 29 34 47 48 61 75 79 84 100 108 117 133 153 181 0
136 79 192 198 9 26 29 31 58 74 77 85 96 98 105 106 112 114 151 159 162 173 180 200 0
137 192 135 77 11 23 39 69 72 73 95 107 119 133 134 141 146 163 174 176 179 184 0
138 144 3 22 28 30 33 50 59 60 64 77 78 85 90 96 110 113 114 118 132 140 145 149 153 156 179 190 196 0
139 104 79 116 106 11 14 36 41 44 55 85 128 129 156 158 169 171 192 195 0
140 159 181 5 44 50 56 61 67 96 101 122 126 138 141 142 144 146 148 162 194 197 0
141 127 8 13 23 28 31 48 51 59 93 95 101 102 112 129 137 140 151 158 159 168 0
142 88 94 30 40 59 60 63 70 89 99 105 108 110 140 146 147 156 158 160 161 169 194 195 200 0
143 104 28 29 44 47 52 58 61 65 70 81 96 106 111 129 148 150 152 170 174 175 185 188 198 0
144 184 138 186 1 9 18 32 38 46 65 81 83 140 200 0
145 31 67 38 5 13 19 24 32 48 54 56 61 65 69 91 93 107 109 131 132 138 159 190 192 195 0
146 149 80 167 133 3 13 22 41 63 77 95 103 104 107 117 121 131 137 140 142 166 185 187 189 191 0
147 46 149 72 171 58 13 20 36 39 78 100 116 121 142 157 175 184 188 0
148 76 2 17 27 30 34 36 37 54 81 89 101 103 109 131 134 140 143 163 170 174 195 198 0
149 147 146 55 1 50 68 72 73 77 83 89 114 138 153 159 176 188 193 0
150 196 10 31 37 48 51 52 58 63 78 85 87 93 126 143 151 168 199 0
151 161 132 200 75 9 24 26 31 38 42 53 72 82 112 114 123 136 141 150 158 172 186 0
152 80 159 11 30 45 46 55 62 64 79 81 93 96 111 113 123 143 174 177 178 183 185 189 196 198 0
153 78 3 25 27 33 41 55 91 102 110 126 135 138 149 156 160 164 172 181 196 0
154 21 4 8 14 48 63 66 76 77 119 128 133 157 195 0
155 135 10 19 30 51 54 59 66 69 87 102 115 127 128 160 161 164 172 180 185 191 0
156 24 90 18 34 45 72 75 77 82 117 122 138 139 142 153 163 170 176 181 182 188 193 0
157 79 3 23 29 31 32 36 41 50 66 72 94 96 98 99 102 104 105 107 125 147 154 165 168 171 192 193 0
158 187 4 20 23 33 44 48 78 81 98 104 112 122 132 139 141 142 151 172 0
159 152 140 25 42 43 45 47 51 57 70 81 92 99 107 110 113 118 129 133 136 141 145 149 168 173 177 179 187 196 0
160 183 14 22 31 37 50 82 98 99 102 104 110 117 118 125 131 142 153 155 163 164 189 0
161 24 151 50 5 21 34 37 41 65 72 76 84 91 93 101 108 142 155 171 183 189 0
162 46 62 4 13 19 33 39 44 59 69 75 104 107 109 115 120 126 127 130 136 140 164 189 191 0
163 195 189 78 112 1 23 55 57 89 95 101 124 137 148 156 160 165 168 191 196 0
164 197 5 17 31 36 67 76 77 86 117 153 155 160 162 169 177 0
165 192 2 12 14 19 23 34 37 47 49 51 56 74 77 84 88 91 101 126 157 163 172 179 182 196 0
166 16 12 18 20 44 54 73 77 90 91 96 113 116 125 130 133 146 173 0
167 146 5 7 20 37 54 59 66 78 80 84 91 101 115 120 126 183 191 196 0
168 108 2 3 14 20 29 34 40 49 70 86 141 150 157 159 163 180 0
169 72 3 7 18 42 48 50 53 74 76 81 123 139 142 164 182 190 0
170 116 113 1 12 22 31 33 38 39 52 66 67 74 76 79 102 112 134 143 148 156 185 187 189 0
171 147 1 15 16 35 36 56 70 75 83 87 98 101 107 133 139 157 161 180 192 0
172 20 6 10 11 13 28 40 44 63 66 68 72 76 94 101 105 151 153 155 158 165 175 178 188 195 200 0
173 31 1 15 17 34 40 41 42 67 69 71 123 136 159 166 178 182 185 0
174 89 8 12 28 32 44 61 79 80 97 102 110 129 137 143 148 152 178 192 198 0
175 60 6 16 32 65 76 81 90 94 104 118 123 143 147 172 176 188 189 0
176 120 60 26 29 33 43 45 61 64 68 69 74 95 110 115 126 127 137 149 156 175 200 0
177 133 7 4 15 18 37 52 55 59 84 105 106 126 152 159 164 181 182 191 196 0
178 127 196 20 21 28 30 33 36 46 50 60 78 79 83 102 106 114 118 123 126 152 172 173 174 180 184 187 192 0
179 46 25 15 16 17 49 53 64 83 98 121 137 138 159 165 183 192 193 0
180 192 7 15 28 33 70 73 78 81 92 94 114 128 136 155 168 171 178 0
181 140 7 8 10 16 21 25 28 48 60 68 69 79 91 98 101 111 113 119 129 135 153 156 177 194 0
182 190 9 17 23 40 58 70 77 79 88 94 103 109 113 119 156 165 169 173 177 185 186 0
183 13 160 2 24 34 45 69 72 94 117 133 152 161 167 179 0
184 42 144 2 11 27 29 41 43 44 62 77 78 84 93 99 115 137 147 178 0
185 64 5 29 30 32 36 42 60 61 73 83 105 110 114 116 143 146 152 155 170 173 182 192 193 194 0
186 144 5 7 13 22 23 32 42 44 54 72 76 83 86 90 91 93 95 98 101 108 117 119 129 130 151 182 193 0
187 37 88 158 38 46 57 66 67 86 90 95 105 119 125 134 146 159 170 178 198 0
188 31 4 8 16 29 44 57 61 65 82 83 87 92 95 103 110 112 114 130 143 147 149 156 172 175 0
189 163 1 8 12 21 24 69 82 85 89 90 105 129 146 152 160 161 162 170 175 196 200 0
190 105 182 1 10 33 43 47 48 68 82 83 100 104 115 138 145 169 0
191 104 4 5 22 24 30 40 50 52 56 64 65 96 101 113 131 146 155 162 163 167 177 0
192 136 137 20 180 165 2 5 27 45 79 82 88 89 90 95 118 130 139 145 157 171 174 178 179 185 0
193 109 2 3 10 14 27 29 46 49 58 69 70 75 78 82 86 93 101 108 113 116 119 125 127 132 149 156 157 179 185 186 199 0
194 135 26 126 27 29 32 42 46 50 54 68 73 80 87 93 99 100 102 103 114 117 120 140 142 181 185 196 0
195 39 85 163 30 1 24 26 28 47 58 75 92 109 112 139 142 145 148 154 172 196 198 0
196 178 68 150 2 7 23 24 27 36 38 51 74 76 78 82 87 101 120 138 152 153 159 163 165 167 177 189 194 195 198 0
197 46 164 14 27 28 35 45 54 68 115 117 121 122 130 131 140 198 0
198 136 5 35 86 1 4 34 40 43 57 60 106 115 143 148 152 174 187 195 196 197 0
199 55 2 7 11 23 26 27 31 37 38 48 50 52 66 75 80 100 111 119 121 124 129 134 150 193 0
200 151 7 10 25 27 50 51 64 65 67 69 85 96 104 109 110 111 112 131 136 142 144 172 176 189 0

