200  1197
1 173 97 118 67 129 13 16 112 143 144 153 167 0
2 76 5 26 27 33 48 72 118 144 158 187 0
3 84 50 181 24 18 39 82 83 117 134 175 188 194 0
4 51 151 152 102 179 35 104 107 125 143 166 170 171 184 0
5 42 2 41 69 142 153 160 0
6 124 19 23 67 75 76 95 109 129 132 134 168 0
7 186 73 103 147 158 167 196 199 0
8 161 167 32 93 13 44 58 68 99 113 158 159 0
9 175 33 29 37 60 71 98 116 117 140 157 0
10 174 94 16 42 58 86 105 125 134 151 198 0
11 188 23 24 37 41 52 62 107 112 168 0
12 16 51 56 105 111 141 157 171 0
13 72 1 8 99 104 128 150 156 160 0
14 81 92 29 30 31 39 41 55 72 119 132 133 155 160 162 189 190 0
15 184 64 69 70 71 76 96 117 131 199 0
16 57 163 12 1 10 31 39 52 53 63 91 102 119 123 141 146 191 194 0
17 40 142 82 48 55 95 113 183 187 193 0
18 89 3 31 41 48 52 68 97 135 151 154 160 166 182 198 199 0
19 160 6 59 78 79 147 173 174 192 0
20 42 33 64 70 98 145 155 157 173 174 0
21 161 85 26 36 45 75 76 107 110 138 145 170 186 196 0
22 171 31 34 51 53 163 0
23 41 6 11 27 30 34 45 69 80 88 89 127 139 153 189 0
24 3 11 37 59 64 68 77 117 131 153 158 178 182 190 0
25 173 52 50 59 64 75 84 119 127 135 161 168 182 184 189 0
26 140 2 21 34 38 57 60 61 62 98 110 125 152 0
27 155 136 61 141 2 23 28 39 49 53 60 79 122 145 200 0
28 173 185 170 158 27 34 53 76 88 159 167 0
29 186 44 9 14 30 54 61 82 101 108 166 191 0
30 196 14 23 29 62 93 97 102 111 144 149 154 189 0
31 144 135 132 14 16 18 22 67 68 99 111 119 123 134 140 164 179 0
32 8 43 81 97 100 111 121 123 140 172 180 181 183 0
33 9 2 20 37 40 42 48 58 64 71 78 105 118 131 133 159 162 166 182 184 186 188 190 192 196 0
34 186 22 23 26 28 49 57 75 79 103 125 141 145 146 148 158 160 161 166 0
35 55 4 61 85 142 0
36 43 21 96 111 149 0
37 185 83 190 9 11 24 33 44 61 80 176 177 182 192 0
38 82 127 26 61 66 116 138 145 148 178 0
39 198 3 14 16 27 54 103 129 134 143 151 0
40 96 17 177 63 178 107 33 48 52 132 183 188 0
41 84 23 5 11 14 18 68 79 96 106 111 124 128 132 162 165 0
42 140 5 192 182 114 87 20 10 33 50 63 70 91 155 157 170 184 185 191 0
43 111 36 32 99 100 113 151 161 0
44 29 8 37 54 56 73 100 105 124 138 148 160 0
45 139 123 21 23 47 66 68 90 99 106 120 125 140 142 155 164 0
46 84 87 128 142 178 195 199 0
47 121 45 50 60 73 80 84 132 142 0
48 84 122 86 2 17 18 33 40 54 73 93 98 106 114 169 181 183 189 200 0
49 114 157 27 34 73 101 110 188 195 0
50 3 146 25 42 47 57 64 72 82 88 99 101 115 116 119 126 139 149 0
51 185 4 195 12 22 64 100 102 104 106 113 129 154 160 161 186 0
52 25 11 16 18 40 63 101 103 155 156 165 180 183 0
53 110 16 22 27 28 97 116 136 137 138 156 162 167 174 189 0
54 59 29 39 44 48 60 74 78 85 114 128 156 158 162 198 0
55 71 59 35 165 14 17 78 135 166 0
56 151 198 12 44 59 61 73 92 105 108 119 136 137 158 172 192 194 0
57 96 16 26 34 50 69 77 116 133 161 0
58 104 8 10 33 70 135 167 0
59 55 54 19 24 25 56 86 93 103 108 109 116 122 130 132 0
60 200 159 90 9 26 27 47 54 71 76 111 112 153 194 0
61 27 137 72 26 29 35 37 38 56 82 84 87 128 138 148 164 174 180 195 0
62 175 11 26 30 75 82 103 177 187 0
63 40 16 42 52 73 120 136 140 0
64 87 15 20 24 25 33 50 51 92 114 143 0
65 95 94 150 168 183 184 0
66 67 38 45 74 120 134 178 187 194 198 0
67 1 161 66 164 6 31 70 92 94 106 115 128 141 158 166 167 170 177 180 196 0
68 113 8 18 24 31 41 45 71 94 144 168 178 192 0
69 119 143 76 5 15 23 57 72 78 127 139 182 186 191 0
70 86 15 20 42 58 67 96 127 140 151 159 176 0
71 173 55 196 138 9 15 33 60 68 105 111 135 170 175 187 200 0
72 61 13 2 14 50 69 102 103 130 153 170 187 0
73 192 7 44 47 48 49 56 63 92 107 167 174 0
74 156 54 66 90 98 109 149 165 194 0
75 160 6 21 25 34 62 133 137 138 177 0
76 69 2 6 15 21 28 60 96 98 106 155 160 171 172 0
77 110 24 57 96 113 117 122 152 166 171 180 184 193 200 0
78 108 19 33 54 55 69 147 157 171 186 0
79 184 176 19 27 34 41 82 85 97 138 144 182 193 197 198 0
80 147 23 37 47 82 109 111 113 125 144 153 163 191 0
81 174 14 32 112 121 135 149 0
82 17 38 3 29 50 61 62 79 80 90 118 119 129 133 135 139 143 159 180 0
83 37 3 101 109 140 143 163 184 185 195 0
84 121 46 48 3 41 25 47 61 90 116 117 120 127 186 0
85 21 35 54 79 90 111 119 182 0
86 48 70 10 59 91 136 0
87 42 64 154 46 61 90 119 167 186 0
88 147 23 28 50 175 191 0
89 178 18 23 121 136 155 159 168 176 0
90 60 45 74 82 84 85 87 92 109 135 166 176 178 0
91 97 194 16 42 86 95 98 139 142 156 165 167 0
92 14 56 64 67 73 90 132 151 0
93 8 30 48 59 112 0
94 10 65 67 68 97 138 145 148 149 150 156 169 199 0
95 97 65 109 189 6 17 91 113 118 142 158 0
96 166 155 40 172 187 156 57 15 36 41 70 76 77 143 151 174 196 0
97 1 184 95 145 91 18 30 32 53 79 94 102 152 161 0
98 173 9 20 26 48 74 76 91 159 160 171 0
99 192 8 13 31 43 45 50 103 113 133 139 146 149 155 176 0
100 173 32 43 44 51 113 134 150 155 0
101 161 29 49 50 52 83 112 115 137 158 181 0
102 4 16 30 51 72 97 129 147 171 172 182 186 0
103 111 7 34 39 52 59 62 72 99 128 145 153 179 192 193 0
104 170 58 4 13 51 108 136 139 140 169 172 184 0
105 145 168 10 12 33 44 56 71 107 134 141 152 166 194 199 0
106 182 41 45 48 51 67 76 111 139 144 0
107 40 4 11 21 73 105 117 152 164 0
108 166 78 29 56 59 104 139 144 153 157 193 0
109 95 6 59 74 80 83 90 119 133 139 152 187 0
110 169 53 77 21 26 49 127 141 153 173 0
111 173 103 43 12 30 31 32 36 41 60 71 80 85 106 138 190 0
112 143 1 11 60 81 93 101 164 174 179 199 0
113 194 191 68 8 17 43 51 77 80 95 99 100 148 155 162 175 200 0
114 42 49 48 54 64 132 146 174 0
115 117 50 67 101 159 187 0
116 177 9 38 50 53 57 59 84 134 148 158 159 185 0
117 118 140 115 3 9 15 24 77 84 107 125 131 139 148 156 175 0
118 1 139 121 117 2 33 82 95 136 170 191 0
119 187 69 14 16 25 31 50 56 82 85 87 109 0
120 126 180 45 63 66 84 121 137 146 155 0
121 118 84 47 32 81 89 120 132 142 156 167 191 0
122 48 125 27 59 77 153 189 192 194 0
123 45 16 31 32 133 153 169 193 0
124 191 6 41 44 130 196 0
125 122 4 10 26 34 45 80 117 147 160 172 178 188 0
126 158 120 50 153 0
127 38 23 25 69 70 84 110 143 167 168 193 0
128 161 193 13 41 46 54 61 67 103 130 157 170 179 185 192 198 0
129 1 6 39 51 82 102 158 188 0
130 167 59 72 124 128 133 136 153 171 175 176 181 0
131 144 15 24 33 117 138 160 168 0
132 31 134 6 14 40 41 47 59 92 114 121 158 180 181 200 0
133 143 14 33 57 75 82 99 109 123 130 137 149 189 192 0
134 132 3 6 10 31 39 66 100 105 116 140 173 0
135 31 18 25 55 58 71 81 82 90 141 189 0
136 27 153 53 56 63 86 89 104 118 130 156 179 193 195 0
137 61 53 56 75 101 120 133 157 0
138 71 21 38 44 53 61 75 79 94 111 131 0
139 118 45 183 199 23 50 69 82 91 99 104 106 108 109 117 0
140 117 42 26 9 31 32 45 63 70 83 104 134 141 0
141 27 12 16 34 67 105 110 135 140 147 151 162 173 188 194 0
142 17 175 5 35 45 46 47 91 95 121 148 166 176 0
143 69 112 133 1 4 39 64 82 83 96 127 161 162 165 199 0
144 166 174 31 131 1 2 30 68 79 80 106 108 154 167 198 0
145 97 105 20 21 27 34 38 94 103 161 164 180 190 193 0
146 50 188 16 34 99 114 120 159 180 184 0
147 177 88 80 7 19 78 102 125 141 150 0
148 173 34 38 44 61 94 113 116 117 142 162 187 0
149 155 30 36 50 74 81 94 99 133 168 190 0
150 185 13 65 94 100 147 193 0
151 4 56 10 18 39 43 70 92 96 141 173 176 198 0
152 4 26 77 97 105 107 109 161 179 0
153 136 1 5 23 24 60 72 80 103 108 110 122 123 126 130 161 0
154 87 18 30 51 144 176 200 0
155 96 27 149 14 20 42 45 52 76 89 99 100 113 120 161 176 199 0
156 96 74 13 52 53 54 91 94 117 121 136 163 164 0
157 49 9 12 20 42 78 108 128 137 166 177 0
158 28 126 197 2 7 8 24 34 54 56 67 95 101 116 129 132 165 167 196 200 0
159 60 8 28 33 70 82 89 98 115 116 146 165 172 0
160 177 19 75 5 13 14 18 34 44 51 76 98 125 131 170 171 173 181 188 0
161 67 21 128 186 8 101 25 34 43 51 57 97 143 145 152 153 155 167 168 0
162 181 14 33 41 53 54 113 141 143 148 165 190 0
163 16 22 80 83 156 184 0
164 67 31 45 61 107 112 145 156 174 176 177 190 200 0
165 55 41 52 74 91 143 158 159 162 0
166 173 96 144 108 4 18 29 33 34 55 67 77 90 105 142 157 184 193 195 197 200 0
167 8 130 1 7 28 53 58 67 73 87 91 121 127 144 158 161 180 0
168 105 6 11 25 65 68 89 127 131 149 161 174 0
169 185 110 48 94 104 123 170 0
170 28 104 4 21 42 67 71 72 118 128 160 169 189 194 0
171 200 22 4 12 76 77 78 98 102 130 160 184 0
172 96 32 56 76 102 104 125 159 176 0
173 166 1 28 111 25 71 148 100 98 19 20 110 134 141 151 160 178 0
174 144 81 10 19 20 53 61 73 96 112 114 164 168 198 0
175 142 62 9 3 71 88 113 117 130 179 196 0
176 79 37 70 89 90 99 130 142 151 154 155 164 172 0
177 40 160 116 147 37 62 67 75 157 164 0
178 40 89 24 38 46 66 68 90 125 173 0
179 4 31 103 112 128 136 152 175 200 0
180 120 32 52 61 67 77 82 132 145 146 167 190 0
181 3 162 32 48 101 130 132 160 198 0
182 42 106 18 24 25 33 37 69 79 85 102 0
183 139 17 32 40 48 52 65 0
184 97 15 79 4 25 33 42 65 77 83 104 146 163 166 171 0
185 28 51 169 150 200 37 42 83 116 128 197 0
186 161 7 34 29 21 33 51 69 78 84 87 102 0
187 96 119 2 17 62 66 71 72 109 115 148 188 0
188 146 11 3 33 40 49 125 129 141 160 187 192 0
189 95 14 23 25 30 48 53 122 133 135 170 0
190 37 14 24 33 111 145 149 162 164 180 0
191 113 124 16 29 42 69 80 88 118 121 0
192 42 73 99 19 33 37 56 68 103 122 128 133 188 0
193 128 17 77 79 103 108 123 127 136 145 150 166 0
194 91 113 3 16 56 60 66 74 105 122 141 170 0
195 51 46 49 61 83 136 166 198 0
196 71 30 7 21 33 67 96 124 158 175 0
197 158 79 166 185 0
198 56 39 10 18 54 66 79 128 144 151 174 181 195 0
199 139 7 15 18 46 94 105 112 143 155 0
200 185 60 171 27 48 71 77 113 132 154 158 164 166 179 0

