200  401
1 171 102 170 0
2 55 197 84 124 137 142 0
3 152 160 56 74 140 147 170 0
4 182 14 69 88 0
5 93 164 99 0
6 154 138 157 75 0
7 166 57 115 0
8 24 32 0
9 200 148 64 131 192 155 135 37 161 0
10 149 20 0
11 62 181 66 84 108 171 0
12 170 49 110 0
13 178 145 104 0
14 4 39 104 193 0
15 64 141 182 173 150 26 46 119 186 0
16 182 0
17 84 86 0
18 152 26 168 55 0
19 196 41 95 0
20 98 186 10 90 139 0
21 120 65 0
22 192 194 0
23 28 0
24 148 8 189 0
25 112 66 65 0
26 18 15 111 0
27 32 50 81 142 0
28 34 179 23 0
29 78 77 0
30 170 105 166 0
31 87 54 57 104 124 171 0
32 8 27 0
33 133 169 198 0
34 141 28 91 85 144 98 0
35 128 44 98 103 155 170 0
36 183 65 132 0
37 9 47 76 91 0
38 100 0
39 53 14 78 0
40 62 83 91 0
41 19 49 92 144 0
42 173 119 63 0
43 121 116 176 0
44 149 35 112 143 167 191 0
45 105 78 0
46 136 15 110 115 193 0
47 154 37 105 132 0
48 82 153 107 0
49 200 187 143 121 12 41 96 142 197 0
50 27 57 103 110 131 0
51 187 191 0
52 194 84 0
53 200 78 39 60 0
54 173 142 31 0
55 192 2 18 188 0
56 3 69 124 149 0
57 118 68 7 31 50 125 172 0
58 90 0
59 87 73 118 0
60 53 176 111 0
61 111 127 92 104 0
62 152 11 40 96 0
63 101 122 42 0
64 9 84 15 97 185 159 147 0
65 166 21 25 36 165 0
66 25 11 106 149 199 0
67 80 193 0
68 57 73 180 191 0
69 56 4 130 0
70 156 82 133 172 0
71 82 152 0
72 113 0
73 180 59 68 88 0
74 3 124 144 0
75 200 103 6 0
76 183 163 37 140 141 153 0
77 105 29 85 113 163 164 190 0
78 53 111 29 133 39 45 85 110 0
79 170 80 186 196 0
80 186 67 175 79 110 187 0
81 27 0
82 131 48 71 70 0
83 154 40 0
84 64 113 196 162 116 17 2 11 52 0
85 34 77 78 102 0
86 17 120 0
87 155 31 59 107 124 0
88 126 4 73 103 131 186 0
89 187 176 0
90 93 58 20 184 0
91 34 37 40 130 135 0
92 182 123 41 61 154 0
93 200 178 5 90 191 0
94 172 0
95 118 19 171 0
96 175 49 62 127 181 0
97 64 149 0
98 195 20 180 34 35 159 0
99 108 5 111 142 172 194 0
100 152 195 156 38 102 129 0
101 125 63 113 0
102 125 129 1 85 100 0
103 75 166 191 35 50 88 131 150 187 0
104 13 14 31 61 115 139 177 0
105 30 77 45 47 0
106 186 66 0
107 174 48 87 0
108 136 99 11 0
109 161 176 0
110 122 12 46 50 78 80 138 163 0
111 78 61 26 60 99 0
112 196 25 44 149 167 0
113 84 117 158 72 77 101 171 177 0
114 179 115 147 0
115 200 7 46 104 114 0
116 84 184 43 196 0
117 113 126 155 192 0
118 183 95 57 134 59 0
119 42 124 15 0
120 155 21 86 0
121 49 198 43 123 199 0
122 63 110 134 157 186 0
123 92 121 0
124 119 146 2 31 56 74 87 138 0
125 183 101 102 57 167 180 194 0
126 117 88 0
127 61 96 0
128 174 35 193 0
129 102 100 0
130 138 69 91 132 0
131 9 82 50 88 103 0
132 197 194 36 47 130 0
133 78 33 70 173 0
134 118 122 155 163 0
135 9 91 149 179 0
136 185 108 46 0
137 187 2 163 0
138 6 130 110 124 142 0
139 197 20 104 0
140 3 76 0
141 15 34 76 153 191 0
142 54 2 27 49 99 138 0
143 49 44 175 0
144 34 41 74 0
145 13 0
146 124 0
147 199 3 64 114 186 196 0
148 9 24 154 0
149 97 44 10 56 66 112 135 0
150 15 103 181 0
151 177 169 0
152 100 200 3 18 161 62 71 0
153 48 76 141 0
154 148 6 47 83 92 165 0
155 9 120 87 35 117 134 0
156 100 189 70 0
157 6 122 196 0
158 113 0
159 64 98 0
160 3 170 0
161 152 165 109 167 9 0
162 84 0
163 76 77 110 134 137 0
164 5 77 176 0
165 161 65 154 0
166 103 65 7 30 0
167 161 44 112 125 0
168 18 0
169 151 33 0
170 160 30 199 12 79 1 3 35 176 0
171 182 1 11 31 95 113 0
172 179 94 57 70 99 0
173 15 42 54 133 0
174 179 128 107 190 0
175 80 96 143 0
176 60 43 89 109 164 170 199 0
177 183 151 190 104 113 0
178 93 13 0
179 28 172 174 114 135 0
180 98 73 68 125 0
181 11 96 150 0
182 15 171 16 4 92 0
183 195 118 177 76 125 36 0
184 116 90 0
185 64 136 0
186 20 106 80 188 15 79 88 122 147 0
187 49 137 89 51 80 103 0
188 186 55 0
189 156 24 0
190 177 77 174 0
191 103 44 51 68 93 141 0
192 9 55 22 117 0
193 67 14 46 128 0
194 132 52 22 99 125 0
195 100 183 98 0
196 84 112 19 79 116 147 157 0
197 2 132 139 49 0
198 121 33 0
199 170 147 66 121 176 0
200 152 9 49 75 93 53 115 0

