200  1163
1 123 2 12 24 25 54 92 144 172 188 0
2 1 23 38 51 54 82 102 109 131 135 195 0
3 165 61 41 62 80 155 164 0
4 158 49 67 71 133 138 145 0
5 87 46 48 55 62 90 99 107 127 139 153 0
6 100 42 125 133 175 185 189 198 0
7 193 19 22 42 67 68 76 84 127 137 153 166 169 171 0
8 26 37 170 192 0
9 106 66 94 111 199 0
10 158 23 45 80 93 100 108 112 147 162 177 0
11 53 16 24 45 48 68 71 134 139 160 170 0
12 13 36 139 1 71 87 92 121 129 141 147 148 183 0
13 125 89 132 194 12 72 55 27 155 163 182 0
14 72 34 38 51 67 76 119 160 191 199 0
15 83 18 28 29 61 98 107 121 136 0
16 149 98 11 36 78 102 110 118 177 183 0
17 101 34 70 73 107 133 181 188 0
18 125 15 24 47 84 87 95 96 116 120 135 137 139 140 142 150 172 185 198 0
19 87 7 25 66 79 115 139 151 178 0
20 65 36 83 103 115 148 196 197 0
21 23 48 62 102 105 114 121 158 190 0
22 32 136 68 174 145 7 24 64 73 89 110 133 146 163 180 185 0
23 165 21 178 2 10 25 83 86 90 99 155 159 0
24 174 1 11 18 22 127 199 0
25 133 187 1 19 23 73 85 149 166 173 197 0
26 46 8 109 34 39 44 87 110 143 164 0
27 198 13 44 50 56 93 100 101 119 134 0
28 170 15 38 40 93 108 124 143 148 162 169 182 185 0
29 155 15 46 54 66 74 78 88 111 118 148 150 0
30 167 84 86 108 120 174 0
31 115 78 97 149 70 82 147 182 189 0
32 105 22 104 46 49 65 117 118 120 135 152 185 0
33 179 36 41 67 76 130 133 142 177 183 188 0
34 179 14 17 26 41 99 123 147 177 189 0
35 53 91 123 139 140 148 164 182 188 0
36 12 135 16 20 33 114 151 200 0
37 97 8 52 75 107 138 166 172 179 0
38 157 2 14 28 113 115 123 156 183 0
39 158 100 146 26 50 55 65 83 86 116 139 164 180 193 0
40 165 28 46 59 100 111 155 0
41 178 3 33 34 44 54 83 90 108 115 143 149 194 0
42 80 160 6 7 54 60 76 81 102 124 142 150 0
43 167 50 73 74 85 119 129 156 176 178 0
44 172 26 27 41 75 89 92 105 128 143 187 193 0
45 133 147 106 87 10 11 52 55 63 65 70 81 97 181 194 0
46 183 130 26 162 5 29 32 40 52 82 100 161 194 0
47 185 18 49 73 95 110 123 128 138 142 150 161 164 0
48 168 5 11 21 51 65 83 122 155 0
49 132 4 32 47 76 118 154 167 192 0
50 165 141 27 39 43 74 93 101 105 110 127 0
51 176 2 14 48 64 74 75 86 106 145 158 160 188 0
52 133 67 190 131 154 37 45 46 56 58 73 81 114 150 153 155 177 186 0
53 105 120 134 195 11 35 88 101 103 113 135 143 157 0
54 153 1 2 29 41 42 69 146 164 171 174 177 182 0
55 13 5 39 45 80 141 147 148 151 164 197 0
56 157 137 27 52 61 65 114 130 150 152 165 170 173 185 0
57 87 176 123 113 73 76 111 127 140 189 200 0
58 155 52 111 127 159 177 178 183 185 194 198 0
59 111 165 40 65 70 80 90 91 93 120 154 177 0
60 125 119 112 42 93 96 101 126 147 165 180 189 0
61 3 15 56 71 152 158 195 0
62 116 3 5 21 65 75 110 137 153 154 0
63 81 45 72 74 85 103 116 130 183 0
64 123 173 22 51 69 80 89 102 122 125 185 193 200 0
65 130 128 20 32 39 45 48 56 59 62 67 71 79 114 133 175 178 0
66 158 9 19 29 91 132 144 148 178 0
67 52 122 4 7 14 33 65 76 77 92 99 152 160 0
68 22 7 11 69 111 119 121 139 167 171 176 182 0
69 153 54 64 68 78 101 103 137 179 0
70 31 17 45 59 83 92 112 123 139 146 168 177 0
71 81 180 4 11 12 61 65 104 126 148 156 192 0
72 13 14 63 97 136 138 139 160 189 0
73 198 88 86 17 22 25 43 47 52 57 75 96 105 113 143 148 154 171 173 185 187 0
74 143 142 29 43 50 51 63 87 101 102 110 118 140 166 0
75 120 189 79 151 37 44 51 62 73 87 93 114 130 188 192 0
76 100 107 117 7 14 33 42 49 57 67 110 121 159 163 164 181 192 0
77 191 67 90 106 123 180 0
78 31 16 29 69 83 93 103 108 112 153 169 0
79 75 19 65 108 116 162 169 176 194 195 196 0
80 186 42 3 10 55 59 64 106 110 113 144 155 162 0
81 200 85 71 171 63 42 45 52 96 117 127 146 169 179 0
82 31 2 46 91 127 128 138 163 179 198 0
83 193 15 20 23 39 41 48 70 78 92 115 175 176 184 200 0
84 103 7 18 30 112 119 125 128 145 163 167 180 0
85 81 183 25 43 63 122 145 170 172 178 0
86 73 23 30 39 51 149 159 195 197 0
87 45 197 57 19 5 12 18 26 74 75 94 103 110 135 149 173 190 0
88 73 184 29 53 98 107 146 170 178 192 195 0
89 13 126 185 22 44 64 95 100 109 152 161 176 179 0
90 111 5 23 41 59 77 114 133 138 165 176 189 0
91 102 35 59 66 82 129 131 136 141 143 146 154 159 186 191 0
92 150 1 12 44 67 70 83 100 119 123 157 159 190 0
93 97 10 27 28 50 59 60 75 78 111 124 125 135 150 153 161 171 189 0
94 166 9 87 102 142 160 172 178 186 0
95 120 18 47 89 119 121 155 175 182 0
96 200 18 60 73 81 105 127 143 172 190 0
97 31 93 37 45 72 120 148 150 153 178 196 0
98 16 15 88 110 122 132 140 157 165 177 194 0
99 132 5 23 34 67 100 136 137 167 190 0
100 39 76 6 10 27 40 46 89 92 99 106 124 143 161 164 0
101 180 17 27 50 53 60 69 74 111 144 168 198 0
102 128 91 2 16 21 42 64 74 94 104 116 125 152 0
103 174 84 20 53 63 69 78 87 110 146 164 178 183 0
104 32 71 102 112 117 171 175 0
105 200 53 32 172 108 21 44 50 73 96 110 111 115 151 153 160 184 198 0
106 45 166 9 51 77 80 100 114 122 127 145 153 159 174 185 193 0
107 76 167 5 15 17 37 88 117 150 165 169 179 0
108 105 10 28 30 41 78 79 110 132 188 199 0
109 26 156 152 2 89 123 133 162 185 200 0
110 145 16 22 26 47 50 62 74 76 80 87 98 103 105 108 112 114 125 126 130 0
111 115 59 193 90 9 29 40 57 58 68 93 101 105 129 0
112 60 10 70 78 84 104 110 124 128 140 0
113 57 38 53 73 80 117 0
114 157 21 36 52 56 65 75 90 106 110 120 146 168 172 173 189 0
115 133 111 31 161 19 20 38 41 83 105 121 149 171 186 0
116 195 62 18 39 63 79 102 126 178 187 198 0
117 76 32 81 104 107 113 133 157 0
118 143 121 16 29 32 49 74 135 193 0
119 60 153 14 27 43 68 84 92 95 160 170 190 194 0
120 53 186 169 75 95 18 30 32 59 97 114 122 124 129 150 162 0
121 118 188 12 15 21 68 76 95 115 128 135 161 187 200 0
122 67 150 48 64 85 98 106 120 0
123 57 1 64 34 35 38 47 70 77 92 109 131 138 143 180 194 195 0
124 155 28 42 93 100 112 120 142 143 179 0
125 200 13 179 60 18 144 138 6 64 84 93 102 110 126 135 153 159 180 191 0
126 89 60 71 110 116 125 133 163 164 180 198 0
127 148 5 7 24 50 57 58 81 82 96 106 187 190 195 0
128 65 102 44 47 82 84 112 121 144 185 186 0
129 188 12 43 91 111 120 140 141 148 176 0
130 46 65 33 56 63 75 110 141 151 164 183 0
131 52 2 91 123 132 145 165 188 196 0
132 13 99 49 66 98 108 131 139 163 164 181 183 0
133 200 115 52 45 143 198 25 4 6 17 22 33 65 90 109 117 126 134 142 194 0
134 53 11 27 133 170 179 0
135 36 2 18 32 53 87 93 118 121 125 154 156 163 188 0
136 22 159 15 72 91 99 163 0
137 56 7 18 62 69 99 188 199 0
138 125 4 37 47 72 82 90 123 159 168 0
139 12 5 11 18 19 35 39 68 70 72 132 155 182 198 0
140 197 18 35 57 74 98 112 129 159 161 167 173 194 0
141 50 12 55 91 129 130 149 151 161 170 178 189 0
142 74 196 18 33 42 47 94 124 133 144 164 198 0
143 133 148 157 74 191 118 26 28 41 44 53 73 91 96 100 123 124 147 190 0
144 125 1 66 80 101 128 142 174 199 0
145 22 110 4 51 84 85 106 131 154 157 176 0
146 39 22 54 70 81 88 91 103 114 157 0
147 45 10 12 31 34 55 60 143 178 195 0
148 143 127 12 20 28 29 35 55 66 71 73 97 129 150 158 160 0
149 31 16 25 41 86 87 115 141 169 178 193 0
150 122 164 92 18 29 42 47 52 56 93 97 107 120 148 167 197 0
151 75 19 36 55 105 130 141 152 154 155 185 0
152 109 32 56 61 67 89 102 151 194 0
153 119 54 69 5 7 52 62 78 93 97 105 106 125 182 186 0
154 52 49 59 62 73 91 135 145 151 177 183 198 0
155 183 58 29 124 3 13 23 40 48 52 80 95 139 151 0
156 109 38 43 71 135 193 0
157 143 56 38 114 53 92 98 117 145 146 175 189 0
158 200 39 4 66 10 21 51 61 148 159 184 0
159 136 23 58 76 86 91 92 106 125 138 140 158 170 0
160 42 11 14 51 67 72 94 105 119 148 167 199 0
161 115 46 47 89 93 100 121 140 141 169 0
162 46 10 28 79 80 109 120 164 184 193 195 0
163 196 177 13 22 76 82 84 126 132 135 136 0
164 150 3 26 35 39 47 54 55 76 100 103 126 130 132 142 162 176 0
165 59 23 50 3 40 56 60 90 98 107 131 174 178 183 0
166 106 94 175 7 25 37 74 168 183 190 0
167 107 43 30 49 68 84 99 140 150 160 197 198 0
168 200 48 70 101 114 138 166 185 0
169 120 181 7 28 78 79 81 107 149 161 176 189 198 0
170 193 28 8 11 56 85 88 119 134 141 159 182 186 194 0
171 81 7 54 68 73 93 104 115 173 0
172 105 44 192 1 18 37 85 94 96 114 173 175 0
173 64 25 56 73 87 114 140 171 172 179 0
174 22 103 24 30 54 106 144 165 192 0
175 166 6 65 83 95 104 157 172 0
176 57 51 43 68 79 83 89 90 129 145 164 169 178 180 182 185 0
177 163 10 16 33 34 52 54 58 59 70 98 154 198 0
178 23 41 19 43 58 65 66 85 88 94 97 103 116 141 147 149 165 176 185 0
179 125 33 34 37 69 81 82 89 107 124 134 173 194 0
180 71 101 22 39 60 77 84 123 125 126 176 184 195 0
181 169 17 45 76 132 0
182 200 13 28 31 35 54 68 95 139 153 170 176 189 198 0
183 85 46 155 12 16 33 38 58 63 103 130 132 154 165 166 187 195 0
184 88 83 105 158 162 180 0
185 89 47 6 18 22 28 32 56 58 64 73 106 109 128 151 168 176 178 196 199 0
186 120 80 52 91 94 115 128 153 170 187 0
187 25 44 73 116 121 127 183 186 0
188 121 129 1 17 33 35 51 75 108 131 135 137 0
189 75 6 31 34 57 60 72 90 93 114 141 157 169 182 0
190 52 21 87 92 96 99 119 127 143 166 0
191 143 77 14 91 125 0
192 172 8 49 71 75 76 88 174 0
193 111 83 7 170 39 44 64 106 118 149 156 162 0
194 13 199 41 45 46 58 79 98 119 123 133 140 152 170 179 197 0
195 53 116 2 61 79 86 88 123 127 147 162 180 183 0
196 142 163 20 79 97 131 185 0
197 87 140 20 25 55 86 150 167 194 0
198 133 73 27 6 18 58 82 101 105 116 126 139 142 154 167 169 177 182 0
199 194 9 14 24 108 137 144 160 185 0
200 81 168 133 125 105 158 96 182 36 57 64 83 109 121 0

