200  1144
1 190 20 28 47 63 74 79 118 138 153 154 158 179 183 184 0
2 40 139 101 84 7 68 124 136 154 160 0
3 134 145 69 123 133 137 187 0
4 77 17 76 97 122 158 166 186 0
5 133 8 20 114 116 129 171 176 200 0
6 32 172 50 191 35 39 43 46 65 73 112 122 195 0
7 144 2 16 36 108 119 150 0
8 5 57 68 80 111 132 138 152 177 0
9 150 23 31 40 43 57 129 184 193 200 0
10 12 111 15 16 26 68 74 85 130 140 153 187 0
11 57 193 51 86 138 147 159 187 0
12 83 146 10 184 14 15 52 59 66 73 82 90 121 180 0
13 67 31 29 39 61 77 84 103 127 131 164 171 178 190 198 0
14 155 63 12 19 30 55 84 91 94 144 184 0
15 132 114 144 10 12 27 28 51 78 91 151 164 181 0
16 109 7 10 23 29 51 62 82 93 99 107 151 158 169 177 199 0
17 77 60 89 186 4 29 71 94 97 103 142 167 168 175 180 194 0
18 117 148 138 170 180 0
19 57 14 49 87 110 115 127 148 196 199 0
20 43 1 5 66 86 90 134 0
21 71 59 63 106 107 115 118 142 178 189 0
22 119 47 116 117 123 129 147 149 170 186 0
23 176 9 16 25 39 44 57 65 77 100 119 151 170 199 0
24 124 48 67 71 82 94 95 113 132 151 154 157 172 0
25 106 178 125 23 27 60 71 87 105 110 123 160 0
26 159 57 82 10 60 71 77 86 105 130 158 167 178 200 0
27 75 62 15 25 30 50 61 63 88 137 154 181 0
28 177 36 180 97 1 15 35 68 120 123 124 142 143 168 0
29 32 13 16 17 44 48 55 81 88 101 167 176 184 200 0
30 190 151 14 27 36 71 80 100 109 111 140 142 152 183 192 193 0
31 13 9 38 39 59 69 95 104 119 178 187 197 199 0
32 169 198 29 6 78 80 161 196 0
33 136 58 77 98 103 114 122 152 160 168 195 196 0
34 69 51 55 96 109 163 0
35 80 6 28 53 100 156 158 180 182 0
36 28 59 7 30 39 40 46 88 100 108 134 138 140 148 165 168 178 0
37 190 64 195 167 48 53 111 149 162 178 182 187 0
38 173 31 47 60 69 85 88 91 94 138 183 0
39 82 6 13 23 31 36 62 89 102 143 148 151 158 0
40 77 102 182 2 127 9 36 54 69 104 105 108 164 191 197 0
41 158 43 50 81 87 102 105 107 121 159 164 165 168 188 196 0
42 43 51 65 70 90 97 105 116 142 149 0
43 132 42 20 6 9 41 45 51 66 80 105 107 130 144 151 191 0
44 56 23 29 51 78 104 138 170 173 182 0
45 159 43 54 84 96 109 116 161 0
46 169 70 160 83 6 36 90 119 121 149 163 172 0
47 73 1 22 38 68 92 100 104 109 118 144 173 188 189 191 0
48 146 65 24 29 37 57 149 154 176 179 180 193 0
49 102 19 55 96 110 120 151 152 154 198 0
50 6 27 41 68 93 96 137 148 173 178 186 194 198 0
51 132 11 15 16 34 42 43 44 58 73 76 77 78 112 123 158 0
52 150 12 100 112 126 130 200 0
53 133 35 37 55 60 64 73 75 97 118 127 162 191 0
54 164 40 45 80 161 195 199 0
55 70 14 29 34 49 53 77 98 108 132 146 150 170 194 0
56 189 44 57 105 131 145 186 194 0
57 26 11 157 19 161 8 9 23 48 56 59 74 80 85 91 105 120 126 131 134 154 163 172 182 0
58 157 33 51 91 100 121 143 150 178 180 182 183 0
59 36 98 12 21 31 57 60 84 121 132 137 159 0
60 17 123 113 25 26 38 53 59 82 93 102 108 159 181 196 0
61 70 164 109 13 27 62 78 125 134 149 166 180 0
62 27 16 39 61 85 91 92 94 111 147 152 169 170 0
63 14 1 21 27 79 130 145 159 166 188 0
64 37 53 68 98 110 111 145 183 193 0
65 48 6 23 42 101 159 0
66 69 12 20 43 67 72 103 112 117 118 119 129 130 187 0
67 102 13 112 24 66 78 107 126 171 0
68 70 135 170 188 2 8 10 28 47 50 64 72 120 124 128 131 136 158 168 174 190 0
69 111 66 171 34 3 31 38 40 85 120 148 172 173 177 195 0
70 46 181 68 61 81 55 156 42 97 121 164 167 185 194 0
71 87 21 17 24 25 26 30 84 108 174 179 0
72 160 66 68 103 132 142 163 164 177 183 0
73 150 47 6 12 51 53 122 133 149 166 167 177 199 0
74 179 189 121 152 1 10 57 108 117 142 156 173 176 0
75 164 183 27 53 149 154 0
76 130 4 51 78 94 96 103 116 121 175 194 0
77 169 40 93 17 4 158 13 23 26 33 51 55 82 86 107 128 153 167 189 196 0
78 181 15 32 44 51 61 67 76 79 89 109 121 143 145 160 166 199 0
79 154 1 63 78 143 169 184 190 199 0
80 160 120 35 8 30 32 43 54 57 111 113 171 175 0
81 70 86 29 41 133 139 140 191 0
82 26 39 115 12 16 24 60 77 87 104 125 131 186 0
83 46 12 115 116 140 152 171 181 0
84 2 13 14 45 59 71 126 154 175 181 192 198 0
85 121 10 38 57 62 69 116 118 177 0
86 81 11 20 26 77 88 151 168 177 0
87 96 71 19 25 41 82 88 89 90 116 175 0
88 91 27 29 36 38 86 87 104 123 162 166 177 180 194 0
89 17 117 39 78 87 91 100 109 168 0
90 134 165 12 20 42 46 87 111 183 0
91 142 88 196 14 15 38 57 58 62 89 115 118 121 170 175 193 0
92 179 47 62 160 166 183 0
93 77 179 128 16 50 60 118 121 122 126 131 164 166 171 0
94 102 150 14 17 24 38 62 76 109 114 127 146 170 179 0
95 151 24 31 194 0
96 134 122 87 34 45 49 50 76 162 166 182 194 0
97 28 4 17 42 53 70 99 107 123 189 0
98 59 33 55 64 127 146 0
99 127 16 97 162 187 199 0
100 120 116 23 30 35 36 47 52 58 89 112 117 145 156 0
101 2 29 65 132 158 193 0
102 40 67 94 49 39 41 60 103 147 158 160 162 186 191 0
103 163 13 17 33 66 72 76 102 108 126 185 187 0
104 169 31 40 44 47 82 88 115 146 182 185 0
105 180 25 26 40 41 42 43 56 57 106 116 134 140 156 157 170 178 0
106 169 177 25 140 137 21 105 125 132 136 162 170 174 176 0
107 108 16 21 41 43 67 77 97 109 118 134 142 178 0
108 112 107 7 36 40 55 60 71 74 103 116 135 153 156 174 193 0
109 61 16 30 34 45 47 78 89 94 107 135 0
110 190 19 25 49 64 111 141 165 191 0
111 10 69 8 30 37 62 64 80 90 110 145 188 196 0
112 67 108 6 51 52 66 100 126 132 145 160 0
113 60 24 80 152 153 173 0
114 15 5 33 94 152 183 0
115 82 19 21 83 91 104 137 154 162 164 177 189 0
116 100 5 22 42 45 76 83 85 87 105 108 121 163 193 0
117 89 18 22 66 74 100 118 120 127 143 0
118 146 153 1 21 47 53 66 85 91 93 107 117 120 144 160 0
119 198 22 7 23 31 46 66 122 123 132 163 197 0
120 80 100 124 28 49 57 68 69 117 118 121 152 162 166 0
121 74 85 168 12 41 46 58 59 70 76 78 91 93 116 120 153 154 158 159 164 0
122 96 4 6 33 73 93 119 132 151 154 163 174 184 0
123 60 162 3 22 25 28 51 88 97 119 127 144 154 167 186 196 0
124 120 24 2 28 68 175 0
125 25 61 82 106 141 189 0
126 154 52 57 67 84 93 103 112 159 180 0
127 40 99 13 19 53 94 98 117 123 167 175 0
128 93 68 77 136 0
129 154 5 9 22 66 169 172 176 178 190 0
130 134 76 10 26 43 52 63 66 144 165 0
131 177 13 56 57 68 82 93 141 144 147 151 169 0
132 198 51 43 15 190 8 24 55 59 72 101 106 112 119 122 135 192 200 0
133 163 5 155 53 3 73 81 135 146 165 172 184 0
134 160 90 163 130 3 96 20 36 57 61 105 107 151 162 173 194 0
135 68 141 187 108 109 132 133 180 192 0
136 139 33 2 68 106 128 160 166 0
137 106 3 27 50 59 115 142 199 0
138 179 194 1 8 11 18 36 38 44 170 199 0
139 2 136 81 157 166 0
140 106 10 30 36 81 83 105 141 143 146 199 0
141 135 147 110 125 131 140 151 184 192 199 0
142 155 91 17 21 28 30 42 72 74 107 137 185 0
143 169 28 39 58 78 79 117 140 160 0
144 15 7 14 43 47 118 123 130 131 148 151 178 0
145 3 56 63 64 78 100 111 112 148 162 0
146 12 174 48 118 55 94 98 104 133 140 158 0
147 141 11 22 62 102 131 150 155 183 187 199 0
148 18 19 36 39 50 69 144 145 158 166 197 0
149 151 22 37 42 46 48 61 73 75 175 177 189 198 0
150 94 185 73 52 9 7 55 58 147 151 163 181 0
151 30 149 95 15 16 23 24 39 43 49 86 122 131 134 141 144 150 153 0
152 74 8 30 33 49 62 83 113 114 120 158 186 0
153 118 1 10 77 108 113 121 151 190 0
154 175 126 79 129 1 2 24 27 48 49 57 75 84 115 121 122 123 157 172 178 0
155 133 173 142 14 147 169 171 0
156 70 35 74 100 105 108 157 191 193 0
157 57 58 24 105 139 154 156 165 176 197 0
158 77 41 1 4 16 26 35 39 51 68 101 102 121 146 148 152 0
159 163 26 45 11 41 59 60 63 65 121 126 195 0
160 46 134 175 80 72 197 199 166 2 25 33 78 92 102 112 118 136 143 0
161 57 32 45 54 179 0
162 123 37 53 88 96 99 102 106 115 120 134 145 182 0
163 134 159 133 103 34 46 57 72 116 119 122 150 0
164 61 75 54 13 15 40 41 70 72 93 115 121 0
165 90 36 41 110 130 133 157 171 186 0
166 160 4 61 63 73 78 88 92 93 96 120 136 139 148 169 181 193 199 0
167 37 17 26 29 70 73 77 123 127 0
168 121 17 28 33 36 41 68 86 89 182 0
169 46 32 106 77 143 104 16 62 79 129 131 155 166 0
170 68 18 22 23 44 55 62 91 94 105 106 138 173 182 184 195 0
171 69 5 13 67 80 83 93 155 165 0
172 6 24 46 57 69 129 133 154 194 0
173 155 38 44 47 50 69 74 113 134 170 196 0
174 146 68 71 106 108 122 185 195 0
175 160 154 17 76 80 84 87 91 124 127 149 193 195 0
176 198 23 5 29 48 74 106 129 157 178 0
177 106 28 131 8 16 69 72 73 85 86 88 115 149 0
178 25 13 21 26 31 36 37 50 58 105 107 129 144 154 176 193 0
179 93 74 138 92 1 48 71 94 161 188 0
180 28 105 200 12 17 18 35 48 58 61 88 126 135 182 188 0
181 70 78 15 27 60 83 84 150 166 0
182 40 35 37 44 57 58 96 104 162 168 170 180 0
183 75 1 30 38 58 64 72 90 92 114 147 0
184 12 1 9 14 29 79 122 133 141 170 192 0
185 150 70 103 104 142 174 0
186 17 4 22 50 56 82 102 123 152 165 0
187 135 3 10 11 31 37 66 99 103 147 190 0
188 68 41 47 63 111 179 180 0
189 74 56 21 47 77 97 115 125 149 200 0
190 132 37 30 110 1 13 68 79 129 153 187 194 0
191 6 40 43 47 53 81 102 110 156 200 0
192 199 30 84 132 135 141 184 0
193 11 9 30 48 64 91 101 108 116 156 166 175 178 0
194 138 17 50 55 56 70 76 88 95 96 134 172 190 196 0
195 37 6 33 54 69 159 170 174 175 0
196 91 19 32 33 41 60 77 111 123 173 194 0
197 160 31 40 119 148 157 0
198 32 132 119 176 13 49 50 84 149 0
199 160 192 16 19 23 31 54 73 78 79 99 137 138 140 141 147 166 0
200 180 5 9 26 29 52 132 189 191 0

