200  307
1 126 0
2 127 3 71 0
3 149 66 173 80 195 2 114 194 0
4 81 114 0
5 165 174 179 0
6 134 158 87 191 0
7 23 0
8 199 0
9 161 167 0
10 133 105 30 131 0
11 52 25 0
12 192 51 0
13 131 18 0
14 86 31 70 177 163 169 190 0
15 165 100 112 0
16 148 164 123 173 184 0
17 157 0
18 66 146 13 31 0
19 53 0
20 76 150 0
21 26 24 116 123 191 0
22 188 0
23 48 7 134 168 0
24 21 25 137 0
25 24 11 0
26 165 76 191 21 32 84 200 0
27 165 98 62 193 0
28 165 69 0
29 66 86 73 138 118 103 0
30 31 10 0
31 14 30 18 0
32 26 0
33 102 40 0
34 79 76 0
35 101 142 162 0
36 151 137 158 172 0
37 69 64 0
38 119 123 155 0
39 171 0
40 64 123 33 185 0
41 199 138 0
42 183 0
43 188 0
44 183 100 131 0
45 185 157 0
46 134 68 88 0
47 116 0
48 199 23 188 0
49 195 91 0
50 105 0
51 112 12 77 158 0
52 76 11 0
53 99 139 71 19 0
54 199 198 112 117 144 0
55 124 0
56 77 0
57 197 0
58 68 108 0
59 198 61 103 89 0
60 150 0
61 59 185 93 0
62 27 0
63 171 93 0
64 102 199 119 153 78 170 40 37 0
65 78 161 122 77 0
66 3 29 96 18 0
67 148 183 157 192 109 0
68 46 58 75 0
69 28 97 115 37 0
70 14 0
71 53 2 0
72 171 139 0
73 29 0
74 136 160 0
75 105 68 123 168 0
76 26 137 52 20 34 0
77 128 56 51 65 0
78 64 65 0
79 82 34 155 0
80 3 134 167 121 191 0
81 173 4 0
82 102 150 127 79 155 0
83 199 176 0
84 26 0
85 90 0
86 29 14 125 0
87 6 98 101 0
88 191 107 46 166 0
89 59 0
90 98 85 0
91 191 108 49 176 0
92 153 0
93 198 140 61 63 0
94 165 0
95 103 0
96 66 128 137 145 0
97 69 199 0
98 27 90 87 0
99 199 171 53 0
100 149 15 44 0
101 153 35 87 103 0
102 64 165 82 33 115 118 0
103 59 95 29 101 0
104 149 131 136 0
105 10 75 50 0
106 128 0
107 88 117 0
108 91 58 0
109 67 0
110 177 0
111 178 176 0
112 54 145 51 15 0
113 171 178 147 0
114 185 3 4 0
115 69 102 119 131 139 154 0
116 148 47 21 0
117 54 107 133 0
118 29 102 0
119 64 38 115 0
120 188 0
121 80 149 0
122 65 156 0
123 40 16 21 38 75 136 194 0
124 133 55 169 147 0
125 165 148 86 0
126 173 163 1 159 154 196 0
127 82 2 162 189 0
128 96 77 106 149 179 0
129 150 0
130 153 172 0
131 104 13 10 44 115 0
132 148 155 0
133 148 10 124 143 117 140 152 0
134 80 6 46 23 0
135 169 0
136 104 74 123 0
137 76 24 36 96 0
138 29 141 41 0
139 53 72 115 145 0
140 93 133 0
141 138 0
142 35 0
143 133 187 0
144 159 54 192 0
145 112 96 139 0
146 18 0
147 199 113 124 148 0
148 125 16 67 133 116 132 147 0
149 198 3 104 100 121 128 0
150 82 60 129 20 181 0
151 182 36 168 180 183 0
152 198 133 0
153 64 130 188 101 200 92 0
154 126 115 164 171 0
155 79 181 38 82 132 0
156 195 122 0
157 67 17 45 0
158 6 36 51 0
159 126 144 0
160 199 74 191 0
161 65 9 163 0
162 163 35 127 0
163 126 162 14 161 179 0
164 16 154 0
165 102 28 125 26 5 27 186 193 94 15 200 0
166 184 88 0
167 80 9 0
168 151 175 23 75 0
169 124 135 14 0
170 64 0
171 99 113 72 39 194 63 154 0
172 130 36 0
173 3 126 81 16 197 0
174 5 0
175 168 0
176 111 83 91 0
177 14 110 0
178 113 111 190 0
179 5 128 163 0
180 151 0
181 155 150 0
182 198 189 196 151 0
183 67 44 197 42 151 0
184 199 166 16 0
185 61 114 45 40 0
186 165 0
187 143 0
188 153 120 43 22 48 0
189 182 127 199 0
190 178 14 0
191 26 88 91 6 21 80 160 0
192 67 12 144 0
193 165 27 0
194 171 3 123 0
195 3 156 49 0
196 182 126 199 0
197 183 57 173 0
198 54 149 182 152 59 93 0
199 64 54 160 83 99 147 48 184 8 41 97 189 196 0
200 153 26 165 0

