200  1259
1 52 36 44 57 58 59 68 81 94 95 114 126 137 146 147 149 0
2 144 8 21 35 43 59 62 72 115 157 169 184 190 0
3 36 19 49 52 74 79 94 109 128 143 148 162 163 0
4 94 22 37 40 118 125 132 167 195 0
5 135 12 18 20 39 48 50 55 61 87 95 108 113 119 121 127 133 147 155 161 0
6 86 44 52 56 60 99 110 124 0
7 53 16 26 87 98 102 109 141 177 178 195 198 200 0
8 196 28 2 15 31 50 64 79 80 102 110 120 129 133 150 155 167 190 194 0
9 197 29 52 62 71 95 102 110 117 120 156 193 0
10 81 17 47 52 82 127 145 148 167 177 197 0
11 150 128 84 36 38 40 45 48 62 108 125 133 156 158 169 0
12 169 138 118 75 5 17 33 46 63 76 147 175 176 199 0
13 184 85 151 97 165 129 120 127 177 59 83 87 143 0
14 150 194 18 26 33 37 69 70 91 108 134 155 182 185 0
15 110 8 21 32 57 104 125 139 157 167 170 180 190 0
16 157 7 28 56 62 67 135 152 162 176 182 0
17 105 10 12 21 28 45 61 68 96 114 127 130 152 168 185 188 192 0
18 66 145 5 14 71 80 85 100 106 142 150 154 159 163 196 0
19 193 3 68 84 107 116 121 177 180 191 197 0
20 44 5 59 84 95 122 123 126 158 169 170 184 186 189 192 0
21 90 2 15 17 28 36 67 79 85 127 128 150 172 173 179 0
22 77 4 86 95 124 127 167 177 190 0
23 48 29 41 52 132 158 160 176 194 198 0
24 129 33 40 61 65 88 143 151 0
25 65 51 47 35 50 78 83 96 115 143 158 160 163 0
26 97 74 7 14 60 80 83 126 147 197 0
27 189 30 48 54 72 111 133 195 0
28 8 16 17 21 38 49 64 86 98 107 109 116 167 0
29 70 9 23 36 39 79 85 159 172 194 195 197 0
30 157 27 64 73 95 115 151 155 172 0
31 115 8 38 57 66 70 74 96 119 133 141 162 194 0
32 66 15 82 85 175 176 0
33 150 12 14 24 34 41 45 65 79 91 113 149 156 166 168 0
34 191 126 139 33 51 55 56 89 103 114 124 136 142 155 157 164 198 0
35 55 48 136 2 25 70 71 133 154 156 0
36 1 77 170 46 3 11 21 29 58 74 123 126 155 164 186 194 197 0
37 171 4 14 80 176 188 194 196 0
38 102 11 28 31 48 51 108 122 124 136 163 179 195 0
39 57 5 29 64 77 97 101 112 161 190 191 193 0
40 99 4 11 24 58 64 70 75 94 100 134 147 180 0
41 115 23 33 42 43 52 73 88 90 103 123 168 172 0
42 150 191 106 41 47 86 93 97 103 104 117 143 153 161 199 0
43 131 2 41 74 123 141 143 163 176 183 200 0
44 54 137 198 20 180 1 6 69 86 87 93 96 98 132 148 166 182 0
45 83 11 17 33 56 76 100 101 105 121 129 145 148 177 182 184 196 0
46 36 12 62 98 106 120 142 166 185 0
47 25 10 42 58 61 73 87 127 152 156 182 196 0
48 35 23 5 11 27 38 56 89 97 118 126 175 198 0
49 111 3 28 105 112 134 159 0
50 193 5 8 25 56 59 83 86 118 136 150 174 195 0
51 25 34 38 63 73 79 94 99 127 131 167 186 189 0
52 144 1 60 3 6 9 10 23 41 116 118 136 155 163 168 0
53 60 7 54 92 102 114 122 134 179 185 0
54 184 80 181 44 73 27 53 74 81 98 100 112 120 126 131 133 144 185 0
55 189 35 146 5 34 126 166 167 168 188 190 0
56 186 6 16 34 45 48 50 90 91 101 111 128 153 155 156 192 0
57 189 144 184 169 65 159 124 123 39 166 1 15 31 64 67 86 94 113 114 117 127 170 0
58 165 1 36 40 47 69 117 129 149 153 155 163 170 184 0
59 115 89 130 155 1 2 13 20 50 68 103 144 151 167 192 0
60 52 103 53 172 6 26 71 78 85 122 126 130 159 174 188 0
61 66 5 17 24 47 78 82 85 89 101 103 130 135 138 142 147 173 183 0
62 127 2 9 11 16 46 98 113 151 159 0
63 122 175 12 51 82 136 142 156 168 0
64 156 8 28 30 39 40 57 66 85 155 163 172 186 190 0
65 57 83 25 133 24 33 78 137 148 176 200 0
66 184 81 61 18 32 78 101 31 64 71 82 105 108 113 124 129 159 185 186 0
67 157 16 21 57 91 95 106 110 148 152 181 0
68 85 135 1 17 19 59 80 93 104 138 153 192 0
69 108 14 44 58 71 73 88 140 155 184 199 0
70 101 187 29 14 31 35 40 79 105 110 115 125 134 144 178 183 0
71 173 168 9 18 35 60 66 69 122 128 147 169 172 185 190 194 0
72 97 2 27 75 167 185 188 0
73 54 92 30 41 47 51 69 109 110 142 169 182 191 0
74 26 3 31 36 43 54 84 94 117 124 131 150 156 164 168 183 0
75 12 40 72 83 140 144 145 188 0
76 162 93 12 45 94 119 136 148 170 173 177 180 0
77 36 22 162 39 95 101 103 113 134 138 177 0
78 66 25 60 61 65 160 170 181 0
79 119 3 8 21 29 33 51 70 80 83 87 92 97 145 154 157 180 0
80 54 86 8 18 26 37 68 79 88 101 136 141 157 187 200 0
81 66 140 96 116 10 1 54 93 150 161 173 0
82 188 10 32 61 63 66 85 95 128 138 159 162 171 0
83 65 45 13 25 26 50 75 79 85 133 171 184 0
84 11 19 20 74 91 137 153 164 170 184 188 200 0
85 13 68 156 18 21 29 32 60 61 64 82 83 89 125 142 157 160 185 194 0
86 80 90 6 22 28 42 44 50 57 105 176 178 184 198 0
87 189 5 7 13 44 47 79 97 108 142 154 167 184 200 0
88 135 24 41 69 80 93 97 98 104 110 115 118 133 136 140 141 186 194 0
89 59 183 34 48 61 85 94 123 124 158 160 170 177 0
90 86 21 41 56 121 157 200 0
91 115 14 33 56 67 84 96 108 110 114 116 127 135 148 159 190 0
92 73 53 79 145 158 176 179 191 0
93 76 42 44 68 81 88 107 120 137 141 181 198 0
94 141 4 1 3 40 51 57 74 76 89 98 113 126 129 153 177 182 0
95 151 1 5 9 20 22 30 67 77 82 170 174 186 0
96 81 104 17 25 31 44 91 172 174 191 0
97 13 26 72 167 132 39 42 48 79 87 88 99 101 161 168 196 0
98 140 7 28 44 46 54 62 88 94 102 150 171 190 193 200 0
99 196 40 6 51 97 118 119 146 147 168 0
100 104 18 40 45 54 129 130 155 188 198 0
101 66 70 39 45 56 61 77 80 97 114 134 137 141 181 0
102 135 200 38 7 8 9 53 98 114 133 174 0
103 60 34 41 42 59 61 77 140 161 193 0
104 96 100 15 42 68 88 110 134 135 147 170 188 193 0
105 193 17 45 49 66 70 86 120 140 190 0
106 42 18 46 67 110 200 0
107 125 19 28 93 131 136 137 164 197 0
108 170 69 111 5 11 14 38 66 87 91 112 123 128 133 185 0
109 169 185 154 3 7 28 73 131 146 155 164 172 177 183 187 190 0
110 197 15 6 8 9 67 70 73 88 91 104 106 114 117 119 121 127 0
111 108 49 27 56 158 195 0
112 150 39 49 54 108 139 142 148 0
113 115 182 5 33 57 62 66 77 94 114 159 176 185 0
114 190 1 17 34 53 57 91 101 102 110 113 128 177 193 0
115 189 31 59 41 91 113 2 25 30 70 88 133 156 194 0
116 81 19 28 52 91 118 138 0
117 138 9 42 57 58 74 110 132 139 196 0
118 12 4 48 50 52 88 99 116 128 153 178 188 0
119 182 79 5 31 76 99 110 131 152 190 194 0
120 13 125 8 9 46 54 93 105 121 148 173 0
121 129 5 19 45 90 110 120 149 168 0
122 144 161 171 63 20 38 53 60 71 125 175 0
123 57 142 20 36 41 43 89 108 148 174 188 189 195 0
124 57 6 22 34 38 66 74 89 131 149 152 164 166 0
125 120 107 4 11 15 70 85 122 158 170 194 0
126 34 1 20 26 36 48 54 55 60 94 155 196 0
127 13 62 5 10 17 21 22 47 51 57 91 110 135 137 139 140 187 193 0
128 11 3 21 56 71 82 108 114 118 155 176 180 0
129 13 121 190 158 197 195 24 8 45 58 66 94 100 164 166 174 0
130 59 17 60 61 100 144 152 179 197 0
131 140 188 43 51 54 74 107 109 119 124 153 165 194 0
132 97 4 23 44 117 144 157 158 165 182 187 190 195 199 0
133 65 160 5 8 11 27 31 35 54 83 88 102 108 115 154 169 194 195 0
134 150 14 40 49 53 70 77 101 104 139 155 158 169 187 0
135 68 88 102 163 5 16 61 91 104 127 136 145 169 0
136 35 176 34 38 50 52 63 76 80 88 107 135 150 152 169 175 177 0
137 44 1 65 84 93 101 107 127 141 178 0
138 12 149 117 61 68 77 82 116 150 153 164 171 175 0
139 34 15 112 117 127 134 161 0
140 81 131 98 69 75 88 103 105 127 154 184 185 189 0
141 158 94 7 31 43 80 88 93 101 137 161 175 194 0
142 123 18 34 46 61 63 73 85 87 112 150 153 173 0
143 184 3 13 24 25 42 43 0
144 57 52 150 2 122 54 59 70 75 130 132 159 166 168 176 194 0
145 18 10 45 75 79 92 135 0
146 55 1 99 109 180 0
147 170 1 5 12 26 40 61 71 99 104 160 172 177 196 0
148 149 192 3 10 44 45 65 67 76 91 112 120 123 171 180 0
149 138 148 1 33 58 121 124 153 158 165 176 184 190 0
150 144 42 11 14 134 112 33 8 18 21 50 74 81 98 136 138 142 179 0
151 13 95 24 30 59 62 155 182 187 193 0
152 189 16 17 47 67 119 124 130 136 0
153 199 42 56 58 68 84 94 118 131 138 142 149 172 186 0
154 109 18 35 79 87 133 140 158 167 185 193 196 0
155 59 5 8 14 30 34 36 52 56 58 64 69 100 109 126 128 134 151 158 166 168 185 187 193 197 0
156 85 64 9 11 33 35 47 56 63 74 115 179 196 0
157 159 67 30 16 2 15 34 79 80 85 90 132 169 0
158 129 141 11 20 23 25 89 92 111 125 132 134 149 154 155 164 171 179 0
159 57 157 18 29 49 60 62 66 82 91 113 144 0
160 133 23 25 78 85 89 147 164 0
161 122 5 39 42 81 97 103 139 141 0
162 77 76 3 16 31 82 176 185 0
163 135 3 18 25 38 43 52 58 64 196 0
164 199 34 36 74 84 107 109 124 129 138 158 160 165 168 177 191 0
165 13 58 186 131 132 149 164 197 0
166 57 33 44 46 55 124 129 144 155 173 182 0
167 97 4 8 10 15 22 28 51 55 59 72 87 154 0
168 71 17 33 41 52 55 63 74 97 99 121 144 155 164 177 183 186 194 0
169 57 12 173 109 2 11 20 71 73 133 134 135 136 157 179 192 195 0
170 36 108 147 199 15 20 57 58 76 78 84 89 95 104 125 0
171 122 37 82 83 98 138 148 158 191 200 0
172 60 21 29 30 41 64 71 96 109 147 153 186 192 194 198 0
173 169 71 21 61 76 81 120 142 166 191 0
174 194 50 60 95 96 102 123 129 0
175 63 12 32 48 122 136 138 141 180 194 0
176 136 12 16 23 32 37 43 65 86 92 113 128 144 149 162 197 0
177 13 7 10 19 22 45 76 77 89 94 109 114 136 147 164 168 200 0
178 182 7 70 86 118 137 186 0
179 191 21 38 53 92 130 150 156 158 169 186 0
180 44 15 19 40 76 79 128 146 148 175 0
181 54 67 78 93 101 0
182 113 119 178 14 16 44 45 47 73 94 132 151 166 0
183 89 43 61 70 74 109 168 0
184 57 13 66 54 196 143 2 20 45 58 69 83 84 86 87 140 149 0
185 109 14 17 46 53 54 66 71 72 85 108 113 140 154 155 162 0
186 165 56 20 36 51 64 66 88 95 153 168 172 178 179 0
187 70 80 109 127 132 134 151 155 0
188 131 82 17 37 55 60 72 75 84 100 104 118 123 0
189 57 115 55 152 87 27 20 51 123 140 192 0
190 129 114 2 8 15 22 39 55 64 71 91 98 105 109 119 132 149 0
191 42 179 34 19 39 73 92 96 164 171 173 0
192 148 17 20 56 59 68 169 172 189 0
193 199 19 50 105 9 39 98 103 104 114 127 151 154 155 0
194 14 174 8 23 29 31 36 37 71 85 88 115 119 125 131 133 141 144 168 172 175 0
195 129 4 7 27 29 38 50 111 123 132 133 169 0
196 184 99 8 18 37 45 47 97 117 126 147 154 156 163 198 0
197 129 110 9 10 19 26 29 36 107 130 155 165 176 0
198 44 7 23 34 48 86 93 100 172 196 200 0
199 170 153 193 164 12 42 69 132 0
200 102 7 43 65 80 84 87 90 98 106 171 177 198 0

