200  1196
1 48 2 13 19 47 70 74 85 88 134 154 155 167 0
2 28 127 1 13 14 38 48 54 110 113 122 170 0
3 67 40 85 187 32 44 51 53 68 99 116 118 129 160 171 173 197 0
4 82 38 54 68 154 189 0
5 157 21 31 45 46 55 100 101 102 113 149 152 176 0
6 25 143 34 58 75 110 151 189 197 0
7 192 13 42 53 60 104 113 119 121 135 189 193 199 0
8 68 76 9 16 18 20 25 32 39 61 72 73 93 113 119 123 136 148 157 160 189 194 0
9 73 18 152 8 46 85 101 109 112 116 120 131 135 177 182 0
10 141 28 49 60 62 72 82 88 97 137 166 0
11 116 28 34 47 56 65 78 181 0
12 57 52 24 28 82 138 0
13 66 46 24 1 2 7 32 89 91 116 151 159 187 195 0
14 57 34 166 2 40 44 48 56 87 101 108 133 140 143 192 195 198 0
15 87 36 52 122 129 136 141 159 191 0
16 47 31 8 40 46 72 116 140 165 0
17 67 31 40 42 53 56 78 85 86 89 120 142 171 172 0
18 9 22 8 33 79 108 113 126 138 139 148 163 164 181 0
19 158 1 42 62 69 140 159 160 176 177 0
20 200 8 52 70 83 125 130 150 155 162 178 0
21 151 5 23 28 31 66 69 78 79 94 102 104 119 120 130 134 146 162 165 197 0
22 18 36 67 112 114 155 0
23 181 21 86 88 105 106 108 143 145 174 0
24 13 12 68 78 83 93 100 117 118 141 183 190 0
25 68 48 6 157 99 8 45 57 74 83 91 169 0
26 126 44 69 80 93 107 111 125 145 165 188 0
27 200 77 138 173 198 0
28 114 2 170 10 11 12 21 46 71 74 76 103 104 139 163 167 189 0
29 107 110 30 70 86 96 112 121 127 139 150 153 159 179 0
30 194 135 173 71 179 95 29 35 40 50 59 66 67 121 129 158 182 185 191 0
31 16 5 17 21 44 75 79 117 118 121 129 136 162 194 0
32 50 138 3 8 13 71 74 87 103 143 144 164 177 187 188 197 0
33 75 18 41 74 93 97 123 151 178 183 0
34 14 6 11 58 65 93 121 135 144 147 168 0
35 51 30 62 101 106 135 175 0
36 137 93 15 22 45 57 61 67 73 79 86 117 132 169 189 0
37 77 74 92 155 157 189 0
38 73 94 2 4 83 95 97 120 134 140 145 162 166 192 0
39 147 8 54 70 76 82 97 100 101 134 163 0
40 3 74 14 16 17 30 62 75 108 111 137 186 197 0
41 144 134 33 65 114 132 140 173 0
42 155 7 17 19 51 70 99 130 139 140 148 166 183 197 0
43 177 123 58 77 149 154 0
44 135 195 3 14 26 31 48 67 75 97 102 129 132 160 162 178 0
45 91 5 25 36 53 77 87 110 115 140 170 181 0
46 13 106 58 5 9 16 28 63 79 113 177 0
47 51 16 97 79 1 11 83 103 120 126 150 178 184 195 0
48 25 1 102 2 14 44 64 75 77 81 105 122 133 134 175 179 185 200 0
49 147 10 64 89 102 122 131 136 155 170 0
50 154 197 67 32 30 55 73 86 98 103 107 159 184 0
51 68 47 200 115 89 35 3 42 73 82 94 116 126 128 154 191 194 0
52 12 15 20 85 87 111 130 133 135 143 147 159 0
53 114 3 7 17 45 71 99 106 112 124 135 136 148 185 0
54 163 82 2 4 39 85 92 93 98 105 124 137 141 149 174 0
55 129 5 50 83 85 97 107 119 149 159 171 184 0
56 190 11 14 17 57 100 125 194 0
57 96 148 12 14 25 36 56 65 74 107 126 183 0
58 46 6 34 43 69 72 87 116 142 160 165 170 183 195 0
59 190 30 102 107 120 183 0
60 107 7 10 61 65 73 92 98 117 170 0
61 126 8 36 60 101 114 136 163 172 182 0
62 71 10 19 35 40 72 85 104 132 165 197 0
63 89 46 65 109 155 180 0
64 163 72 48 49 68 99 140 142 151 167 0
65 144 11 34 41 57 60 63 68 93 132 143 172 180 0
66 194 13 21 30 110 137 150 178 181 186 0
67 50 3 17 171 199 22 30 36 44 68 70 121 152 0
68 151 51 25 176 155 8 182 3 4 24 64 65 67 75 98 103 116 126 173 199 0
69 80 19 21 26 58 98 102 109 132 149 151 158 182 188 0
70 155 1 20 29 39 42 67 75 80 86 143 166 182 200 0
71 30 142 174 62 28 32 53 121 122 143 154 161 164 165 168 193 0
72 64 8 10 16 58 62 79 80 108 117 120 121 140 174 179 0
73 144 145 38 9 163 164 8 36 50 51 60 98 134 136 166 172 182 188 190 0
74 40 1 25 28 32 33 37 57 111 116 127 176 197 0
75 173 33 6 31 40 44 48 68 70 101 149 190 0
76 8 28 39 116 131 141 155 175 0
77 183 37 27 43 45 48 81 99 138 144 154 169 175 0
78 112 11 17 21 24 114 138 163 168 189 199 0
79 47 18 21 31 36 46 72 89 97 98 117 138 146 0
80 111 120 69 108 26 70 72 100 165 174 0
81 124 48 77 95 99 115 131 144 167 168 184 189 199 0
82 54 4 10 12 39 51 125 138 140 149 192 0
83 165 20 24 25 38 47 55 94 128 134 141 169 185 0
84 173 119 88 111 129 151 0
85 3 1 9 17 52 54 55 62 175 187 0
86 149 17 23 29 36 50 70 102 153 178 181 188 195 197 0
87 143 15 14 32 45 52 58 128 135 153 175 0
88 142 1 10 23 84 123 141 146 177 186 0
89 51 63 162 13 17 49 79 122 126 130 144 0
90 138 96 128 183 190 194 0
91 165 98 45 13 25 105 132 140 144 150 189 197 0
92 100 37 54 60 114 116 131 134 136 170 177 183 188 193 0
93 36 8 24 26 33 34 54 65 123 173 0
94 38 133 186 21 51 83 103 109 110 143 179 0
95 30 146 38 81 106 108 112 151 153 162 0
96 151 194 154 100 139 57 191 29 90 99 115 119 126 133 152 161 189 0
97 47 10 33 38 39 44 55 79 98 102 118 132 147 177 0
98 91 50 54 60 68 69 73 79 97 120 143 0
99 25 3 42 53 64 77 81 96 119 121 127 166 170 187 196 199 0
100 96 103 92 117 5 24 39 56 80 110 111 123 146 168 196 0
101 102 5 9 14 35 39 61 75 103 118 127 141 155 169 0
102 48 101 5 21 44 49 59 69 86 97 119 156 160 168 194 0
103 100 28 32 47 50 68 94 101 141 192 0
104 154 183 196 7 21 28 62 110 177 190 0
105 153 23 48 54 91 120 141 174 176 193 0
106 46 23 35 53 95 107 113 172 185 0
107 169 29 60 26 50 55 57 59 106 114 131 141 159 185 0
108 80 14 18 23 40 72 95 129 169 174 195 0
109 165 9 63 69 94 134 144 147 170 196 0
110 29 2 6 45 66 94 100 104 148 158 159 160 167 176 182 186 193 194 196 0
111 135 80 128 26 40 52 74 84 100 117 164 177 0
112 173 78 121 9 22 29 53 95 128 137 176 0
113 149 2 5 7 8 18 46 106 134 135 137 0
114 151 53 28 132 22 41 61 78 92 107 128 130 160 162 188 0
115 51 172 45 81 96 124 163 0
116 158 11 193 3 9 13 16 51 58 68 74 76 92 142 169 189 192 0
117 100 189 24 31 36 60 72 79 111 162 169 178 0
118 179 3 24 31 97 101 0
119 84 7 8 21 55 96 99 102 122 128 149 0
120 80 168 9 17 21 38 47 59 72 98 105 126 129 133 147 187 0
121 112 7 29 30 31 34 67 71 72 99 200 0
122 148 147 2 15 48 49 71 89 119 141 197 0
123 43 8 33 88 93 100 138 147 154 161 163 195 0
124 182 81 53 54 115 128 129 142 150 152 0
125 155 130 20 26 56 82 136 166 184 185 197 0
126 145 61 26 141 18 47 51 57 68 89 96 120 129 135 148 171 179 0
127 2 29 74 99 101 0
128 111 51 83 87 90 112 114 119 124 139 0
129 137 55 3 15 30 31 44 84 108 120 124 126 179 0
130 125 198 175 20 21 42 52 89 114 149 191 0
131 139 9 49 76 81 92 107 144 163 165 168 174 182 191 192 200 0
132 114 36 41 44 62 65 69 91 97 139 182 0
133 94 14 48 52 96 120 137 171 195 0
134 41 1 21 38 39 48 73 83 92 109 113 155 168 171 172 0
135 30 111 44 165 7 9 34 35 52 53 87 113 126 137 148 152 0
136 151 184 8 15 31 49 53 61 73 92 125 137 140 146 168 173 190 198 0
137 169 129 36 10 40 54 66 112 113 133 135 136 141 199 0
138 32 90 12 18 27 77 78 79 82 123 188 0
139 96 131 18 28 29 42 128 132 140 142 144 167 0
140 142 156 14 16 19 38 41 42 45 64 72 82 91 136 139 150 155 178 183 0
141 126 10 15 24 54 76 83 88 101 103 105 107 122 137 146 168 187 190 199 0
142 71 88 140 159 160 17 58 64 116 124 139 145 148 154 186 195 0
143 6 87 14 23 32 52 65 70 71 94 98 154 168 0
144 158 73 41 65 32 34 77 81 89 91 109 131 139 156 0
145 73 126 23 26 38 142 157 168 197 0
146 95 21 79 88 100 136 141 0
147 122 39 49 34 52 97 109 120 123 191 196 0
148 57 122 8 18 42 53 110 126 135 142 161 0
149 151 158 86 167 113 5 43 54 55 69 75 82 119 130 150 188 193 0
150 192 190 20 29 47 66 91 124 140 149 156 160 185 0
151 96 68 149 192 136 114 21 185 6 13 33 64 69 84 95 167 187 196 0
152 9 5 67 96 124 135 183 0
153 184 105 29 86 87 95 166 185 0
154 96 50 104 177 1 4 43 51 71 77 123 142 143 0
155 68 125 42 70 1 20 22 37 49 63 76 101 134 140 157 167 168 196 0
156 140 102 144 150 162 0
157 25 5 8 37 145 155 168 0
158 149 144 19 116 30 69 110 162 0
159 142 13 15 19 29 50 52 55 107 110 0
160 142 3 8 19 44 58 102 110 114 150 190 0
161 175 71 96 123 148 162 180 0
162 89 20 21 31 38 44 95 114 117 156 158 161 175 179 180 0
163 73 54 64 18 28 39 61 78 115 123 131 190 0
164 73 18 32 71 111 165 186 199 200 0
165 135 109 83 91 180 16 21 26 58 62 71 80 131 164 172 173 0
166 14 10 38 42 70 73 99 125 153 183 185 0
167 149 1 28 64 81 110 139 151 155 0
168 120 34 71 78 81 100 102 131 134 136 141 143 145 155 157 177 186 0
169 194 107 137 25 36 77 83 101 108 116 117 173 178 179 187 189 0
170 28 2 45 49 58 60 92 99 109 0
171 67 3 17 55 126 133 134 173 197 0
172 115 17 61 65 73 106 134 165 177 0
173 30 84 75 112 3 27 41 68 93 136 165 169 171 182 193 0
174 71 23 54 72 80 105 108 131 0
175 130 161 35 48 76 77 85 87 162 0
176 68 5 19 74 105 110 112 177 0
177 154 43 9 19 32 46 88 92 97 104 111 168 172 176 181 193 199 0
178 200 20 33 44 47 66 86 117 140 169 190 0
179 30 118 29 48 72 94 126 129 162 169 0
180 165 63 65 161 162 193 0
181 190 23 11 18 45 66 86 177 184 0
182 68 124 9 30 61 69 70 73 110 131 132 173 188 190 198 0
183 104 77 24 33 42 57 58 59 90 92 140 152 166 188 193 0
184 136 153 47 50 55 81 125 181 0
185 151 30 48 53 83 106 107 125 150 153 166 187 0
186 94 40 66 88 110 142 164 168 0
187 3 13 32 85 99 120 141 151 169 185 0
188 190 26 32 69 73 86 92 114 138 149 182 183 0
189 117 4 6 7 8 28 36 37 78 81 91 96 116 169 0
190 150 59 181 56 188 24 73 75 90 104 136 141 160 163 178 182 197 0
191 96 15 30 51 130 131 147 0
192 151 150 7 14 38 82 103 116 131 195 0
193 116 7 71 92 105 110 149 173 177 180 183 194 195 0
194 96 30 169 66 8 31 51 56 90 102 110 193 195 0
195 44 13 14 47 58 86 108 123 133 142 192 193 194 199 0
196 104 99 100 109 110 147 151 155 0
197 50 3 6 21 32 40 42 62 74 86 91 122 125 145 171 190 0
198 130 14 27 136 182 199 0
199 67 7 68 78 81 99 137 141 164 177 195 198 0
200 51 178 27 20 48 70 121 131 164 0

