200  2295
1 182 3 13 28 34 36 40 42 46 47 51 59 64 66 77 78 80 82 100 128 138 141 148 152 160 184 185 193 0
2 133 7 10 16 35 41 60 74 79 83 103 105 122 127 132 150 152 158 160 176 186 0
3 93 1 5 25 31 36 43 59 74 84 88 91 94 106 118 136 144 148 152 164 174 188 192 194 0
4 61 147 10 38 52 62 65 72 79 102 109 118 129 138 148 151 154 157 162 163 183 186 188 0
5 169 3 9 10 45 51 58 59 67 70 77 88 93 97 101 103 104 108 115 116 118 123 135 160 177 0
6 136 7 10 14 17 26 30 33 46 56 58 74 79 85 87 88 129 144 150 153 179 194 0
7 81 85 2 6 13 29 35 42 45 65 67 75 77 82 96 101 103 125 129 135 177 184 0
8 22 12 50 53 56 80 81 124 129 131 141 146 154 180 186 0
9 120 5 12 26 33 42 50 53 64 86 87 88 89 93 111 115 117 132 140 149 150 157 166 175 189 0
10 95 142 2 4 5 6 11 22 24 31 38 42 60 68 70 85 92 100 102 116 121 134 135 139 150 154 161 170 195 0
11 44 59 149 57 10 26 36 51 64 71 83 89 106 114 115 117 119 122 131 148 162 165 178 198 0
12 141 190 99 8 9 26 53 55 57 64 65 88 92 101 122 123 128 134 168 171 179 191 196 197 0
13 194 135 1 7 15 26 36 40 47 51 73 95 100 106 108 112 117 121 128 130 140 147 148 149 151 164 173 182 185 187 195 0
14 141 6 28 37 41 44 50 60 64 78 84 90 91 95 97 101 103 108 109 135 154 155 159 167 174 176 192 0
15 43 55 136 133 120 13 24 32 47 48 76 81 83 93 109 123 130 163 177 188 189 193 0
16 30 76 2 26 59 62 71 78 86 97 98 101 102 103 112 137 144 146 149 155 156 162 174 0
17 130 6 21 30 31 42 43 48 54 101 112 123 125 169 177 190 195 0
18 50 155 24 52 61 72 81 95 121 145 159 179 180 182 0
19 196 21 25 30 36 37 40 55 56 67 77 107 117 130 142 151 157 170 176 179 185 198 0
20 31 198 110 112 35 51 63 75 81 83 86 91 103 120 133 137 145 146 0
21 43 102 17 19 46 49 61 66 70 78 83 101 104 107 115 116 124 128 133 140 142 149 151 176 180 185 191 192 0
22 177 8 10 24 29 43 88 102 112 132 134 143 160 161 182 192 197 200 0
23 24 27 46 65 67 72 108 112 133 140 154 169 182 195 0
24 123 137 23 101 86 10 15 18 22 31 43 47 64 66 68 69 72 83 85 97 115 124 127 128 129 130 136 141 142 162 191 0
25 110 89 3 19 36 37 41 52 80 103 128 132 134 138 154 183 191 195 196 0
26 45 150 6 9 11 12 13 16 34 35 51 56 57 72 83 84 88 98 101 106 123 132 138 146 149 158 169 184 185 200 0
27 133 23 29 64 72 80 89 95 97 110 139 146 150 154 166 181 190 195 0
28 151 1 14 36 44 54 57 70 72 75 83 84 89 113 131 141 142 152 161 168 180 181 184 188 195 0
29 191 7 22 27 33 46 61 63 69 76 87 89 90 91 92 99 102 106 124 134 142 156 164 167 177 181 194 0
30 124 16 6 17 19 33 35 46 59 62 68 79 83 90 91 94 98 99 108 120 132 137 148 159 175 188 193 0
31 43 20 51 143 3 10 17 24 72 85 87 102 110 114 117 122 155 166 169 170 171 173 180 184 188 0
32 187 15 33 38 47 50 56 66 72 73 105 112 117 140 143 149 154 166 191 192 193 0
33 122 6 9 29 30 32 40 57 67 80 94 124 127 137 139 148 162 163 172 173 176 177 178 184 193 0
34 145 130 1 26 35 41 49 53 76 87 94 97 105 116 150 157 196 199 0
35 156 2 7 20 26 30 34 39 57 61 62 65 69 73 77 78 80 81 86 96 99 114 119 120 135 145 153 155 197 0
36 160 92 83 56 1 3 11 13 19 25 28 46 55 61 73 77 89 91 111 157 161 176 178 193 194 197 0
37 55 75 14 19 25 54 62 91 104 105 108 123 131 132 169 0
38 123 168 191 184 153 77 4 10 32 39 74 82 93 97 103 106 127 140 149 155 157 158 173 180 182 185 0
39 55 50 35 38 48 56 58 60 66 68 69 85 87 88 90 91 94 115 139 158 171 181 183 198 200 0
40 51 95 54 1 13 19 33 47 57 60 62 108 116 120 137 143 150 176 181 0
41 194 2 14 25 34 61 68 71 72 73 81 82 85 98 99 104 114 135 137 141 150 177 0
42 101 1 7 9 10 17 43 47 52 69 71 73 88 91 109 118 125 128 140 147 151 164 177 189 194 198 0
43 15 114 31 21 183 158 3 17 22 24 42 59 81 85 124 129 132 156 170 171 0
44 73 11 14 28 63 81 85 91 94 98 102 109 116 123 124 140 146 156 162 167 176 200 0
45 51 26 5 7 47 54 69 70 71 74 78 83 93 108 110 113 116 121 129 132 141 145 146 151 153 159 172 198 0
46 56 1 6 21 23 29 30 36 53 63 83 86 94 116 140 143 148 149 173 175 179 192 195 0
47 146 1 13 15 24 32 40 42 45 49 68 83 86 89 106 128 131 165 169 190 199 0
48 66 15 17 39 52 70 75 87 91 100 107 115 125 128 135 137 148 155 158 165 185 200 0
49 197 21 34 47 67 71 75 86 99 101 107 110 144 173 199 0
50 39 18 8 9 14 32 91 113 127 135 167 174 190 0
51 31 40 189 45 1 5 11 13 20 26 73 79 81 85 95 98 115 132 150 154 155 0
52 93 90 4 18 25 42 48 55 70 85 88 94 100 128 133 136 152 154 172 178 187 0
53 161 8 9 12 34 46 56 61 79 80 81 91 93 107 110 111 119 146 163 183 0
54 40 17 28 37 45 55 57 61 85 95 108 115 117 120 128 149 168 177 0
55 15 39 93 37 12 19 36 52 54 59 94 112 116 117 124 132 134 145 155 159 165 176 178 190 191 0
56 36 81 46 6 8 19 26 32 39 53 62 63 65 68 76 84 86 92 105 110 120 125 152 172 173 200 0
57 11 192 12 26 28 33 35 40 54 65 70 82 83 98 124 125 142 146 150 151 155 160 163 170 188 189 196 0
58 152 5 6 39 61 66 85 89 90 99 109 137 140 157 162 165 181 0
59 11 1 3 5 16 30 43 55 109 119 120 135 143 145 148 163 168 172 197 0
60 199 186 2 10 14 39 40 77 78 79 83 86 97 116 138 152 177 178 187 190 191 192 193 194 0
61 97 4 18 21 29 35 36 41 53 54 58 62 76 82 83 91 92 101 114 121 126 129 138 140 144 149 157 159 174 188 198 0
62 143 4 16 30 35 37 40 56 61 74 103 110 112 117 124 142 144 150 157 161 162 168 171 181 190 194 0
63 165 20 29 44 46 56 79 91 95 114 119 136 137 152 153 179 181 199 0
64 150 1 9 11 12 14 24 27 85 100 128 131 132 167 182 186 198 200 0
65 81 118 4 7 12 23 35 56 57 68 84 91 99 106 115 119 122 127 135 139 154 163 179 183 0
66 134 200 48 194 132 1 21 24 32 39 58 70 75 98 108 117 121 123 125 133 148 155 157 161 170 175 177 180 183 196 0
67 182 72 5 7 19 23 33 49 85 89 92 122 125 129 131 145 146 158 177 192 197 0
68 94 10 24 30 39 41 47 56 65 74 76 78 102 120 140 146 148 149 151 165 167 168 171 177 196 0
69 136 98 24 29 35 39 42 45 83 88 92 100 103 120 132 138 150 165 169 181 183 185 188 196 0
70 141 5 10 21 28 45 48 52 57 66 75 91 97 100 103 104 107 108 126 148 156 158 182 200 0
71 120 11 16 41 42 45 49 75 80 82 95 97 107 117 147 157 185 190 192 194 0
72 67 4 18 23 24 26 27 28 31 32 41 77 85 88 103 106 107 116 117 143 148 162 163 168 181 198 199 0
73 183 44 13 32 35 36 41 42 51 86 93 106 119 130 141 163 182 187 190 0
74 200 2 3 6 38 45 62 68 86 101 115 119 124 136 140 143 146 162 183 0
75 37 7 20 28 48 49 66 70 71 77 80 87 88 105 120 132 152 167 179 197 0
76 16 15 29 34 56 61 68 80 107 117 118 130 136 151 152 154 162 169 179 199 0
77 38 170 1 5 7 19 35 36 60 72 75 100 112 126 139 154 177 184 0
78 183 1 14 16 21 35 45 60 68 92 95 101 107 118 120 122 133 134 136 140 155 184 0
79 110 2 4 6 30 51 53 60 63 92 94 96 102 108 121 125 132 133 134 138 139 155 160 175 176 0
80 198 139 1 8 25 27 33 35 53 71 75 76 81 85 121 122 125 129 133 134 137 157 170 187 199 0
81 56 7 65 8 15 18 20 35 41 43 44 51 53 80 98 108 112 114 123 134 142 145 146 147 158 165 181 182 185 189 194 0
82 154 1 7 38 41 57 61 71 89 90 95 101 111 113 122 123 132 134 137 141 165 187 190 194 0
83 36 126 2 11 15 20 21 24 26 28 30 45 46 47 57 60 61 69 98 99 130 148 165 175 193 196 0
84 159 181 3 14 26 28 56 65 100 109 110 114 120 125 140 143 183 189 198 0
85 7 6 10 24 31 39 41 43 44 51 52 54 58 64 67 72 80 97 104 137 146 160 161 170 171 192 200 0
86 24 9 16 20 35 46 47 49 56 60 73 74 94 142 157 177 182 183 185 189 196 0
87 187 172 6 9 29 31 34 39 48 75 97 109 111 115 116 129 133 136 138 139 144 151 152 162 166 167 168 180 183 184 0
88 154 3 5 6 9 12 22 26 39 42 52 69 72 75 90 106 121 137 153 171 179 184 189 0
89 25 9 11 27 28 29 36 47 58 67 82 91 110 111 117 123 152 168 183 0
90 52 175 14 29 30 39 58 82 88 94 95 97 99 104 125 129 139 145 155 164 176 190 0
91 120 3 14 20 29 30 36 37 39 42 44 48 50 53 61 63 65 70 89 101 124 129 132 163 164 170 0
92 36 10 12 29 56 61 67 69 78 79 95 137 138 145 153 158 161 164 168 169 174 186 0
93 55 3 156 52 144 121 5 9 15 38 45 53 73 105 107 120 168 185 195 0
94 111 68 3 30 33 34 39 44 46 52 55 79 86 90 97 115 120 127 133 135 150 151 154 155 157 164 172 175 176 178 0
95 40 10 13 14 18 27 51 54 63 71 78 82 90 92 106 110 113 120 122 148 154 158 159 160 185 188 192 0
96 190 7 35 79 100 107 123 126 127 136 150 154 157 170 181 187 189 0
97 123 199 61 5 14 16 24 27 34 38 60 70 71 85 87 90 94 102 109 110 114 129 135 138 140 147 148 156 0
98 69 16 26 30 41 44 51 57 66 81 83 115 143 147 148 150 165 176 177 187 195 197 0
99 12 113 29 30 35 41 49 58 65 83 90 108 128 142 150 163 165 189 196 0
100 120 1 10 13 48 52 64 69 70 77 84 96 134 138 143 145 160 187 199 200 0
101 24 42 105 5 7 12 14 16 17 21 26 49 61 74 78 82 91 102 120 121 123 129 131 135 139 157 158 177 178 0
102 21 4 10 16 22 29 31 44 68 79 97 101 104 112 145 156 158 165 170 0
103 159 2 5 7 14 16 20 25 38 62 69 70 72 112 116 169 184 188 195 200 0
104 134 5 21 37 41 70 85 90 102 111 115 119 129 136 144 149 150 154 159 168 169 171 174 0
105 101 2 32 34 37 56 75 93 107 110 115 122 125 137 142 144 169 171 172 174 175 179 184 185 189 192 194 200 0
106 196 3 11 13 26 29 38 47 65 72 73 88 95 126 135 139 154 155 161 176 180 182 191 199 200 0
107 160 178 157 19 21 48 49 53 70 71 72 76 78 93 96 105 114 126 132 137 153 156 174 176 0
108 137 5 13 14 23 30 37 40 45 54 66 70 79 81 99 117 122 139 143 152 173 178 181 0
109 116 4 14 15 42 44 58 59 84 87 97 134 151 154 157 179 181 183 196 0
110 20 79 25 195 27 31 45 49 53 56 62 84 89 95 97 105 123 131 137 153 158 169 180 198 0
111 114 94 179 9 36 53 82 87 89 104 133 144 154 166 0
112 20 193 13 16 17 22 23 32 55 62 77 81 102 103 114 116 144 151 153 154 155 157 163 0
113 99 28 45 50 82 95 122 123 139 173 176 179 185 198 199 0
114 43 123 111 162 177 164 161 166 11 31 35 41 61 63 81 84 97 107 112 117 118 127 139 143 152 158 169 171 180 189 199 0
115 150 5 9 11 21 24 39 48 51 54 65 74 87 94 98 104 105 119 122 170 180 194 196 199 0
116 123 109 5 10 21 34 40 44 45 46 55 60 72 87 103 112 117 130 139 143 161 168 170 171 175 0
117 146 171 9 11 13 19 31 32 54 55 62 66 71 72 76 89 108 114 116 118 121 161 180 185 194 198 0
118 65 3 4 5 42 76 78 114 117 147 158 159 160 184 187 195 0
119 166 11 35 53 59 63 65 73 74 104 115 121 127 134 136 142 145 150 153 154 159 168 172 175 178 182 185 192 193 195 199 0
120 15 71 9 91 100 20 30 35 40 54 56 59 68 69 75 78 84 93 94 95 101 127 135 141 168 171 172 176 185 189 0
121 93 10 13 18 45 61 66 79 80 88 101 117 119 151 160 162 174 180 181 197 198 0
122 177 33 2 11 12 31 65 67 78 80 82 95 105 108 113 115 139 140 151 161 167 170 171 176 181 184 186 193 195 197 0
123 114 24 38 97 116 5 12 15 17 26 37 44 66 81 82 89 96 101 110 113 141 142 158 159 167 168 176 179 186 187 0
124 133 30 8 21 24 29 33 43 44 55 57 62 74 91 125 126 127 136 142 146 162 186 190 198 0
125 197 7 17 42 48 56 57 66 67 79 80 84 90 105 124 130 139 148 182 191 0
126 83 61 70 77 96 106 107 124 134 145 148 157 158 165 176 178 192 0
127 130 2 24 33 38 50 65 94 96 114 119 120 124 138 146 153 162 165 170 180 187 188 192 199 0
128 173 1 12 13 21 24 25 42 47 48 52 54 64 99 149 161 175 178 179 187 0
129 132 4 6 7 8 24 43 45 61 67 80 87 90 91 97 101 104 136 158 168 169 181 0
130 34 17 127 13 15 19 24 73 76 83 116 125 132 143 169 174 186 190 193 0
131 172 8 11 28 37 47 64 67 101 110 145 149 150 155 182 183 185 190 0
132 66 129 2 9 22 25 26 30 37 43 45 51 55 64 69 75 79 82 91 107 130 151 157 169 174 182 189 191 199 0
133 15 160 124 27 2 20 21 23 52 66 78 79 80 87 94 111 135 142 144 154 156 0
134 162 146 66 104 10 12 22 25 29 55 78 79 80 81 82 100 109 119 126 140 147 155 167 182 187 0
135 13 185 5 7 10 14 35 41 48 50 59 65 94 97 101 106 120 133 151 153 155 156 200 0
136 15 69 6 197 3 24 52 63 74 76 78 87 96 104 119 124 129 142 147 159 174 177 178 183 194 196 0
137 24 145 151 108 174 148 16 20 30 33 40 41 48 58 63 80 82 85 88 92 105 107 110 140 154 162 169 172 175 178 190 197 0
138 197 1 4 25 26 60 61 69 79 87 92 97 100 127 140 145 159 160 165 174 175 180 187 198 0
139 80 154 10 27 33 39 65 77 79 87 90 101 106 108 113 114 116 122 125 141 144 157 165 175 179 191 200 0
140 160 9 13 21 23 32 38 42 44 46 58 61 68 74 78 84 97 122 134 137 138 158 169 172 0
141 187 12 70 14 1 8 24 28 41 45 73 82 120 123 139 151 158 164 185 189 200 0
142 10 19 21 24 28 29 57 62 81 86 99 105 119 123 124 133 136 146 159 164 169 190 191 196 0
143 31 62 22 32 40 46 59 72 74 84 98 100 108 114 116 130 159 164 172 175 180 187 197 0
144 93 3 6 16 49 61 62 87 104 105 111 112 133 139 147 148 168 174 180 184 188 0
145 137 34 18 20 35 45 55 59 67 81 90 92 100 102 119 126 131 138 155 168 0
146 134 47 117 8 16 20 26 27 44 45 53 57 67 68 74 81 85 124 127 142 152 154 157 158 183 187 198 0
147 4 13 42 71 81 97 98 118 134 136 144 157 180 0
148 137 1 3 4 11 13 30 33 46 48 59 66 68 70 72 83 95 97 98 125 126 144 150 160 166 174 180 0
149 11 9 13 16 21 26 32 38 46 54 61 68 104 128 131 158 0
150 26 64 115 2 6 9 10 27 34 40 41 51 57 62 69 94 96 98 99 104 119 131 148 190 0
151 137 28 4 13 19 21 42 45 57 68 76 87 94 109 112 121 122 132 135 141 188 194 0
152 168 58 1 2 3 28 52 56 60 63 75 76 87 89 108 114 146 188 0
153 38 6 35 45 63 88 92 107 110 112 119 127 135 167 174 185 186 0
154 139 188 82 88 4 8 10 14 23 25 27 32 51 52 65 76 77 94 95 96 104 106 109 111 112 119 133 137 146 159 160 165 167 171 174 185 0
155 18 14 16 31 35 38 48 51 55 57 66 78 79 90 94 106 112 131 134 135 145 156 159 160 161 166 172 182 188 193 195 196 0
156 93 35 16 29 43 44 70 97 102 107 133 135 155 157 158 161 191 194 0
157 107 4 9 19 34 36 38 58 61 62 66 71 80 86 94 96 101 109 112 126 132 139 146 147 156 159 164 166 168 177 178 196 0
158 43 2 26 38 39 48 67 70 81 92 95 101 102 110 114 118 123 126 129 140 141 146 149 156 160 165 171 179 181 186 191 0
159 198 182 84 103 173 14 18 30 45 55 61 95 104 118 119 123 136 138 142 143 154 155 157 164 165 188 192 200 0
160 133 36 169 107 140 1 2 5 22 57 79 85 95 100 118 121 138 148 154 155 158 167 171 181 182 191 197 0
161 114 165 53 10 22 28 36 62 66 85 92 106 116 117 122 128 155 156 163 185 190 198 200 0
162 114 134 187 4 11 16 24 33 44 58 62 72 74 76 87 121 124 127 137 163 171 185 0
163 184 4 15 33 53 57 59 65 72 73 91 99 112 161 162 167 177 187 194 195 0
164 114 3 13 29 42 90 91 92 94 141 142 143 157 159 166 175 180 183 187 194 0
165 161 63 11 47 48 55 58 68 69 81 82 83 98 99 102 126 127 138 139 154 158 159 168 174 180 187 188 199 0
166 114 167 119 9 27 31 32 87 111 148 155 157 164 176 197 200 0
167 166 14 29 44 50 64 68 75 87 122 123 134 153 154 160 163 168 175 186 198 0
168 38 152 12 28 54 59 62 68 72 87 89 92 93 104 116 119 120 123 129 144 145 157 165 167 176 180 190 0
169 160 5 17 23 26 31 37 47 69 76 92 103 104 105 110 114 129 130 132 137 140 142 170 177 182 194 0
170 77 180 10 19 31 43 57 66 80 85 91 96 102 115 116 122 127 169 185 187 196 199 0
171 117 12 31 39 43 62 68 85 88 104 105 114 116 120 122 154 158 160 162 173 185 191 0
172 87 131 33 45 52 56 59 94 105 119 120 137 140 143 155 176 199 0
173 159 128 13 31 33 38 46 49 56 108 113 171 187 0
174 137 3 14 16 50 61 92 104 105 107 121 130 132 136 138 144 148 153 154 165 181 200 0
175 90 9 30 46 66 79 83 94 105 116 119 128 137 138 139 143 164 167 190 193 0
176 177 2 14 19 21 33 36 40 44 55 79 90 94 98 106 107 113 120 122 123 126 166 168 172 181 184 0
177 114 122 22 176 5 7 15 17 29 33 41 42 54 60 66 67 68 77 86 98 101 136 157 163 169 181 183 188 193 196 0
178 107 11 33 36 52 55 60 94 101 108 119 126 128 136 137 157 179 197 0
179 111 6 12 18 19 46 63 65 75 76 88 105 109 113 123 128 139 158 178 181 182 187 190 197 0
180 170 8 18 21 28 31 38 66 87 106 110 114 115 117 121 127 138 143 144 147 148 164 165 168 184 199 0
181 84 27 28 29 39 40 58 62 63 69 72 81 96 108 109 121 122 129 158 160 174 176 177 179 190 195 0
182 159 67 1 13 18 22 23 38 64 70 73 81 86 106 119 125 131 132 134 155 160 169 179 183 0
183 43 73 78 4 25 39 53 65 66 69 74 84 86 87 89 109 131 136 146 164 177 182 185 0
184 38 196 163 1 7 26 28 31 33 77 78 87 88 103 105 118 122 144 176 180 187 194 197 200 0
185 135 1 13 19 21 26 38 48 69 71 81 86 93 95 105 113 117 119 120 131 141 153 154 161 162 170 171 183 196 0
186 60 2 4 8 64 92 122 123 124 130 153 158 167 193 0
187 162 87 32 141 13 52 60 73 80 82 96 98 100 118 123 127 128 134 138 143 146 163 164 165 170 173 179 184 188 196 0
188 154 3 4 15 28 30 31 57 61 69 95 103 127 144 151 152 155 159 165 177 187 193 0
189 51 9 15 42 57 81 84 86 88 96 99 105 114 120 132 141 0
190 12 96 17 27 47 50 55 60 62 71 73 82 90 124 130 131 137 142 150 161 168 175 179 181 191 192 0
191 38 29 12 21 24 25 32 55 60 106 125 132 139 142 156 158 160 171 190 0
192 57 3 14 21 22 32 46 60 67 71 85 95 105 119 126 127 159 190 0
193 112 1 15 30 32 33 36 60 83 119 122 130 155 175 177 186 188 200 0
194 66 13 41 3 6 29 36 42 60 62 71 81 82 105 115 117 136 151 156 163 164 169 184 0
195 110 10 13 17 23 25 27 28 46 93 98 103 118 119 122 155 163 181 198 0
196 184 19 106 12 25 34 57 66 68 69 83 86 99 109 115 136 142 155 157 170 177 185 187 200 0
197 136 138 125 49 12 22 35 36 59 67 75 98 121 122 137 143 160 166 178 179 184 198 0
198 20 80 159 11 19 39 42 45 61 64 72 84 110 113 117 121 124 138 146 161 167 195 197 0
199 97 60 34 47 49 63 72 76 80 100 106 113 114 115 119 127 132 165 170 172 180 0
200 66 74 22 26 39 44 48 56 64 70 85 100 103 105 106 135 139 141 159 161 166 174 184 193 196 0

