200  407
1 76 12 75 0
2 56 15 11 194 0
3 60 56 190 0
4 79 11 58 126 0
5 65 81 104 197 36 57 98 106 183 0
6 60 172 13 106 114 0
7 35 26 159 163 0
8 61 167 171 199 0
9 173 30 55 144 0
10 85 64 63 80 107 142 144 0
11 21 2 4 95 188 194 0
12 1 102 124 0
13 186 6 48 0
14 113 108 15 83 107 0
15 2 14 91 0
16 63 178 0
17 74 164 182 146 70 168 195 0
18 171 31 43 0
19 74 106 136 0
20 165 73 121 0
21 102 11 167 172 189 0
22 103 55 0
23 72 79 32 121 0
24 95 39 104 195 199 0
25 164 30 45 0
26 138 188 114 128 7 45 74 148 152 0
27 182 159 155 58 63 162 0
28 67 50 196 0
29 81 149 0
30 94 9 25 44 65 130 0
31 18 0
32 103 134 23 43 49 56 112 0
33 179 107 198 37 84 133 0
34 164 46 0
35 165 7 71 74 0
36 60 5 116 0
37 110 149 171 33 109 0
38 65 122 98 48 0
39 24 54 148 0
40 152 67 85 141 145 0
41 89 42 151 75 0
42 41 112 49 182 0
43 60 189 152 18 32 0
44 59 30 0
45 52 25 26 74 0
46 34 154 0
47 180 115 0
48 113 13 38 75 0
49 82 61 163 139 32 42 77 120 0
50 168 28 0
51 138 59 54 128 0
52 194 156 45 0
53 190 124 78 0
54 154 39 51 0
55 72 9 22 135 0
56 60 2 100 3 32 0
57 82 5 0
58 80 4 27 73 90 151 190 0
59 51 44 145 0
60 162 56 121 65 43 36 6 3 154 173 0
61 49 177 8 73 114 0
62 97 0
63 110 192 200 16 10 27 159 0
64 10 77 196 0
65 60 74 138 5 85 38 30 88 0
66 84 169 167 0
67 74 28 40 0
68 85 111 154 0
69 108 116 78 145 0
70 17 79 0
71 35 138 167 0
72 110 23 186 174 150 55 104 0
73 121 92 20 58 61 139 149 0
74 65 17 19 67 26 35 45 138 160 187 0
75 41 1 48 105 0
76 161 178 1 0
77 134 49 64 89 104 156 0
78 69 90 53 185 0
79 23 4 70 132 147 0
80 85 58 10 186 0
81 5 29 0
82 95 49 86 57 92 0
83 84 14 109 0
84 119 185 66 83 143 140 33 93 0
85 65 68 10 127 80 40 118 0
86 82 96 139 0
87 144 109 136 0
88 107 65 102 167 0
89 110 41 148 77 180 200 0
90 78 58 0
91 121 141 195 15 115 0
92 73 133 82 0
93 176 84 105 136 0
94 164 30 126 165 0
95 119 82 24 11 0
96 86 0
97 185 62 135 100 0
98 38 5 0
99 140 0
100 56 97 158 0
101 154 126 0
102 119 21 12 88 0
103 119 32 22 136 0
104 5 24 72 77 0
105 192 167 194 75 93 0
106 19 158 5 6 116 179 0
107 33 88 193 10 14 0
108 14 69 156 162 199 0
109 179 187 191 37 83 87 0
110 63 119 162 72 89 37 112 151 0
111 199 68 0
112 42 32 110 142 0
113 192 14 48 0
114 26 6 61 115 129 174 0
115 187 47 91 114 155 0
116 69 184 36 106 133 148 0
117 192 181 168 193 0
118 168 85 126 0
119 110 103 84 95 166 102 196 192 0
120 168 126 49 145 158 173 0
121 60 176 73 91 190 20 23 146 157 189 0
122 38 136 171 0
123 142 173 135 162 179 0
124 53 12 0
125 172 0
126 120 4 94 101 118 157 0
127 85 129 146 0
128 26 51 0
129 127 114 0
130 162 30 196 0
131 157 160 145 0
132 161 79 0
133 92 33 116 142 0
134 32 77 0
135 97 55 123 145 157 0
136 162 165 161 19 87 93 103 122 0
137 183 179 0
138 65 179 51 26 71 74 170 183 0
139 49 73 86 0
140 84 99 0
141 91 40 0
142 161 123 175 10 112 133 184 198 0
143 84 167 0
144 165 87 9 10 0
145 69 40 59 120 131 135 0
146 17 121 127 0
147 182 79 0
148 89 26 39 116 0
149 37 29 73 175 196 197 0
150 72 0
151 41 58 110 190 0
152 43 40 26 169 0
153 177 0
154 60 101 54 46 68 161 0
155 27 115 0
156 52 180 77 108 0
157 192 131 121 126 135 174 0
158 106 100 120 0
159 27 7 63 0
160 131 74 0
161 136 142 132 76 154 0
162 110 60 136 130 27 108 123 0
163 49 7 0
164 17 25 34 94 198 0
165 136 144 35 20 94 0
166 119 0
167 105 8 21 66 71 88 143 0
168 189 50 118 120 17 117 0
169 66 152 199 0
170 199 138 0
171 37 18 8 122 200 0
172 6 125 21 0
173 123 9 60 120 192 0
174 72 114 157 0
175 142 149 0
176 121 93 190 0
177 61 153 193 0
178 76 16 0
179 138 33 109 106 123 137 0
180 156 47 89 0
181 117 0
182 17 27 147 42 0
183 184 137 5 138 195 0
184 116 183 142 0
185 84 97 78 0
186 72 199 13 80 0
187 109 115 74 0
188 26 11 0
189 43 168 21 121 0
190 121 53 3 58 151 176 0
191 109 0
192 63 113 117 157 105 119 173 0
193 107 117 177 0
194 105 52 2 11 0
195 91 17 24 183 0
196 119 28 64 130 149 0
197 5 149 0
198 33 142 164 0
199 186 170 111 8 24 108 169 0
200 63 89 171 0

