200  2247
1 7 65 8 14 33 36 50 58 73 82 92 95 101 107 114 118 131 132 136 150 159 178 198 0
2 47 144 14 26 27 34 37 46 93 95 125 129 143 154 168 171 181 187 193 194 196 0
3 104 57 8 11 41 44 53 70 84 85 87 88 108 131 132 138 142 147 149 156 161 167 178 185 0
4 131 16 19 34 40 43 47 51 63 97 108 118 119 136 164 175 179 184 189 193 0
5 42 9 13 23 26 28 38 52 54 55 65 69 94 97 107 121 132 142 147 164 167 168 171 182 187 189 190 197 0
6 10 113 20 26 28 38 50 52 69 79 80 88 94 104 108 109 110 117 119 127 133 145 154 163 166 173 187 0
7 179 1 11 20 25 30 33 39 74 91 126 139 153 163 164 176 177 0
8 152 1 3 16 18 28 30 32 43 44 86 94 98 102 110 122 134 138 139 149 177 182 183 187 196 200 0
9 164 5 26 36 38 41 73 81 83 89 95 112 123 125 148 151 154 158 171 177 180 186 196 198 199 0
10 47 62 25 6 26 28 30 32 39 45 50 52 71 74 82 87 91 101 109 115 137 141 142 143 170 179 182 0
11 155 3 7 13 17 22 42 48 51 59 60 61 62 64 67 75 87 103 104 106 110 125 136 148 150 164 167 183 193 200 0
12 89 164 162 19 27 33 38 45 50 62 67 78 86 88 100 108 109 119 122 125 140 152 154 179 184 187 0
13 21 5 11 33 38 73 74 77 82 83 85 117 135 138 142 147 159 161 164 173 177 180 190 191 197 0
14 125 115 18 1 2 30 40 45 53 65 78 90 101 112 121 135 145 147 158 160 170 182 0
15 61 28 34 47 58 69 80 92 117 131 133 142 146 150 177 179 183 189 0
16 70 49 4 8 30 35 47 78 80 83 103 115 125 129 130 136 144 153 158 162 164 168 177 198 0
17 194 11 20 34 38 48 50 79 89 91 120 122 141 149 172 179 180 185 186 188 0
18 14 58 8 44 47 63 92 96 113 114 124 170 171 181 186 0
19 34 178 186 87 83 45 4 12 28 38 43 49 51 55 61 70 72 75 82 89 97 99 112 114 124 125 191 0
20 107 41 6 7 17 40 60 75 77 83 85 86 89 114 119 153 186 197 198 0
21 198 13 28 35 37 38 46 63 76 79 82 90 104 105 119 127 155 158 188 196 0
22 164 118 11 26 27 30 42 44 49 57 66 78 96 99 107 123 147 157 167 0
23 118 27 5 31 34 35 42 57 64 79 112 125 131 147 166 167 170 195 0
24 158 136 25 27 61 64 70 78 88 103 111 114 115 133 147 161 172 188 191 200 0
25 10 7 24 47 48 51 53 56 89 94 97 119 123 132 140 144 150 175 181 188 192 194 195 197 0
26 53 194 2 5 6 9 10 22 33 55 56 70 78 82 84 85 87 107 121 131 135 137 159 170 174 187 193 0
27 23 2 12 22 24 39 54 55 78 82 86 91 109 110 114 129 155 171 188 0
28 40 5 6 8 10 15 19 21 59 70 82 86 105 122 125 147 153 180 184 186 196 0
29 47 55 75 76 82 96 101 102 139 142 157 173 178 183 193 0
30 98 151 7 8 10 14 16 22 31 32 34 51 55 65 67 77 82 105 110 120 133 136 139 155 157 189 192 196 0
31 48 66 159 200 132 102 23 30 39 45 57 60 70 73 90 118 124 128 152 154 162 173 0
32 153 199 8 10 30 41 42 45 79 96 117 122 125 132 135 141 158 179 182 188 0
33 158 1 7 12 13 26 44 45 62 79 91 96 102 103 110 120 138 141 152 175 177 186 0
34 89 19 99 189 158 2 4 15 17 23 30 40 48 64 81 93 98 100 110 122 127 160 166 172 179 200 0
35 197 16 21 23 39 43 44 58 64 69 72 76 80 89 91 94 103 108 109 111 119 120 123 132 140 146 149 154 164 173 177 184 185 0
36 142 1 9 56 58 69 86 91 95 97 107 108 113 117 126 135 139 151 171 200 0
37 81 40 198 152 170 2 21 58 62 63 65 70 79 80 92 94 95 101 111 115 119 127 134 140 147 155 156 167 174 199 200 0
38 197 5 6 9 12 13 17 19 21 40 48 55 66 98 131 133 137 144 172 189 0
39 75 168 7 10 27 31 35 41 48 65 77 79 92 94 99 100 104 108 120 149 164 170 172 200 0
40 37 125 53 155 150 72 28 4 14 20 34 38 55 57 66 73 77 82 94 97 106 107 108 110 117 118 120 127 137 141 168 170 172 185 197 0
41 20 134 3 9 32 39 42 45 55 65 77 99 112 115 117 120 122 158 166 181 0
42 72 5 11 22 23 32 41 44 68 73 78 79 82 88 89 95 96 97 101 107 113 116 131 136 138 139 150 154 163 165 173 181 183 0
43 169 117 197 131 74 60 4 8 19 35 49 50 58 73 100 105 127 134 147 185 188 189 192 0
44 194 3 8 18 22 33 35 42 45 58 65 71 73 83 89 99 108 110 119 121 125 128 136 148 152 169 176 0
45 19 140 10 12 14 31 32 33 41 44 49 61 75 86 93 95 103 107 109 125 139 146 167 176 177 182 0
46 76 2 21 86 88 97 100 109 121 122 141 159 166 192 0
47 160 165 124 2 10 29 121 4 15 16 18 25 58 63 89 95 103 115 123 132 143 170 173 185 186 190 194 0
48 89 81 31 112 11 17 25 34 38 39 51 54 61 73 79 119 121 126 127 129 137 143 149 174 0
49 16 19 22 43 45 60 67 76 93 102 127 134 135 148 155 161 197 0
50 83 1 6 10 12 17 43 53 56 95 107 108 114 116 126 132 136 142 144 151 167 170 180 181 199 0
51 170 4 11 19 25 30 48 65 66 68 75 78 92 105 108 121 132 147 148 149 162 171 173 182 185 188 190 0
52 65 171 5 6 10 58 67 73 84 112 118 120 122 132 141 168 198 0
53 40 90 26 71 3 14 25 50 70 73 77 95 98 102 116 122 124 127 130 143 147 150 167 170 175 186 0
54 149 185 5 27 48 66 78 90 102 103 106 107 110 118 126 130 133 136 140 171 174 0
55 76 5 19 26 27 29 30 38 40 41 56 83 107 108 112 114 120 143 151 155 165 171 173 177 187 189 200 0
56 170 25 26 36 50 55 66 69 74 76 82 101 106 115 122 172 184 199 200 0
57 3 119 22 23 31 40 77 85 86 97 101 140 145 147 169 178 182 185 194 199 0
58 18 1 15 35 36 37 43 44 47 52 65 72 76 81 98 114 126 130 133 147 166 181 193 0
59 189 184 11 28 60 68 69 76 87 89 93 101 114 115 133 145 159 0
60 43 93 11 20 31 49 59 64 65 74 97 98 106 107 108 110 112 116 121 131 151 156 160 196 199 0
61 66 15 11 19 24 45 48 75 102 105 106 107 113 115 117 132 143 159 187 0
62 10 11 12 33 37 63 71 78 90 116 129 153 161 169 176 187 191 0
63 125 154 96 4 18 21 37 47 62 68 70 72 78 88 90 110 135 137 143 149 183 198 0
64 99 196 11 23 24 34 35 60 74 122 126 128 139 143 175 183 184 192 0
65 1 157 52 182 173 5 14 30 37 39 41 44 51 58 60 81 94 98 109 111 112 116 118 122 125 128 132 145 181 198 0
66 31 61 22 38 40 51 54 56 67 76 77 80 86 94 123 130 142 146 147 158 188 192 197 0
67 82 11 12 30 49 52 66 77 87 111 134 151 160 168 176 177 185 0
68 169 193 42 51 59 63 69 75 76 79 81 99 104 106 111 115 117 121 122 150 164 0
69 108 5 6 15 35 36 56 59 68 83 84 85 90 94 102 109 118 122 130 147 149 150 156 163 171 187 191 0
70 198 161 16 177 3 19 24 26 28 31 37 53 63 71 74 81 84 98 106 127 128 141 146 164 165 168 176 184 0
71 53 10 44 62 70 81 86 90 114 125 173 179 183 189 0
72 40 42 78 19 35 58 63 76 85 87 112 116 118 124 129 133 154 166 187 200 0
73 108 1 9 13 31 40 42 43 44 48 52 53 92 95 101 109 124 125 134 135 142 150 165 166 181 183 188 0
74 43 7 10 13 56 60 64 70 80 88 93 97 119 126 127 136 150 156 178 184 190 191 0
75 187 103 39 11 19 20 29 45 51 61 68 82 84 99 115 116 122 147 178 181 191 196 199 0
76 198 46 55 122 21 29 35 49 56 58 59 66 68 72 97 101 118 133 134 144 151 152 153 168 179 187 188 199 200 0
77 87 137 13 20 30 39 40 41 53 57 66 67 89 123 142 148 149 154 156 161 172 176 186 0
78 72 106 12 14 16 22 24 26 27 42 51 54 62 63 89 104 115 117 124 126 132 149 154 162 166 170 173 177 0
79 121 111 6 17 21 23 32 33 37 39 42 48 68 87 90 92 95 100 120 132 139 144 153 181 190 0
80 81 6 15 16 35 37 66 74 89 98 107 111 113 116 124 129 135 172 173 178 193 0
81 48 37 80 191 9 34 58 65 68 70 71 82 83 92 123 150 153 176 188 194 0
82 91 180 142 67 1 10 13 19 21 26 27 28 29 30 40 42 56 75 81 95 96 99 104 105 108 131 132 137 144 163 181 182 0
83 19 50 9 13 16 20 44 55 69 81 90 99 101 130 0
84 117 3 26 52 69 70 75 85 93 97 105 113 115 116 150 151 156 161 177 183 188 199 0
85 193 3 13 20 26 57 69 72 84 123 126 145 149 159 164 173 183 0
86 170 149 8 12 20 27 28 36 45 46 57 66 71 97 98 99 101 117 120 139 146 162 163 175 176 193 0
87 19 108 77 3 10 11 26 59 67 72 79 98 99 105 107 111 115 127 140 143 147 152 153 163 164 167 174 178 192 0
88 140 3 6 12 24 42 46 63 74 106 112 122 129 198 0
89 34 169 48 12 135 9 17 19 20 25 35 42 44 47 59 77 78 80 91 94 100 102 128 129 139 150 151 152 166 176 178 188 191 199 0
90 53 188 14 21 31 54 62 63 69 71 79 83 96 105 159 163 176 197 200 0
91 175 82 147 7 10 17 27 33 35 36 89 96 105 114 123 139 149 165 167 185 190 0
92 165 1 15 18 37 39 51 73 79 81 101 102 103 106 112 116 134 137 143 149 150 159 160 168 170 0
93 60 2 34 45 49 59 74 84 94 98 117 137 142 143 154 173 190 0
94 188 133 5 6 8 25 35 37 39 40 65 66 69 89 93 107 118 121 126 138 157 158 164 166 172 174 189 0
95 146 1 2 9 36 37 42 45 47 50 53 73 79 82 99 137 153 156 186 194 0
96 63 18 22 29 32 33 42 82 90 91 105 111 112 119 120 122 123 144 167 182 190 0
97 181 4 5 19 25 36 40 42 46 57 60 74 76 84 86 98 107 113 127 129 134 137 149 163 168 184 191 197 199 0
98 178 130 30 100 8 34 38 53 58 60 65 70 80 86 87 93 97 104 105 121 123 134 144 172 192 198 200 0
99 34 64 172 19 22 39 41 44 68 75 82 83 86 87 95 114 118 134 141 143 144 152 155 174 178 180 188 0
100 98 12 34 39 43 46 79 89 106 112 130 133 134 144 145 154 164 168 179 0
101 115 1 10 14 29 37 42 56 57 59 73 76 83 86 92 103 117 120 121 128 132 136 156 161 167 176 182 0
102 31 8 29 33 49 53 54 61 69 89 92 104 105 119 120 123 126 127 136 147 152 156 179 184 0
103 75 109 195 11 16 24 33 35 45 47 54 92 101 108 136 137 158 0
104 110 3 6 11 21 39 68 78 82 98 102 111 117 121 124 127 152 160 166 174 177 188 192 0
105 174 21 28 30 43 51 61 82 84 87 90 91 96 98 102 109 119 121 131 133 152 155 158 168 169 179 186 197 198 0
106 78 11 40 54 56 60 61 68 70 88 92 100 109 115 121 126 140 162 191 192 193 195 0
107 162 127 20 1 5 22 26 36 40 42 45 50 54 55 60 61 80 87 94 97 126 129 131 143 154 155 179 180 195 0
108 87 73 166 69 3 4 6 12 35 36 39 40 44 50 51 55 60 82 103 109 121 133 138 154 155 161 162 177 191 192 195 0
109 103 6 10 12 27 35 45 46 65 69 73 105 106 108 117 118 126 137 138 141 149 154 159 178 188 189 190 197 0
110 162 104 6 8 11 27 30 33 34 40 44 54 60 63 134 140 141 150 153 155 168 175 187 189 197 0
111 79 24 35 37 65 67 68 80 87 96 104 115 135 147 153 154 156 169 179 198 0
112 48 9 14 19 23 41 52 55 60 65 72 88 92 96 100 122 153 161 175 188 0
113 6 18 36 42 61 80 84 97 114 118 125 130 133 152 162 163 171 175 187 190 0
114 182 1 18 19 20 24 27 50 55 58 59 71 91 99 113 142 144 175 0
115 14 101 10 16 24 37 41 47 56 59 61 68 75 78 84 87 106 111 117 123 124 139 145 151 164 190 0
116 161 120 42 50 53 60 62 65 72 75 80 84 92 118 125 127 128 159 163 167 181 200 0
117 43 179 84 6 13 15 32 36 40 41 61 68 78 86 93 101 104 109 115 126 142 153 155 158 171 198 0
118 22 23 1 4 31 40 52 54 65 69 72 76 94 99 109 113 116 148 159 173 175 177 196 0
119 57 4 6 12 20 21 25 35 37 44 48 74 96 102 105 120 131 132 140 144 145 151 163 0
120 116 17 30 33 35 39 40 41 52 55 79 86 96 101 102 119 127 142 170 173 178 188 192 199 0
121 47 79 5 14 26 44 46 48 51 60 68 94 98 101 104 105 106 108 126 140 148 153 157 160 166 169 172 175 187 196 197 0
122 76 8 12 17 28 32 34 41 46 52 53 56 64 65 68 69 75 88 96 112 124 132 139 147 151 154 158 162 166 167 183 189 197 200 0
123 167 9 22 25 35 47 66 77 81 85 91 96 98 102 115 154 183 193 196 0
124 47 18 19 31 53 72 73 78 80 104 115 122 131 150 169 188 189 0
125 40 14 63 2 9 11 12 16 19 23 28 32 44 45 65 71 73 113 116 137 140 187 188 200 0
126 197 183 7 36 48 50 54 58 64 74 78 85 94 102 106 107 109 117 121 135 145 160 172 192 0
127 107 174 6 21 34 37 40 43 48 49 53 70 74 87 97 102 104 116 120 128 133 160 164 169 173 0
128 186 145 31 44 64 65 70 89 101 116 127 136 140 148 155 162 169 184 187 0
129 163 2 16 27 48 62 72 80 88 89 97 107 136 138 155 158 181 187 191 199 0
130 98 16 53 54 58 66 69 83 100 113 138 141 147 161 185 189 197 0
131 43 4 146 1 3 15 23 26 38 42 60 82 105 107 119 124 140 142 147 151 168 173 189 194 0
132 31 1 3 5 25 32 35 47 50 51 52 61 65 78 79 82 101 119 122 135 141 165 173 181 185 190 192 195 199 0
133 94 6 15 24 30 38 54 58 59 72 76 100 105 108 113 127 166 169 181 186 188 195 197 198 0
134 41 8 37 43 49 67 73 76 92 97 98 99 100 110 138 139 145 146 166 177 197 198 0
135 89 13 14 26 32 36 49 63 73 80 111 126 132 148 153 158 165 183 190 0
136 24 1 4 11 16 30 42 44 50 54 74 101 102 103 128 129 140 147 155 162 190 0
137 77 148 10 26 38 40 48 63 82 92 93 95 97 103 109 125 146 149 161 0
138 152 3 8 13 33 42 94 108 109 129 130 134 154 156 176 177 0
139 157 7 8 29 30 36 42 45 64 79 86 89 91 115 122 134 149 154 170 182 197 0
140 45 88 12 25 35 37 54 57 87 106 110 119 121 125 128 131 136 150 152 184 0
141 185 10 17 32 33 40 46 52 70 99 109 110 130 132 158 164 167 182 188 0
142 82 36 3 5 10 13 15 29 50 66 73 77 93 114 117 120 131 165 173 178 196 199 0
143 200 2 10 47 48 53 55 61 63 64 87 92 93 99 107 154 167 0
144 2 16 25 38 50 76 79 82 96 98 99 100 114 119 162 163 179 188 0
145 128 6 14 57 59 65 85 100 115 119 126 134 158 162 163 164 183 188 197 0
146 131 95 15 35 45 66 70 86 134 137 164 166 180 188 189 194 199 0
147 91 3 5 13 14 22 23 24 28 37 43 51 53 57 58 66 69 75 87 102 111 122 130 131 136 150 156 173 177 185 192 193 0
148 137 9 11 44 49 51 77 118 121 128 135 159 174 175 177 187 195 0
149 86 54 3 8 17 35 39 48 51 63 69 77 78 85 91 92 97 109 137 139 158 176 177 0
150 40 153 156 1 11 15 25 42 53 68 69 73 74 81 84 89 92 110 124 140 147 155 161 186 195 199 200 0
151 30 9 36 50 55 60 67 76 84 89 115 119 122 131 154 165 193 200 0
152 37 138 8 12 31 33 44 76 87 89 99 102 104 105 113 140 155 157 166 174 181 0
153 150 32 7 16 20 28 62 76 79 81 87 95 110 111 112 117 121 135 170 182 196 198 0
154 63 2 6 9 12 31 35 42 72 77 78 93 100 107 108 109 111 122 123 138 139 143 151 158 176 188 195 200 0
155 40 11 21 27 30 37 49 55 99 105 107 108 110 117 128 129 136 150 152 172 174 188 189 0
156 150 3 37 60 69 74 77 84 95 101 102 111 138 147 166 173 184 0
157 65 139 22 29 30 94 121 152 163 176 182 187 192 0
158 34 33 24 9 14 16 21 32 41 66 94 103 105 117 122 129 135 141 145 149 154 165 172 197 199 0
159 31 1 13 26 46 59 61 85 90 92 109 116 118 148 163 169 177 182 185 195 0
160 169 47 14 34 60 67 92 104 121 126 127 163 166 182 191 194 0
161 70 116 3 13 24 49 62 77 84 101 108 112 130 137 150 167 169 174 185 187 199 0
162 12 107 110 16 31 51 78 86 106 108 113 122 128 136 144 145 176 177 193 0
163 182 129 6 7 42 69 82 86 87 90 97 113 116 119 144 145 157 159 160 178 185 0
164 12 22 9 4 5 7 11 13 16 35 39 68 70 85 87 94 100 115 127 141 145 146 180 183 186 187 188 189 199 0
165 47 190 92 42 55 70 73 91 132 135 142 151 158 179 188 194 198 0
166 108 6 23 34 41 46 58 72 73 78 89 94 104 121 122 133 134 146 152 156 160 170 180 189 195 196 0
167 179 123 3 5 11 22 23 37 45 50 53 87 91 96 101 116 122 141 143 161 181 182 0
168 39 2 5 16 40 52 67 70 76 92 97 100 105 110 131 172 185 192 0
169 89 43 160 187 68 44 57 62 105 111 121 124 127 128 133 159 161 171 177 190 193 194 199 0
170 37 51 86 56 10 14 18 23 26 39 40 47 50 53 78 92 120 139 153 166 176 195 0
171 52 2 5 9 18 27 36 51 54 55 69 113 117 169 0
172 99 192 17 24 34 38 39 40 56 77 80 94 98 121 126 155 158 168 175 181 187 188 0
173 65 6 13 29 31 35 42 47 51 55 71 78 80 85 93 118 120 127 131 132 142 147 156 179 0
174 127 105 26 37 48 54 87 94 99 104 148 152 155 161 179 187 188 195 196 0
175 186 91 4 25 33 53 64 86 110 112 113 114 118 121 148 172 189 195 199 0
176 181 7 44 45 62 67 70 77 81 86 89 90 101 138 149 154 157 162 170 0
177 70 7 8 9 13 15 16 33 35 45 55 67 78 84 104 108 118 134 138 147 148 149 159 162 169 184 0
178 19 98 1 3 29 57 74 75 80 87 89 99 109 120 142 163 183 192 0
179 117 7 167 4 10 12 15 17 32 34 71 76 100 102 105 107 111 144 165 173 174 188 191 0
180 82 9 13 17 28 50 99 107 146 164 166 189 192 0
181 194 176 97 2 18 25 41 42 50 58 65 73 75 79 82 116 129 132 133 152 167 172 182 0
182 65 163 114 5 8 10 14 32 45 51 57 82 96 101 139 141 153 157 159 160 167 181 184 185 191 0
183 126 8 11 15 29 42 63 64 71 73 84 85 122 123 135 145 164 178 188 0
184 59 4 12 28 35 56 64 70 74 97 102 128 140 156 177 182 194 0
185 54 141 3 17 35 40 43 47 51 57 67 91 130 132 147 159 161 163 168 182 189 194 198 0
186 19 175 128 9 17 18 20 28 33 47 53 77 95 105 133 150 164 188 0
187 169 75 2 5 6 8 12 26 55 61 62 69 72 76 110 113 121 125 128 129 148 157 161 164 172 174 200 0
188 90 94 17 21 24 25 27 32 43 51 66 73 76 81 84 89 99 104 109 112 120 124 125 133 141 144 145 146 154 155 164 165 172 174 179 183 186 0
189 34 59 4 5 15 30 38 43 55 71 94 109 110 122 124 130 131 146 155 164 166 175 180 185 194 0
190 165 5 13 47 51 74 79 91 93 96 109 113 115 132 135 136 169 191 0
191 81 13 19 24 62 69 74 75 89 97 106 108 129 160 179 182 190 193 200 0
192 172 25 30 43 46 64 66 87 98 104 106 108 120 126 132 147 157 168 178 180 198 199 0
193 68 85 2 4 11 26 29 58 80 86 106 123 147 151 162 169 191 198 200 0
194 26 44 181 17 2 25 47 57 81 95 131 146 160 165 169 184 185 189 196 198 0
195 103 23 25 106 107 108 132 133 148 150 154 159 166 170 174 175 198 0
196 64 2 8 9 21 28 30 60 75 118 121 123 142 153 166 174 194 0
197 43 35 126 38 5 13 20 25 40 49 66 90 97 105 109 110 121 122 130 133 134 139 145 158 0
198 37 76 21 70 1 9 16 20 52 63 65 88 98 105 111 117 133 134 153 165 185 192 193 194 195 0
199 32 9 37 50 56 57 60 75 76 84 89 97 120 129 132 142 146 150 158 161 164 169 175 192 0
200 31 143 8 11 24 34 36 37 39 55 56 72 76 90 98 116 122 125 150 151 154 187 191 193 0

