200  1205
1 47 10 158 0
2 119 41 55 107 150 191 199 0
3 157 6 131 91 155 75 185 13 19 41 68 126 153 171 0
4 82 35 7 15 38 44 65 68 97 126 141 147 150 193 0
5 21 200 9 25 39 94 115 129 148 155 161 163 168 181 182 185 188 0
6 3 44 66 78 147 154 0
7 119 4 24 47 53 85 125 134 157 176 192 0
8 135 21 43 104 114 121 128 130 136 180 183 193 0
9 59 17 149 82 78 110 79 102 5 31 61 85 90 94 100 114 118 127 128 135 168 198 0
10 146 135 1 30 34 53 98 122 137 174 185 0
11 128 160 20 95 100 121 135 145 146 153 156 168 186 0
12 108 55 58 65 70 73 74 89 102 110 120 0
13 140 3 65 125 132 147 0
14 133 19 46 77 89 110 113 117 132 143 147 152 157 182 186 0
15 17 4 16 84 89 143 144 165 187 200 0
16 82 15 30 62 114 117 147 150 169 170 173 0
17 9 15 21 34 50 71 126 152 170 176 182 0
18 139 26 45 58 83 91 98 99 100 167 0
19 28 3 14 23 26 54 96 103 116 131 135 144 157 158 192 0
20 177 51 99 11 24 122 145 0
21 131 5 8 17 61 75 83 104 120 136 146 168 0
22 157 81 104 122 138 174 176 179 0
23 68 143 26 19 34 37 38 42 45 111 120 133 0
24 132 7 20 35 42 53 70 91 114 134 140 159 174 184 200 0
25 156 5 52 57 64 76 80 105 107 111 115 123 131 132 169 185 192 0
26 23 18 19 37 54 62 68 71 91 95 101 111 113 117 171 0
27 122 36 39 59 127 156 160 198 0
28 84 92 19 79 109 150 178 0
29 194 31 56 119 138 153 156 165 176 187 188 199 0
30 182 181 10 16 66 67 100 132 148 149 200 0
31 64 76 9 29 43 69 93 116 121 133 182 188 192 0
32 177 88 94 95 105 142 164 183 0
33 181 60 80 102 103 104 107 138 148 149 0
34 84 63 171 10 17 23 37 46 50 67 82 112 124 135 144 0
35 4 101 137 24 50 58 63 66 82 85 126 141 155 177 182 0
36 27 81 124 126 159 0
37 108 53 151 120 46 23 26 34 39 52 83 87 90 95 96 113 125 134 191 0
38 50 141 163 4 23 40 41 42 87 108 164 0
39 155 5 27 37 42 46 49 88 100 127 146 167 174 176 189 0
40 100 38 44 73 77 96 159 160 0
41 50 136 2 3 38 85 129 157 161 200 0
42 189 23 24 38 39 46 50 66 68 74 118 162 164 192 0
43 170 8 31 92 129 137 148 161 184 191 0
44 6 4 40 51 59 68 91 131 135 147 149 173 182 192 200 0
45 74 18 23 60 67 100 119 126 177 197 0
46 37 14 34 39 42 77 82 84 101 108 154 174 178 186 190 199 0
47 57 1 7 53 101 111 125 138 145 162 190 0
48 151 80 111 91 115 149 162 168 170 196 0
49 179 64 39 71 75 76 77 91 122 161 185 195 0
50 63 38 41 17 34 35 42 85 95 98 110 119 140 149 154 156 0
51 20 142 44 65 74 115 118 143 151 158 177 181 186 194 0
52 82 25 37 97 105 107 132 174 0
53 37 81 7 10 24 47 94 127 146 154 179 0
54 157 19 26 62 80 150 190 0
55 74 2 12 65 73 97 106 141 149 154 165 168 187 0
56 132 147 29 62 79 81 84 88 100 121 146 0
57 182 47 25 66 74 92 98 150 0
58 82 12 18 35 100 108 126 152 163 171 184 189 193 0
59 84 139 9 148 118 27 44 65 79 85 101 108 113 114 116 143 181 0
60 159 33 45 87 117 135 139 147 148 194 0
61 136 9 21 77 124 142 147 154 171 0
62 113 16 26 54 56 64 75 90 96 111 129 159 163 182 0
63 34 50 35 91 105 147 178 0
64 49 31 25 62 72 87 93 126 153 0
65 194 98 4 12 13 51 55 59 67 81 88 101 105 106 129 155 179 0
66 128 6 30 35 42 57 107 149 176 178 194 196 0
67 186 30 34 45 65 68 94 124 133 144 151 173 174 0
68 167 140 23 3 4 26 42 44 67 79 100 106 107 109 111 114 118 126 128 138 158 168 173 0
69 168 31 88 94 99 103 108 109 117 192 196 0
70 168 12 24 71 82 88 92 137 174 191 198 0
71 147 17 26 49 70 145 148 160 187 198 0
72 180 64 83 136 154 0
73 189 12 40 55 94 121 124 139 149 151 0
74 110 45 55 12 42 51 57 80 96 108 116 122 133 147 154 156 166 168 171 173 0
75 3 21 49 62 81 117 121 143 150 156 191 0
76 31 25 49 84 91 92 99 110 119 127 130 141 178 181 184 0
77 140 158 14 40 46 49 61 104 122 183 192 196 0
78 9 6 103 119 139 152 182 191 0
79 9 28 56 59 68 82 97 102 127 135 142 145 149 166 170 173 183 185 192 198 199 0
80 48 25 33 54 74 83 90 94 121 123 154 177 193 0
81 53 22 36 56 65 75 98 108 110 175 0
82 9 4 58 16 52 34 35 46 70 79 95 96 174 181 0
83 164 18 21 37 72 80 93 137 196 0
84 157 177 59 34 132 28 15 46 56 76 112 123 136 147 172 181 0
85 147 7 9 35 41 50 59 126 130 151 162 169 0
86 167 108 113 118 130 141 0
87 96 37 38 60 64 90 98 115 126 131 137 158 164 0
88 131 32 39 56 65 69 70 102 109 169 179 198 0
89 188 12 14 15 119 124 132 143 149 151 167 182 198 0
90 124 9 37 62 80 87 93 97 132 171 195 0
91 3 18 24 26 44 48 49 63 76 93 120 145 161 0
92 28 43 57 70 76 113 143 150 162 165 174 196 0
93 186 31 64 83 90 91 97 100 105 141 145 181 0
94 110 5 9 32 53 67 69 73 80 142 185 188 0
95 151 11 26 32 37 50 82 118 126 196 198 0
96 139 87 180 191 19 37 40 62 74 82 100 137 150 158 174 0
97 138 117 4 52 55 79 90 93 145 161 164 186 0
98 65 10 18 50 57 81 87 108 151 177 182 0
99 20 18 69 76 102 110 125 143 147 0
100 146 40 9 11 18 30 39 45 56 58 68 93 96 107 113 133 167 195 0
101 35 26 46 47 59 65 104 117 140 195 0
102 9 129 12 33 79 88 99 146 147 165 170 173 0
103 146 19 33 69 78 131 141 147 179 0
104 177 8 21 22 33 77 101 119 155 181 0
105 151 25 32 52 63 65 93 127 139 169 172 192 0
106 140 55 65 68 128 150 171 196 0
107 122 2 25 33 52 66 68 100 114 126 161 189 0
108 146 116 37 156 12 38 46 58 59 69 74 81 86 98 109 126 134 171 180 200 0
109 132 199 28 68 69 88 108 129 154 161 164 172 0
110 9 74 94 12 14 50 76 81 99 117 135 0
111 48 23 25 26 47 62 68 129 182 196 0
112 184 34 84 150 174 183 0
113 154 152 62 14 26 37 59 86 92 100 114 130 172 0
114 177 190 8 9 16 24 59 68 107 113 123 130 162 163 180 0
115 153 5 25 48 51 87 127 133 195 0
116 108 167 19 31 59 74 118 141 148 0
117 97 14 16 26 60 69 75 101 110 140 172 187 196 0
118 59 9 42 51 68 86 95 116 122 148 162 199 0
119 197 2 7 29 45 50 76 78 89 104 126 155 158 199 0
120 37 12 21 23 91 127 132 173 190 200 0
121 146 169 150 8 11 31 56 73 75 80 125 137 145 156 0
122 169 27 107 10 20 22 49 74 77 118 137 139 155 164 0
123 133 193 25 80 84 114 145 169 198 0
124 144 90 34 36 61 67 73 89 125 126 132 133 171 0
125 198 7 13 37 47 99 121 124 135 140 148 164 185 197 0
126 188 3 4 17 35 36 45 58 64 68 85 87 95 107 108 119 124 135 157 159 0
127 166 9 27 39 53 76 79 105 115 120 148 0
128 144 11 66 8 9 68 106 137 0
129 102 5 41 43 62 65 109 111 134 170 191 0
130 177 187 195 8 76 85 86 113 114 139 169 172 182 184 0
131 3 21 88 19 25 44 87 103 179 183 194 195 0
132 84 56 109 24 179 13 14 25 30 52 89 90 120 124 189 0
133 156 123 14 23 31 67 74 100 115 124 140 180 181 0
134 156 7 24 37 108 129 172 185 0
135 10 8 9 11 19 34 44 60 79 110 125 126 146 148 151 158 159 173 186 0
136 41 61 8 21 72 84 147 150 192 0
137 35 192 10 43 70 83 87 96 121 122 128 151 172 196 198 199 0
138 140 97 22 29 33 47 68 154 174 182 0
139 59 96 164 159 18 60 73 78 105 122 130 143 154 172 189 0
140 68 138 13 77 106 24 50 101 117 125 133 146 148 188 0
141 38 4 35 55 76 86 93 103 116 164 180 0
142 51 32 61 79 94 144 162 172 180 0
143 23 176 14 15 51 59 75 89 92 99 139 149 167 194 195 0
144 177 128 124 15 19 34 67 142 153 159 175 199 0
145 183 11 20 47 71 79 91 93 97 121 123 149 159 171 188 196 0
146 177 108 121 100 10 153 194 103 11 21 39 53 56 102 135 140 148 152 165 195 0
147 56 85 71 4 6 13 14 16 44 60 61 63 74 84 99 102 103 136 0
148 59 5 30 33 43 60 71 116 118 125 127 135 140 146 180 184 192 0
149 9 183 30 33 44 48 50 55 66 73 79 89 143 145 161 164 170 193 0
150 121 2 4 16 28 54 57 75 92 96 106 112 136 173 178 185 186 0
151 37 198 48 105 95 51 67 73 85 89 98 135 137 172 180 185 186 0
152 113 14 17 58 78 146 167 181 191 0
153 146 115 175 196 3 11 29 64 144 166 176 0
154 157 113 186 6 46 50 53 55 61 72 74 80 109 138 139 179 185 195 0
155 3 39 5 35 65 104 119 122 157 163 183 185 0
156 108 133 182 134 25 11 27 29 50 74 75 121 0
157 84 184 54 3 22 154 161 7 14 19 41 126 155 168 183 186 193 0
158 77 1 19 51 68 87 96 119 135 173 0
159 139 168 166 60 24 36 40 62 126 135 144 145 177 195 0
160 11 27 40 71 0
161 157 5 41 43 49 91 97 107 109 149 0
162 184 42 47 48 85 92 114 118 142 175 195 0
163 38 5 58 62 114 155 164 168 0
164 139 83 32 38 42 87 97 109 122 125 141 149 163 182 189 0
165 189 15 29 55 92 102 146 166 0
166 159 127 74 79 153 165 0
167 116 68 197 86 18 39 89 100 143 152 0
168 159 70 69 5 9 11 21 48 55 68 74 157 163 185 186 0
169 121 122 16 25 85 88 105 123 130 183 189 196 0
170 191 43 16 17 48 79 102 129 149 178 197 0
171 34 3 26 58 61 74 90 106 108 124 145 197 0
172 198 84 105 109 113 117 130 134 137 139 142 151 175 0
173 181 16 44 67 68 74 79 102 120 135 150 158 0
174 181 10 22 24 39 46 52 67 70 82 92 96 112 138 178 197 0
175 153 81 144 162 172 186 0
176 143 7 17 22 29 39 66 153 188 0
177 84 146 178 144 104 20 130 114 32 35 45 51 80 98 159 184 0
178 177 28 46 63 66 76 150 170 174 188 0
179 132 49 22 53 65 88 103 131 154 182 0
180 96 72 8 108 114 133 141 142 148 151 183 197 0
181 30 174 33 173 5 51 59 76 82 84 93 104 133 152 0
182 156 30 57 5 14 17 31 35 44 62 78 89 98 111 130 138 164 179 186 188 191 192 0
183 149 145 8 32 77 79 112 131 155 157 169 180 198 0
184 157 112 162 24 43 58 76 130 148 177 0
185 3 5 10 25 49 79 94 125 134 150 151 154 155 168 196 0
186 154 67 188 93 11 14 46 51 97 135 150 151 157 168 175 182 0
187 130 15 29 55 71 117 0
188 186 126 89 5 29 31 94 140 145 176 178 182 0
189 194 165 73 42 39 58 107 132 139 164 169 0
190 114 46 47 54 120 0
191 96 170 2 37 43 70 75 78 129 152 182 199 0
192 137 7 19 25 31 42 44 69 77 79 105 136 148 182 0
193 123 4 8 58 80 149 157 0
194 146 189 65 29 51 60 66 131 143 0
195 130 49 90 100 101 115 131 143 146 154 159 162 0
196 153 48 66 69 77 83 92 95 106 111 117 137 145 169 185 0
197 167 119 45 125 170 171 174 180 0
198 151 172 125 9 27 70 71 79 88 89 95 123 137 183 199 0
199 109 2 29 46 79 118 119 137 144 191 198 0
200 5 15 24 30 41 44 108 120 0

