200  396
1 168 24 113 52 40 190 193 0
2 169 96 13 128 0
3 125 162 194 0
4 29 19 184 0
5 189 117 166 174 0
6 119 33 95 154 197 0
7 140 135 189 0
8 65 74 35 138 0
9 20 89 60 153 184 42 147 0
10 86 67 42 95 0
11 127 36 74 0
12 108 30 0
13 49 2 0
14 125 51 27 89 0
15 55 147 183 191 0
16 45 77 97 171 197 0
17 20 193 111 172 189 61 80 129 196 198 0
18 158 143 0
19 144 4 84 0
20 159 9 78 17 141 29 93 185 196 60 122 0
21 90 144 191 0
22 124 0
23 86 82 131 0
24 1 94 186 0
25 108 163 32 0
26 114 37 87 98 172 0
27 144 14 120 148 166 199 0
28 49 173 53 138 0
29 20 4 0
30 122 12 0
31 144 0
32 156 25 62 66 91 0
33 49 43 69 6 91 99 0
34 101 68 88 96 0
35 144 8 79 0
36 127 42 11 111 0
37 159 26 0
38 86 62 129 146 174 0
39 40 129 139 200 0
40 105 39 1 111 0
41 162 66 0
42 36 100 9 10 0
43 33 55 50 79 82 166 0
44 56 0
45 146 150 152 104 16 49 59 172 0
46 58 127 0
47 180 112 175 88 144 0
48 56 53 0
49 159 33 166 28 13 45 153 198 0
50 43 161 190 0
51 14 88 154 0
52 1 65 0
53 28 48 69 0
54 150 148 0
55 43 194 190 15 157 67 131 0
56 111 122 48 44 157 0
57 73 81 0
58 77 46 121 111 0
59 132 45 79 0
60 9 20 131 0
61 17 85 197 65 79 0
62 38 32 162 0
63 186 77 124 176 0
64 152 95 179 147 173 0
65 124 8 52 61 161 0
66 41 158 73 94 32 88 178 0
67 10 126 55 0
68 100 34 183 0
69 33 129 88 98 53 0
70 108 170 0
71 194 135 176 0
72 133 105 123 165 0
73 66 57 80 104 178 0
74 8 11 118 171 0
75 99 101 0
76 161 160 0
77 78 58 145 116 16 63 155 0
78 20 101 77 110 161 0
79 180 123 35 43 59 61 99 155 0
80 17 73 103 177 0
81 84 57 175 0
82 23 174 103 43 0
83 166 95 0
84 146 86 81 19 110 0
85 61 98 0
86 84 125 130 10 23 38 132 0
87 141 26 0
88 69 34 47 51 66 154 0
89 9 178 14 90 123 0
90 114 21 89 95 0
91 169 32 33 174 0
92 162 136 185 0
93 20 134 128 0
94 66 24 172 0
95 64 6 10 83 90 137 0
96 2 34 0
97 162 16 0
98 69 26 85 103 109 173 0
99 159 169 181 75 33 79 101 0
100 42 68 138 0
101 78 34 75 99 149 0
102 144 151 165 0
103 82 80 98 0
104 45 73 173 0
105 72 40 0
106 198 162 0
107 148 194 0
108 162 70 25 12 0
109 194 98 192 0
110 167 78 84 0
111 17 56 119 36 40 58 180 0
112 47 134 136 137 156 158 0
113 1 134 142 146 165 0
114 198 26 177 90 185 0
115 187 183 0
116 77 163 0
117 146 5 183 0
118 167 74 0
119 111 6 0
120 133 138 137 188 27 162 175 0
121 58 0
122 56 30 20 0
123 79 72 89 146 188 193 196 0
124 162 198 65 22 195 63 157 169 0
125 86 3 14 0
126 67 188 0
127 138 36 11 46 0
128 93 143 2 187 0
129 69 131 17 38 39 157 0
130 86 160 162 0
131 129 23 55 60 137 155 0
132 86 59 159 0
133 162 120 72 154 0
134 93 187 112 113 136 0
135 71 7 0
136 92 112 134 182 0
137 120 168 95 112 131 140 142 167 0
138 120 127 8 28 100 0
139 175 39 0
140 166 7 137 168 0
141 20 182 171 87 0
142 148 113 137 0
143 128 191 18 0
144 188 35 102 31 19 27 21 47 170 0
145 77 0
146 166 45 84 117 38 113 123 148 0
147 15 9 64 179 0
148 54 107 142 27 146 0
149 192 101 0
150 45 186 54 0
151 102 0
152 45 64 165 0
153 9 156 49 0
154 189 6 51 88 133 0
155 177 77 79 131 167 0
156 153 32 112 0
157 55 56 124 129 0
158 66 18 112 159 0
159 99 49 20 162 180 37 132 158 197 0
160 130 76 0
161 50 76 65 78 177 0
162 159 124 133 41 92 108 199 97 3 62 106 120 130 0
163 25 116 0
164 194 192 0
165 102 72 113 152 178 0
166 49 146 83 140 5 27 43 0
167 184 110 118 137 155 0
168 137 1 140 0
169 99 91 2 124 0
170 194 70 144 0
171 141 16 74 0
172 17 200 26 45 94 0
173 28 64 98 104 179 0
174 82 5 38 91 0
175 47 139 81 120 0
176 71 63 177 0
177 114 155 80 161 176 0
178 89 66 73 165 0
179 64 147 173 0
180 159 47 79 111 0
181 99 0
182 141 136 186 0
183 115 15 68 117 0
184 9 167 4 0
185 20 92 114 0
186 150 63 24 182 0
187 134 115 128 0
188 120 144 123 126 0
189 17 154 5 7 0
190 55 1 50 0
191 143 15 21 0
192 164 149 109 0
193 17 1 123 194 0
194 55 164 71 170 109 3 107 193 0
195 124 0
196 20 17 123 0
197 61 6 16 159 0
198 124 114 106 17 49 0
199 162 27 0
200 172 39 0

