200  394
1 2 110 72 0
2 159 13 117 52 1 21 109 134 0
3 135 191 0
4 64 93 173 0
5 49 27 67 119 0
6 94 45 47 102 0
7 22 36 166 0
8 194 77 108 129 190 0
9 149 158 11 178 180 198 0
10 88 79 164 0
11 9 60 0
12 98 51 86 0
13 2 155 113 25 0
14 118 159 186 0
15 154 166 0
16 198 86 51 119 140 143 0
17 69 31 112 116 128 150 0
18 186 43 88 0
19 158 0
20 197 170 0
21 127 27 2 165 0
22 80 7 25 175 0
23 70 141 169 0
24 160 126 164 146 26 0
25 13 22 164 175 0
26 164 24 80 115 0
27 21 5 33 0
28 197 69 171 160 48 177 153 44 132 199 0
29 197 75 168 99 115 0
30 53 196 70 130 179 187 0
31 17 66 155 181 0
32 67 198 186 137 59 103 0
33 137 27 165 0
34 53 36 0
35 185 46 197 0
36 140 7 34 96 102 184 0
37 190 193 65 40 60 102 137 182 0
38 197 44 77 132 139 198 0
39 149 42 85 0
40 67 42 37 197 0
41 71 82 120 125 134 0
42 40 39 169 0
43 100 18 174 189 194 0
44 38 49 99 28 158 0
45 6 47 84 96 150 0
46 35 56 131 0
47 48 175 83 95 60 131 180 6 45 0
48 28 47 187 0
49 44 122 5 0
50 142 61 78 0
51 73 12 16 0
52 2 71 103 153 0
53 175 34 30 55 142 0
54 186 88 91 0
55 126 162 53 129 159 0
56 124 111 76 46 170 0
57 121 0
58 108 145 0
59 178 32 194 0
60 47 11 37 82 0
61 73 50 94 0
62 136 187 0
63 200 97 199 0
64 149 68 4 78 141 0
65 37 156 78 160 0
66 149 31 0
67 74 149 40 120 32 118 5 0
68 64 105 116 0
69 28 184 17 169 0
70 160 157 23 30 0
71 184 41 52 89 138 0
72 144 1 136 0
73 149 61 51 91 135 166 0
74 197 67 142 154 182 85 198 0
75 29 104 147 99 0
76 56 93 0
77 38 200 8 0
78 65 50 64 169 0
79 149 140 114 10 172 0
80 191 167 87 22 26 90 159 168 0
81 109 91 94 197 0
82 190 41 60 108 0
83 47 178 0
84 169 45 177 0
85 176 39 74 0
86 16 12 89 0
87 80 0
88 54 166 10 18 96 177 0
89 171 109 189 71 86 0
90 118 80 146 175 0
91 54 188 73 81 155 177 0
92 175 112 168 0
93 76 4 149 0
94 154 127 6 96 61 81 124 125 161 162 0
95 47 0
96 94 36 45 88 99 115 181 0
97 63 0
98 160 12 143 0
99 44 29 75 96 0
100 136 43 146 184 0
101 134 107 0
102 125 6 36 37 0
103 183 32 52 0
104 75 121 128 122 0
105 160 174 68 0
106 184 149 0
107 127 181 101 0
108 191 58 8 82 172 0
109 89 176 134 81 2 0
110 1 184 187 0
111 56 150 154 0
112 17 92 0
113 13 155 0
114 79 0
115 169 26 29 96 0
116 120 17 68 129 161 191 0
117 2 195 0
118 67 119 14 90 186 0
119 118 136 5 16 0
120 67 116 159 41 0
121 104 57 0
122 49 104 0
123 159 0
124 172 56 94 0
125 136 102 41 94 132 174 0
126 24 55 151 176 0
127 94 21 107 131 0
128 104 17 0
129 141 8 55 116 0
130 162 30 167 0
131 47 148 163 46 127 197 0
132 38 135 28 125 0
133 198 0
134 109 101 2 41 0
135 132 3 73 148 0
136 119 100 62 125 72 0
137 32 33 37 164 0
138 159 71 0
139 166 38 163 189 0
140 79 178 36 16 0
141 23 129 64 0
142 74 50 53 0
143 187 16 98 146 0
144 161 192 72 153 0
145 174 58 0
146 24 90 100 143 0
147 75 157 0
148 131 135 181 0
149 67 161 79 64 9 73 66 39 93 106 154 0
150 111 17 45 154 179 0
151 157 126 0
152 178 0
153 28 52 144 156 0
154 74 94 15 111 149 150 157 183 0
155 13 31 91 113 0
156 65 153 0
157 70 151 147 154 0
158 9 19 44 200 0
159 120 2 138 123 14 55 80 0
160 28 98 70 194 24 105 65 0
161 149 144 190 94 116 0
162 55 130 94 0
163 131 139 195 0
164 24 185 26 10 25 137 0
165 198 21 33 0
166 88 139 7 15 73 0
167 80 130 0
168 29 80 92 0
169 69 84 115 23 42 78 0
170 171 20 56 0
171 28 89 170 0
172 184 124 191 79 108 186 198 0
173 197 4 200 0
174 105 145 43 125 0
175 47 53 92 22 25 90 0
176 109 179 85 126 0
177 28 84 88 91 0
178 140 152 59 9 83 0
179 176 30 150 189 199 0
180 47 9 0
181 107 31 96 148 0
182 74 37 0
183 190 103 154 0
184 69 106 172 71 36 100 110 0
185 164 35 0
186 32 54 18 14 118 172 0
187 62 143 30 48 110 0
188 91 0
189 89 43 139 179 198 0
190 161 37 183 82 8 0
191 172 80 108 3 116 0
192 144 0
193 37 0
194 160 8 43 59 0
195 117 163 0
196 30 0
197 28 74 20 38 29 173 35 40 81 131 0
198 32 16 165 133 9 38 74 172 189 0
199 63 28 179 0
200 77 63 158 173 0

