200  300
1 66 92 0
2 195 106 176 8 184 0
3 32 0
4 154 86 56 30 0
5 33 0
6 14 156 53 0
7 124 58 64 93 0
8 2 125 51 106 142 0
9 22 50 199 0
10 198 175 0
11 61 130 0
12 187 34 0
13 85 126 145 103 0
14 165 6 179 159 108 112 0
15 161 116 158 57 190 0
16 159 20 81 0
17 186 145 153 0
18 59 140 73 91 0
19 174 25 179 0
20 16 116 196 0
21 150 138 144 0
22 37 9 107 157 0
23 57 80 0
24 186 0
25 19 111 0
26 35 148 0
27 164 88 0
28 127 68 163 116 0
29 67 66 0
30 185 4 0
31 160 176 0
32 105 3 41 0
33 182 151 198 99 5 0
34 72 12 52 0
35 139 167 26 185 0
36 59 94 47 113 91 0
37 59 189 22 45 0
38 146 78 133 0
39 80 0
40 170 55 190 0
41 77 157 131 197 32 74 138 0
42 90 89 149 0
43 190 117 0
44 140 167 174 0
45 56 177 37 0
46 165 0
47 36 0
48 165 0
49 154 0
50 9 80 155 171 101 150 0
51 57 96 194 8 78 121 0
52 86 34 132 0
53 59 76 129 6 134 0
54 87 71 138 0
55 86 40 0
56 4 45 0
57 168 51 175 74 62 79 23 15 113 0
58 94 7 0
59 174 130 114 120 142 18 133 37 36 147 53 61 0
60 139 84 0
61 189 11 59 0
62 57 87 93 0
63 175 195 0
64 138 7 136 0
65 139 0
66 85 1 90 160 29 168 0
67 129 29 0
68 28 0
69 146 117 0
70 122 85 173 0
71 139 54 0
72 136 34 161 0
73 155 18 0
74 57 102 41 0
75 109 172 135 140 0
76 53 136 0
77 165 108 105 41 86 139 168 0
78 38 51 0
79 57 186 91 0
80 50 39 23 0
81 16 0
82 154 0
83 161 0
84 89 124 60 0
85 70 66 136 13 0
86 4 52 55 77 171 0
87 180 54 62 125 0
88 136 27 0
89 179 84 42 123 0
90 66 138 42 0
91 36 18 79 0
92 156 128 1 0
93 141 7 62 183 0
94 36 58 0
95 129 0
96 51 0
97 127 196 0
98 118 0
99 33 153 0
100 130 179 0
101 119 180 166 50 0
102 74 140 0
103 130 13 158 0
104 200 194 0
105 77 32 110 0
106 2 8 0
107 22 0
108 77 14 0
109 165 75 166 0
110 105 132 0
111 25 0
112 162 14 0
113 36 57 0
114 59 122 0
115 172 0
116 15 20 28 156 0
117 179 123 199 43 69 0
118 142 98 0
119 189 101 150 192 0
120 59 170 0
121 169 51 162 0
122 114 70 0
123 117 89 155 0
124 84 7 0
125 8 193 87 0
126 13 136 0
127 187 28 97 173 0
128 92 175 0
129 53 67 95 0
130 59 168 161 100 103 11 0
131 41 0
132 110 52 0
133 59 181 38 173 0
134 189 53 153 0
135 75 174 0
136 85 72 88 64 76 126 172 0
137 157 0
138 90 64 21 41 54 0
139 161 35 182 71 65 60 77 0
140 18 44 75 102 0
141 187 93 152 0
142 59 118 146 8 0
143 189 166 0
144 181 21 157 0
145 13 17 0
146 142 38 69 0
147 59 149 0
148 26 169 0
149 147 42 170 0
150 119 21 50 0
151 33 0
152 159 141 0
153 161 17 99 134 166 0
154 165 4 49 82 0
155 50 73 123 0
156 6 92 116 0
157 41 137 22 144 181 0
158 15 103 0
159 14 16 152 0
160 66 31 0
161 130 153 139 15 83 72 177 0
162 174 188 112 121 0
163 28 0
164 165 27 0
165 174 195 154 14 77 187 109 164 46 191 48 0
166 101 109 143 153 0
167 35 190 44 0
168 130 57 66 77 0
169 148 121 0
170 120 40 149 0
171 50 86 0
172 75 183 115 136 0
173 127 70 133 0
174 59 19 165 162 44 135 176 0
175 57 63 178 10 128 181 0
176 2 31 174 0
177 45 161 0
178 175 0
179 14 117 89 19 100 0
180 101 87 0
181 133 144 157 175 0
182 139 33 0
183 172 200 93 0
184 2 0
185 35 30 0
186 79 17 24 0
187 165 127 12 141 0
188 162 0
189 37 119 61 143 134 0
190 167 43 15 40 0
191 165 0
192 119 0
193 125 194 198 0
194 51 104 193 0
195 165 2 63 0
196 97 20 0
197 41 0
198 33 10 193 0
199 117 9 0
200 183 104 0

