200  2169
1 108 5 7 28 42 56 58 69 77 106 111 143 158 162 171 173 179 184 0
2 177 8 17 21 51 55 74 80 86 87 88 91 115 117 120 127 140 146 149 0
3 179 83 19 22 27 37 48 54 55 58 62 77 85 90 102 114 124 126 133 154 187 0
4 196 87 190 99 12 33 37 56 65 71 76 81 89 136 142 148 154 191 194 0
5 6 194 1 11 12 14 22 38 45 57 61 75 83 128 145 176 198 0
6 162 146 5 12 24 41 54 66 70 75 88 90 108 133 156 177 185 187 188 193 0
7 43 1 48 59 63 77 81 103 115 129 130 131 132 133 134 179 187 199 0
8 2 68 14 22 54 86 118 129 130 135 146 147 153 161 166 167 189 194 0
9 140 12 25 28 43 83 86 88 97 114 117 132 139 161 170 171 174 186 190 193 0
10 138 11 18 29 38 39 49 52 65 79 88 106 107 115 126 132 151 152 164 178 180 0
11 143 5 10 21 35 36 56 67 90 95 99 107 129 140 157 163 183 0
12 103 4 5 6 9 36 38 41 45 50 73 84 87 92 128 138 153 180 184 192 194 0
13 102 86 21 14 28 29 35 38 41 56 59 68 73 76 79 87 91 97 104 109 122 150 174 192 0
14 25 5 8 13 63 64 66 85 89 140 151 160 172 181 196 198 0
15 199 29 58 59 68 82 102 111 115 121 127 133 143 146 158 165 174 178 179 187 190 0
16 119 19 22 30 36 54 71 73 90 106 109 135 163 166 170 179 187 0
17 124 2 30 47 49 58 106 107 126 138 140 166 178 181 182 188 0
18 119 10 22 26 45 56 59 62 64 85 91 104 107 128 134 135 151 188 199 0
19 154 112 3 16 26 45 52 68 74 87 88 100 114 116 119 126 151 165 179 182 186 196 0
20 92 26 24 27 35 40 43 45 56 60 67 70 75 78 84 89 90 121 127 163 173 177 184 190 0
21 13 150 2 11 27 34 44 53 64 72 83 84 92 105 109 122 131 151 153 156 165 171 0
22 38 187 186 3 5 8 16 18 26 30 37 41 46 59 101 119 137 138 154 157 174 190 199 0
23 54 29 31 41 55 59 62 75 103 113 121 126 134 136 147 148 150 169 173 184 190 197 0
24 154 6 20 29 63 65 73 86 88 98 105 109 122 127 143 151 152 155 168 174 176 182 183 184 0
25 85 124 14 9 28 29 31 33 46 48 53 55 63 67 68 78 83 84 92 96 101 102 116 123 138 139 148 158 159 167 169 172 173 191 198 0
26 20 168 18 19 22 39 46 49 61 66 67 70 79 84 86 92 120 136 139 0
27 183 162 64 3 20 21 30 39 45 107 114 116 125 137 145 148 154 163 171 196 197 0
28 90 173 143 49 191 1 9 13 25 54 62 73 85 92 97 112 131 136 140 141 142 157 160 161 0
29 128 115 126 178 10 13 15 23 24 25 34 35 53 86 88 92 97 105 116 124 131 133 160 179 0
30 53 16 17 22 27 47 58 93 94 105 106 107 115 118 132 136 145 164 167 177 178 199 0
31 161 140 160 36 23 25 38 45 53 58 60 64 67 89 91 100 101 114 127 133 153 154 155 159 172 173 178 189 0
32 178 123 149 44 67 69 72 79 98 117 169 184 185 186 0
33 40 4 25 37 43 52 60 74 76 89 108 110 112 124 136 138 153 166 167 192 195 0
34 153 21 29 44 55 64 66 74 82 92 111 133 144 160 161 164 166 172 195 0
35 102 70 133 11 13 20 29 43 53 54 56 59 60 62 65 87 97 106 111 112 127 130 139 151 155 160 164 180 195 198 0
36 31 47 180 11 12 16 37 54 56 61 68 79 83 93 100 101 116 123 146 161 176 189 195 0
37 177 132 85 189 3 4 22 33 36 42 43 57 67 79 80 115 150 158 174 195 196 0
38 120 22 5 10 12 13 31 39 43 53 56 61 63 76 77 91 101 131 134 143 159 161 172 173 0
39 66 10 26 27 38 43 45 52 76 88 94 102 106 117 134 142 145 146 147 150 195 0
40 150 96 84 33 20 50 59 80 93 105 109 142 143 145 158 164 178 191 0
41 135 156 6 12 13 22 23 44 45 57 71 75 76 77 82 87 89 112 153 163 191 193 0
42 102 1 37 43 63 83 91 111 115 131 133 135 151 176 185 190 0
43 161 138 136 110 7 9 20 33 35 37 38 39 42 46 58 71 72 78 89 97 109 130 151 171 177 196 0
44 179 21 32 34 41 60 72 78 93 94 104 131 135 136 150 151 175 180 185 189 199 0
45 179 130 78 171 5 12 18 19 20 27 31 39 41 51 65 84 110 115 148 159 161 166 174 193 194 195 197 0
46 183 147 22 25 26 43 48 81 85 90 106 107 119 123 139 142 146 154 157 172 179 184 0
47 36 17 30 70 88 95 101 108 109 121 131 171 176 193 200 0
48 188 3 7 25 46 71 91 124 126 137 170 181 182 183 0
49 28 10 17 26 76 87 88 93 96 98 125 131 143 149 165 166 183 184 192 199 0
50 124 12 40 57 62 63 67 70 73 86 89 93 98 100 107 110 126 131 132 144 146 159 165 175 179 185 189 195 198 0
51 76 2 45 72 83 87 90 100 121 142 162 165 176 181 189 0
52 173 10 19 33 39 62 72 78 80 104 115 144 153 166 168 176 184 0
53 100 30 174 21 25 29 31 35 38 58 64 83 87 102 104 117 118 123 139 145 154 157 166 180 182 188 194 195 0
54 73 166 192 139 23 3 6 8 16 28 35 36 55 81 92 98 101 103 107 108 119 133 142 147 152 153 155 159 165 172 179 198 0
55 59 89 2 3 23 25 34 54 73 76 81 88 91 98 99 101 109 110 118 123 124 137 141 142 148 164 174 176 181 183 186 0
56 100 118 1 4 11 13 18 20 35 36 38 65 72 89 112 126 130 134 171 172 175 0
57 106 193 5 37 41 50 59 62 72 74 78 85 90 109 121 122 129 135 148 149 154 156 164 166 171 178 181 192 200 0
58 118 195 1 3 15 17 30 31 43 53 65 72 73 106 109 126 134 157 158 159 179 183 189 191 0
59 181 55 7 13 15 18 22 23 35 40 57 73 101 109 111 112 120 124 137 141 175 195 197 0
60 64 120 20 31 33 35 44 62 69 70 90 102 108 113 114 143 145 149 152 155 165 166 182 190 0
61 135 134 172 5 26 36 38 63 72 81 83 96 109 110 126 129 141 142 143 145 146 160 0
62 133 3 18 23 28 35 50 52 57 60 64 84 88 91 102 119 123 158 160 161 186 195 0
63 106 7 14 24 25 38 42 50 61 80 87 97 130 136 155 168 180 0
64 27 60 14 18 21 31 34 53 62 67 73 88 92 100 102 112 120 124 130 134 141 142 145 146 147 154 163 167 168 176 179 183 187 190 196 0
65 85 4 10 24 35 45 56 58 118 120 125 154 190 199 0
66 147 125 39 6 14 26 34 81 90 93 94 115 122 129 139 158 162 171 181 193 0
67 167 11 20 25 26 31 32 37 50 64 69 72 75 84 88 101 113 116 131 134 140 158 163 170 0
68 8 13 15 19 25 36 79 80 92 98 108 111 116 129 136 155 158 172 175 176 179 181 189 198 0
69 77 1 32 60 67 81 83 106 110 127 131 132 136 153 154 173 175 183 184 0
70 35 90 135 6 20 26 47 50 60 83 85 105 113 133 139 142 172 176 190 192 199 0
71 130 4 16 41 43 48 78 79 91 95 98 102 112 115 125 136 145 156 179 182 0
72 91 21 32 43 44 51 52 56 57 58 61 67 75 100 117 119 144 145 150 151 159 188 194 197 0
73 100 54 12 13 16 24 28 50 55 58 59 64 82 83 84 87 97 105 118 137 144 151 159 170 179 180 186 0
74 179 2 19 33 34 57 75 91 93 98 113 119 129 139 147 150 154 159 167 198 0
75 142 5 6 20 23 41 67 72 74 81 83 159 164 184 185 198 0
76 151 51 4 13 33 38 39 41 49 55 87 98 99 109 117 141 146 168 174 176 192 194 0
77 177 69 1 3 7 38 41 83 87 88 94 117 137 141 149 186 194 0
78 45 81 20 25 43 44 52 57 71 83 84 87 101 109 130 151 171 180 185 0
79 153 91 10 13 26 32 36 37 68 71 85 95 121 125 144 149 155 160 166 167 188 194 0
80 86 2 37 40 52 63 68 101 127 133 138 141 147 171 186 188 193 195 197 200 0
81 78 4 7 46 54 55 61 66 69 75 84 107 115 149 158 164 180 183 0
82 100 15 34 41 73 97 102 103 110 169 173 182 192 195 0
83 3 5 9 21 25 36 42 51 53 61 69 70 73 75 77 78 89 96 104 105 135 147 148 156 198 0
84 40 169 12 20 21 25 26 45 62 67 73 78 81 92 96 106 113 121 142 160 166 168 170 181 0
85 37 25 65 3 14 18 28 46 57 70 79 89 94 95 113 117 121 131 146 169 0
86 13 80 2 8 9 24 26 29 50 118 120 131 135 147 160 186 195 197 0
87 4 93 152 2 12 13 19 35 41 49 51 53 63 73 76 77 78 91 108 109 114 124 131 132 134 141 148 154 155 159 160 183 200 0
88 116 122 2 6 9 10 19 24 29 39 47 49 55 62 64 67 77 89 91 104 105 113 125 128 164 165 0
89 55 4 14 20 31 33 41 43 50 56 83 85 88 92 99 105 108 109 115 117 130 136 143 156 158 162 171 177 184 193 0
90 70 28 3 6 11 16 20 46 51 57 60 66 95 96 98 125 128 132 135 151 166 174 181 182 199 200 0
91 79 72 2 13 18 31 38 42 48 55 62 71 74 87 88 100 106 120 121 124 133 140 142 145 155 161 162 167 178 181 193 0
92 102 161 20 176 196 154 12 21 25 26 28 29 34 54 64 68 84 89 106 123 126 135 172 180 0
93 87 30 36 40 44 49 50 66 74 99 101 104 149 159 160 164 170 180 183 185 0
94 150 127 30 39 44 66 77 85 96 106 110 121 124 140 146 165 180 195 0
95 158 104 11 47 71 79 85 90 106 109 129 135 163 164 165 175 183 192 0
96 40 25 49 61 83 84 90 94 134 138 139 141 182 188 0
97 199 9 13 28 29 35 43 63 73 82 107 124 125 126 134 138 145 158 165 167 186 192 193 0
98 103 24 32 49 50 54 55 68 71 74 76 90 100 122 124 127 128 134 143 146 150 158 165 166 173 174 176 178 188 190 191 193 196 0
99 4 11 55 76 89 93 107 110 123 125 128 131 138 142 150 157 161 163 172 184 191 196 0
100 161 53 199 56 73 144 82 19 31 36 50 51 64 72 91 98 117 118 125 127 135 150 153 156 171 184 194 0
101 179 22 25 31 36 38 47 54 55 59 67 78 80 93 149 174 182 200 0
102 183 92 167 35 13 42 3 15 25 39 53 60 62 64 71 82 122 145 148 150 160 165 169 174 177 197 198 0
103 162 12 137 98 7 23 54 82 110 123 134 135 140 145 148 154 159 190 0
104 95 13 18 44 52 53 83 88 93 122 123 125 126 137 143 150 166 170 179 185 193 0
105 161 21 24 29 30 40 70 73 83 88 89 138 141 160 165 186 196 0
106 185 63 57 1 10 16 17 30 35 39 46 58 69 84 91 92 94 95 120 122 145 149 150 156 165 0
107 157 10 11 17 18 27 30 46 50 54 81 97 99 122 130 148 183 190 196 0
108 183 116 119 1 6 33 47 54 60 68 87 89 113 117 127 132 171 0
109 188 13 16 21 24 40 43 47 55 57 58 59 61 76 78 87 89 95 112 120 123 132 134 136 153 155 0
110 43 33 45 50 55 61 69 82 94 99 103 120 123 126 143 177 188 198 0
111 135 1 15 34 35 42 59 68 112 117 137 156 157 158 159 162 164 183 0
112 19 28 33 35 41 56 59 64 71 109 111 121 125 138 155 175 186 198 0
113 128 179 131 23 60 67 70 74 84 85 88 108 114 171 189 190 0
114 181 3 9 19 27 31 60 87 113 123 137 139 146 179 185 188 194 196 0
115 29 2 7 10 15 30 37 42 45 52 66 71 81 89 142 149 150 176 186 188 196 198 0
116 108 200 88 19 25 27 29 36 67 68 159 161 172 183 184 196 0
117 200 2 9 32 39 53 72 76 77 85 89 100 108 111 119 134 189 195 196 198 0
118 56 58 8 30 53 55 65 73 86 100 120 137 161 0
119 108 142 18 16 19 22 46 54 62 72 74 117 123 130 147 165 185 192 193 197 198 0
120 60 38 2 26 59 64 65 86 91 106 109 110 118 121 124 131 134 136 144 149 157 179 183 193 0
121 158 15 20 23 47 51 57 79 84 85 91 94 112 120 151 154 157 161 164 168 177 194 0
122 88 13 21 24 57 66 98 102 104 106 107 128 151 155 167 194 199 0
123 32 25 36 46 53 55 62 92 99 103 104 109 110 114 119 127 129 141 149 150 161 165 171 191 196 197 0
124 25 50 17 3 29 33 48 55 59 64 87 91 94 97 98 120 126 142 164 170 173 177 186 187 195 0
125 66 27 49 65 71 79 88 90 97 99 100 104 112 135 139 153 165 184 192 194 0
126 29 3 10 17 19 23 48 50 56 58 61 92 97 104 110 124 129 138 143 151 156 157 162 178 181 0
127 94 2 15 20 24 31 35 69 80 98 100 108 123 128 132 140 153 156 162 181 183 0
128 183 113 29 155 5 12 18 88 90 98 99 122 127 137 148 153 160 175 194 197 0
129 178 163 7 8 11 57 61 66 68 74 95 123 126 132 140 158 184 186 200 0
130 45 71 7 8 35 43 56 63 64 78 89 107 119 138 143 144 145 154 167 179 186 189 190 191 197 0
131 113 7 21 28 29 38 42 44 47 49 50 67 69 85 86 87 99 120 141 148 159 169 181 183 187 190 199 0
132 37 7 9 10 30 50 69 87 90 108 109 127 129 141 146 148 166 168 173 180 195 0
133 35 159 62 3 6 7 15 29 31 34 42 54 70 80 91 135 143 150 163 165 176 181 184 200 0
134 61 7 18 23 38 39 56 58 64 67 87 96 97 98 103 109 117 120 135 139 142 155 169 174 176 181 187 195 0
135 70 41 61 111 8 16 18 42 44 57 83 86 90 92 95 100 103 125 133 134 141 147 176 200 0
136 43 182 4 23 26 28 30 33 44 63 68 69 71 89 109 120 156 165 166 167 171 173 174 179 190 0
137 103 22 27 48 55 59 73 77 104 111 114 118 128 146 150 183 0
138 43 10 12 17 22 25 33 80 96 97 99 105 112 126 130 163 191 198 0
139 54 9 25 26 35 46 53 66 70 74 96 114 125 134 143 146 149 172 176 179 182 190 192 197 0
140 31 9 2 11 14 17 28 67 91 94 103 127 129 143 144 148 187 190 0
141 185 170 28 55 59 61 64 76 77 80 87 96 105 123 131 132 135 160 195 197 0
142 119 75 4 28 39 40 46 51 54 55 61 64 70 84 91 99 115 124 134 164 166 171 172 183 194 196 0
143 28 11 1 15 24 38 40 49 60 61 89 98 104 110 126 130 133 139 140 149 179 180 0
144 100 34 50 52 72 73 79 120 130 140 148 154 159 167 178 181 0
145 166 165 5 27 30 39 40 53 60 61 64 71 72 91 97 102 103 106 130 149 173 176 182 194 198 0
146 6 2 8 15 36 39 46 50 61 64 76 85 94 98 114 132 137 139 158 172 189 0
147 46 66 184 8 23 39 54 64 74 80 83 86 119 135 158 164 166 170 179 185 191 192 0
148 151 4 23 25 27 45 55 57 83 87 102 103 107 128 131 132 140 144 152 155 180 187 188 0
149 32 2 49 57 60 77 79 81 93 101 106 115 120 123 139 143 145 157 169 170 172 181 182 200 0
150 21 40 94 13 23 37 39 44 72 74 98 99 100 102 104 106 115 123 133 137 153 169 192 194 0
151 181 76 188 148 10 14 18 19 21 24 35 42 43 44 72 73 78 90 121 122 126 152 154 161 193 199 0
152 87 10 24 54 60 148 151 180 183 197 0
153 177 79 181 34 8 12 21 31 33 41 52 54 69 100 109 125 127 128 150 154 162 173 175 182 187 199 0
154 92 19 24 3 4 22 27 31 46 53 57 64 65 69 74 87 103 121 130 144 151 153 168 176 181 185 190 0
155 128 24 31 35 54 60 63 68 79 87 91 109 112 122 134 148 160 166 172 200 0
156 41 6 21 57 71 83 89 100 106 111 126 127 136 171 173 181 183 187 188 195 196 0
157 198 107 197 11 22 28 46 53 58 99 111 120 121 126 149 161 170 173 174 175 180 196 0
158 183 177 95 121 1 15 25 37 40 58 62 66 67 68 81 89 97 98 111 129 146 147 163 173 181 0
159 133 25 31 38 45 50 54 58 72 73 74 75 87 93 103 111 116 131 144 169 181 183 197 0
160 31 14 28 29 34 35 61 62 79 84 86 87 93 102 105 128 141 155 177 184 188 195 197 200 0
161 92 43 105 100 31 8 9 28 34 36 38 45 62 91 99 116 118 121 123 151 157 173 186 0
162 27 103 6 1 51 66 89 91 111 126 127 153 168 171 176 182 184 0
163 129 11 16 20 27 41 64 67 95 99 133 138 158 179 182 185 194 195 200 0
164 175 10 30 34 35 40 55 57 75 81 88 93 95 111 121 124 142 147 170 172 176 177 197 199 0
165 145 15 19 21 49 50 51 54 60 88 94 95 97 98 102 105 106 119 123 125 133 136 171 173 0
166 54 145 8 16 17 33 34 45 49 52 53 57 60 79 84 90 98 104 132 136 142 147 155 167 185 192 195 0
167 102 67 198 175 8 25 30 33 64 74 79 91 97 122 130 136 144 166 193 199 0
168 26 24 52 63 64 76 84 121 132 154 162 193 0
169 84 23 25 32 82 85 102 131 134 149 150 159 177 197 0
170 141 9 16 48 67 73 84 93 104 124 147 149 157 164 174 183 189 192 0
171 45 1 9 21 27 43 47 56 57 66 78 80 89 100 108 113 123 136 142 156 162 165 178 186 198 0
172 61 14 25 31 34 38 46 54 56 68 70 92 99 116 139 142 146 149 155 164 178 181 200 0
173 28 52 1 20 23 25 31 38 69 82 98 124 132 136 145 153 156 157 158 161 165 185 0
174 53 9 13 15 22 24 37 45 55 76 90 98 101 102 134 136 157 170 178 179 195 0
175 167 164 44 50 56 59 68 69 95 112 128 153 157 191 194 0
176 92 5 24 36 42 47 51 52 55 64 68 70 76 98 115 133 134 135 139 145 154 162 164 182 184 193 197 199 0
177 158 153 37 2 77 6 20 30 43 89 102 110 121 124 160 164 169 185 186 190 198 0
178 29 32 129 10 15 17 30 31 40 57 91 98 126 144 171 172 174 179 183 200 0
179 113 45 44 3 74 101 1 7 15 16 19 29 46 50 54 58 64 68 71 73 104 114 120 130 136 139 143 147 163 174 178 181 184 188 199 0
180 36 10 12 35 44 53 63 73 78 81 92 93 94 132 143 148 152 157 188 0
181 153 151 114 59 14 17 48 51 55 57 66 68 84 90 91 126 127 131 133 134 144 149 154 156 158 159 172 179 198 0
182 136 17 19 24 48 53 60 71 82 90 96 101 139 145 149 153 162 163 176 188 189 0
183 102 128 108 46 158 27 185 11 24 48 49 55 58 64 69 81 87 93 95 107 111 116 120 127 131 137 142 152 156 159 170 178 0
184 147 1 12 20 23 24 32 46 49 52 69 75 89 99 100 116 125 129 133 160 162 176 179 0
185 183 106 141 6 32 42 44 50 75 78 93 104 114 119 147 154 163 166 173 177 193 0
186 22 9 19 32 55 62 73 77 80 86 97 105 112 115 124 129 130 161 171 177 192 0
187 22 3 6 7 15 16 64 124 131 134 140 148 153 156 191 196 0
188 151 48 109 6 17 18 53 72 79 80 96 98 110 114 115 148 156 160 179 180 182 191 194 0
189 37 8 31 36 44 50 51 58 68 113 117 130 146 170 182 195 0
190 4 9 15 20 22 23 42 60 64 65 70 98 103 107 113 130 131 136 139 140 154 177 193 195 200 0
191 28 4 25 40 41 58 98 99 123 130 138 147 175 187 188 0
192 54 12 13 33 49 57 70 76 82 95 97 119 125 139 147 150 166 170 186 194 0
193 57 6 9 41 45 47 66 80 89 91 97 98 104 119 120 151 167 168 176 185 190 0
194 5 4 8 12 45 53 72 76 77 79 100 114 121 122 125 128 142 145 150 163 175 188 192 0
195 58 33 34 35 36 37 39 45 50 53 59 62 80 82 86 94 117 124 132 134 141 156 160 163 166 174 189 190 0
196 92 4 14 19 27 37 43 64 98 99 105 107 114 115 116 117 123 142 156 157 187 0
197 157 23 27 45 59 72 80 86 102 119 123 128 130 139 141 152 159 160 164 169 176 0
198 167 157 5 14 25 35 50 54 68 74 75 83 102 110 112 115 117 119 138 145 171 177 181 200 0
199 100 97 15 7 18 22 30 44 49 65 70 90 122 131 151 153 164 167 176 179 0
200 116 117 47 57 80 87 90 101 129 133 135 149 155 160 163 172 178 190 198 0

