200  400
1 138 0
2 25 0
3 130 54 62 0
4 91 90 66 58 184 0
5 89 0
6 126 11 13 23 0
7 95 127 0
8 47 158 32 0
9 182 173 94 72 73 0
10 28 72 83 0
11 178 194 117 6 32 44 140 154 0
12 183 180 70 0
13 18 172 6 175 0
14 190 86 143 155 25 45 0
15 97 182 92 55 89 157 0
16 192 0
17 51 168 0
18 119 126 168 13 124 161 0
19 126 40 61 109 134 0
20 173 57 79 104 121 131 0
21 116 183 104 130 161 27 0
22 152 101 146 0
23 129 6 105 0
24 119 25 38 0
25 90 2 14 24 45 48 168 0
26 136 95 192 0
27 21 124 139 0
28 66 43 10 48 93 0
29 195 70 0
30 89 80 145 0
31 179 129 0
32 83 140 8 11 53 161 191 0
33 155 168 0
34 97 64 86 0
35 41 104 159 169 0
36 178 110 169 186 0
37 72 167 0
38 185 134 24 114 140 0
39 123 131 135 0
40 19 60 92 0
41 68 35 71 79 128 0
42 130 67 108 119 0
43 28 146 178 0
44 159 11 143 0
45 116 14 25 141 0
46 195 52 177 0
47 51 8 62 67 155 0
48 189 25 28 125 0
49 159 108 100 124 135 163 0
50 153 90 134 146 0
51 168 47 17 174 61 96 0
52 76 63 118 46 0
53 128 32 0
54 150 3 99 100 121 0
55 97 15 137 151 0
56 94 119 152 196 0
57 96 20 155 0
58 4 0
59 84 133 163 0
60 40 74 0
61 19 51 182 0
62 138 3 47 134 148 149 0
63 52 151 0
64 34 0
65 179 167 157 88 0
66 4 28 88 116 0
67 91 100 42 47 72 157 0
68 82 41 153 102 142 0
69 128 0
70 104 12 29 84 134 0
71 41 92 94 170 0
72 126 37 171 9 10 67 164 0
73 192 9 0
74 133 98 60 130 142 0
75 183 142 143 0
76 97 52 107 0
77 160 95 0
78 82 0
79 159 20 41 93 176 0
80 169 30 87 0
81 115 199 112 0
82 125 68 78 0
83 200 111 32 99 10 0
84 111 127 59 70 0
85 155 87 103 0
86 14 34 98 130 142 0
87 89 80 85 173 0
88 110 65 66 188 0
89 148 198 30 5 149 87 15 0
90 4 25 50 0
91 159 4 67 0
92 15 40 71 131 168 186 0
93 137 28 79 96 0
94 9 56 71 131 0
95 115 7 139 26 77 118 0
96 121 147 57 51 93 114 116 132 160 0
97 183 15 76 34 55 140 0
98 74 141 124 86 128 159 0
99 83 54 111 196 0
100 67 49 54 135 0
101 22 109 0
102 121 68 0
103 178 85 115 124 143 0
104 21 133 154 70 20 35 141 0
105 130 23 177 178 0
106 152 115 144 170 156 0
107 76 0
108 49 42 0
109 168 19 101 0
110 151 88 36 135 0
111 83 84 175 99 131 0
112 136 81 0
113 121 114 0
114 163 169 38 96 113 0
115 106 81 138 95 103 0
116 128 21 188 45 66 96 131 181 0
117 11 0
118 52 95 168 173 0
119 128 200 18 163 136 121 24 42 56 139 0
120 159 0
121 119 96 113 102 20 54 0
122 160 150 192 177 142 199 0
123 151 39 0
124 98 18 27 49 103 0
125 198 82 48 175 0
126 18 72 19 6 193 0
127 84 191 7 0
128 190 116 119 159 53 69 187 165 41 98 173 0
129 190 23 31 0
130 21 3 42 131 105 74 86 133 190 0
131 130 20 39 92 94 111 116 153 0
132 151 96 135 166 170 0
133 104 74 186 59 130 0
134 38 19 50 62 70 169 0
135 151 39 49 100 110 132 172 179 195 0
136 119 160 26 112 0
137 178 93 55 0
138 115 162 62 1 189 191 0
139 95 27 119 0
140 32 11 38 97 0
141 98 45 104 145 148 167 180 0
142 182 68 74 75 86 122 183 0
143 14 44 75 103 181 0
144 106 179 0
145 200 30 141 175 182 0
146 149 196 22 43 50 0
147 96 0
148 190 89 62 141 0
149 89 146 62 0
150 122 54 0
151 182 135 123 132 110 55 63 0
152 190 106 22 56 173 0
153 68 50 131 0
154 104 11 164 0
155 14 33 85 47 57 0
156 178 106 164 0
157 65 15 67 0
158 8 178 0
159 128 91 44 49 120 79 35 98 0
160 136 122 77 96 0
161 21 18 32 0
162 138 0
163 119 114 49 59 0
164 181 72 154 156 0
165 128 190 0
166 195 132 0
167 65 37 141 0
168 18 51 109 17 25 33 92 118 192 0
169 114 80 35 36 134 0
170 106 71 132 199 0
171 72 0
172 13 135 0
173 9 197 20 87 118 128 152 0
174 51 0
175 111 13 125 145 0
176 179 79 0
177 122 46 105 0
178 183 11 103 137 156 36 43 105 158 0
179 144 65 176 31 135 0
180 12 141 0
181 184 164 116 143 199 0
182 15 151 9 189 142 61 145 0
183 21 97 12 178 195 75 142 0
184 4 181 0
185 190 38 193 0
186 133 36 92 0
187 128 0
188 116 88 0
189 182 48 138 0
190 128 152 148 14 185 129 130 165 0
191 127 32 138 0
192 122 16 73 26 168 0
193 185 126 0
194 11 0
195 183 46 166 29 135 0
196 146 56 99 0
197 173 0
198 89 125 0
199 81 122 170 181 0
200 119 83 145 0

