200  418
1 116 136 0
2 42 174 90 107 0
3 154 90 0
4 84 0
5 178 71 96 0
6 184 128 8 0
7 20 56 33 40 61 95 101 187 0
8 183 199 6 119 141 155 0
9 20 130 33 31 110 0
10 46 29 0
11 183 27 54 169 0
12 66 40 170 157 91 158 0
13 59 46 104 127 195 0
14 61 44 91 134 136 197 0
15 77 19 72 122 173 0
16 186 0
17 146 135 22 0
18 192 105 0
19 77 15 112 122 188 0
20 113 185 7 9 147 43 66 120 0
21 171 133 28 0
22 171 17 30 102 169 0
23 125 183 195 0
24 141 129 85 139 0
25 180 48 61 166 0
26 180 134 40 0
27 11 41 86 169 0
28 21 79 105 0
29 158 10 34 184 0
30 135 22 40 0
31 200 9 0
32 86 65 111 115 129 0
33 9 7 96 172 0
34 148 29 82 130 132 0
35 177 0
36 136 190 84 0
37 191 0
38 45 42 77 105 112 144 180 200 0
39 194 116 107 68 169 0
40 12 197 187 7 26 30 86 94 167 0
41 103 27 93 200 0
42 91 2 68 159 38 104 136 164 0
43 142 20 87 0
44 66 14 138 177 0
45 176 114 38 150 191 0
46 13 10 193 0
47 90 0
48 49 25 91 0
49 138 139 48 54 65 117 0
50 125 0
51 66 60 173 54 107 182 184 0
52 187 191 83 165 0
53 166 76 0
54 136 113 83 162 165 11 49 51 0
55 83 0
56 7 96 108 0
57 136 186 60 66 160 191 0
58 91 68 172 0
59 171 13 65 0
60 51 140 57 84 0
61 121 14 7 25 89 101 189 0
62 88 159 0
63 84 0
64 138 86 157 170 0
65 106 104 32 49 59 94 146 169 0
66 171 12 44 51 20 57 113 152 159 196 0
67 91 128 153 182 196 0
68 42 39 58 165 180 0
69 106 90 0
70 146 80 111 131 0
71 95 86 5 185 189 0
72 117 192 15 86 105 111 167 0
73 141 106 130 0
74 139 0
75 132 0
76 126 102 53 86 109 168 0
77 153 19 15 38 130 176 0
78 131 82 121 181 0
79 180 28 158 0
80 113 110 70 161 175 0
81 184 193 194 0
82 78 34 118 188 0
83 54 142 55 52 154 188 0
84 136 63 4 36 60 137 0
85 118 24 0
86 71 32 27 40 64 72 76 0
87 184 43 103 0
88 195 62 116 158 0
89 148 61 0
90 2 112 47 3 69 188 0
91 108 168 111 42 67 58 12 14 48 0
92 151 123 0
93 183 117 94 41 195 0
94 93 109 120 40 65 0
95 138 71 7 0
96 105 5 33 56 0
97 168 0
98 159 130 138 158 0
99 118 179 144 0
100 137 138 168 0
101 130 7 61 186 0
102 76 22 0
103 182 41 87 141 155 0
104 65 161 13 42 0
105 192 96 18 28 38 72 160 0
106 171 141 125 151 132 65 69 73 0
107 39 2 51 128 0
108 148 91 56 145 0
109 94 76 164 0
110 80 9 0
111 91 196 32 70 72 184 199 0
112 90 19 38 0
113 54 126 20 80 160 66 123 199 0
114 45 0
115 197 32 130 0
116 39 1 88 133 0
117 93 72 49 176 0
118 133 99 85 82 163 0
119 126 144 164 8 0
120 94 20 0
121 168 61 78 145 161 182 0
122 136 15 19 0
123 167 92 113 134 0
124 198 0
125 106 23 50 178 0
126 113 138 119 176 76 137 0
127 138 152 13 0
128 6 67 107 0
129 24 32 0
130 9 101 34 73 77 98 115 137 0
131 171 78 70 192 0
132 106 145 75 34 0
133 21 118 116 0
134 26 188 14 123 0
135 17 158 182 30 0
136 171 54 198 146 57 84 122 36 143 1 14 42 158 0
137 138 100 84 126 130 188 0
138 126 127 95 49 64 137 44 98 100 197 0
139 49 74 24 0
140 60 167 0
141 106 156 73 24 8 103 0
142 83 43 0
143 136 187 0
144 119 38 99 0
145 132 108 121 0
146 136 177 17 70 194 65 150 182 0
147 20 0
148 171 183 108 89 153 180 34 0
149 200 0
150 169 45 146 165 0
151 106 92 0
152 127 66 0
153 148 77 67 154 0
154 170 3 83 153 0
155 160 8 103 0
156 141 0
157 12 64 0
158 135 29 12 79 88 98 136 0
159 42 98 62 66 169 0
160 113 155 57 105 0
161 104 80 121 0
162 54 176 187 0
163 197 118 0
164 119 42 109 0
165 54 52 68 150 0
166 167 53 25 0
167 181 166 195 123 40 72 140 0
168 91 178 121 97 76 100 173 200 0
169 194 150 11 22 27 39 65 159 0
170 12 154 193 64 0
171 136 21 148 106 66 59 22 131 0
172 198 200 33 58 0
173 51 15 168 0
174 2 0
175 199 80 183 0
176 126 45 77 117 162 188 0
177 146 184 35 44 0
178 168 5 125 0
179 99 198 0
180 148 26 25 79 38 68 0
181 187 167 78 0
182 135 103 51 67 121 146 0
183 148 93 8 11 23 175 0
184 177 81 6 87 29 51 111 0
185 20 71 196 0
186 57 16 101 0
187 40 52 181 189 7 143 162 0
188 134 19 82 83 90 137 176 0
189 187 61 71 195 198 0
190 36 0
191 52 37 45 57 0
192 72 105 18 131 0
193 170 46 81 0
194 146 39 169 81 0
195 167 88 13 23 93 189 0
196 111 66 67 185 0
197 40 163 115 14 138 0
198 136 172 124 179 189 0
199 8 175 111 113 0
200 172 31 149 38 41 168 0

