200  284
1 96 0
2 166 40 102 94 191 0
3 77 0
4 48 170 0
5 28 161 0
6 79 136 62 0
7 68 138 0
8 116 167 0
9 59 0
10 101 113 0
11 118 200 111 0
12 156 101 97 0
13 166 99 0
14 82 107 0
15 112 108 49 0
16 187 172 0
17 166 193 0
18 146 30 180 0
19 79 57 0
20 170 26 190 0
21 123 25 0
22 24 0
23 176 0
24 175 22 0
25 21 164 196 0
26 20 28 95 142 0
27 192 0
28 49 91 5 26 0
29 40 109 133 155 172 0
30 121 18 118 0
31 187 0
32 180 0
33 195 83 0
34 81 0
35 101 85 143 168 0
36 81 0
37 129 0
38 198 178 0
39 166 112 48 198 194 78 142 0
40 2 115 183 29 192 0
41 112 43 49 0
42 76 129 0
43 41 0
44 179 0
45 190 187 159 131 0
46 198 0
47 105 0
48 39 54 4 196 98 0
49 149 28 15 41 0
50 198 146 0
51 146 67 168 118 181 0
52 180 163 0
53 68 56 0
54 48 0
55 148 138 161 0
56 53 144 0
57 19 174 87 0
58 118 0
59 102 9 154 0
60 105 0
61 176 126 81 79 70 99 170 0
62 79 6 0
63 144 0
64 192 0
65 130 78 143 0
66 137 80 106 192 0
67 51 68 106 139 200 0
68 67 7 53 165 70 0
69 126 73 152 0
70 61 179 68 0
71 106 0
72 102 77 78 0
73 69 0
74 155 0
75 96 152 102 177 0
76 125 186 42 162 0
77 72 3 0
78 65 39 72 0
79 61 6 62 19 141 178 186 0
80 116 66 0
81 61 34 36 0
82 194 14 0
83 131 116 93 121 33 0
84 186 0
85 117 35 134 0
86 142 0
87 146 192 57 0
88 125 0
89 149 126 0
90 117 0
91 28 151 0
92 173 189 0
93 83 124 0
94 2 109 0
95 108 26 169 173 0
96 166 125 118 75 1 180 132 161 0
97 12 0
98 48 116 0
99 13 61 137 0
100 137 167 0
101 12 10 35 150 0
102 2 59 72 75 0
103 200 123 0
104 169 0
105 194 150 60 47 147 0
106 67 128 71 66 153 0
107 14 0
108 15 95 0
109 189 29 94 0
110 180 0
111 11 0
112 39 15 41 0
113 10 0
114 194 0
115 40 0
116 83 181 8 80 98 0
117 191 85 178 90 0
118 96 11 182 58 153 30 51 193 0
119 156 0
120 193 0
121 83 30 0
122 150 124 0
123 131 158 21 103 0
124 191 93 122 168 0
125 96 134 184 131 88 76 0
126 61 190 155 69 163 89 0
127 184 133 177 0
128 106 137 148 149 184 0
129 42 37 182 199 0
130 150 65 0
131 125 83 145 123 45 157 0
132 96 144 162 0
133 127 29 165 0
134 125 135 85 0
135 134 197 155 0
136 6 0
137 141 100 66 99 128 0
138 7 193 55 0
139 176 67 0
140 170 0
141 162 137 79 0
142 152 86 26 39 0
143 65 35 0
144 56 63 132 0
145 131 0
146 185 51 87 18 50 188 0
147 152 105 0
148 184 157 55 128 0
149 185 49 89 128 0
150 105 130 122 101 0
151 91 0
152 75 175 147 142 69 0
153 118 171 106 0
154 59 0
155 126 74 29 135 0
156 166 12 119 0
157 148 131 173 181 0
158 123 0
159 45 0
160 182 0
161 183 5 55 96 0
162 166 141 173 76 132 0
163 126 52 0
164 25 0
165 68 133 0
166 96 176 2 39 156 162 17 13 0
167 100 8 0
168 51 35 124 0
169 195 104 95 197 0
170 176 20 140 4 61 194 0
171 153 0
172 185 16 29 0
173 162 92 95 157 0
174 57 0
175 152 24 0
176 166 185 61 139 23 170 0
177 183 75 127 0
178 117 38 79 0
179 70 44 0
180 96 110 52 32 18 0
181 116 51 157 0
182 118 160 129 0
183 40 177 161 0
184 125 127 148 128 0
185 176 146 149 172 0
186 76 84 79 0
187 45 31 16 0
188 198 146 0
189 92 109 0
190 126 45 20 0
191 2 117 124 0
192 87 64 27 40 66 0
193 138 199 120 17 118 0
194 39 105 114 82 170 0
195 196 169 33 0
196 48 195 25 0
197 135 169 0
198 39 38 188 46 50 0
199 193 129 0
200 11 103 67 0

