200  392
1 99 159 150 10 119 157 171 0
2 4 191 42 0
3 180 13 38 0
4 144 67 2 172 8 71 109 64 106 0
5 102 43 161 89 96 121 0
6 28 89 96 122 0
7 98 33 157 0
8 4 105 42 64 99 0
9 13 118 113 112 0
10 1 16 0
11 120 89 79 0
12 156 90 0
13 42 194 69 9 174 100 132 3 117 154 0
14 119 90 117 134 157 0
15 86 123 20 158 147 90 28 38 0
16 128 64 10 0
17 120 197 98 62 95 25 0
18 155 166 0
19 195 35 85 161 0
20 15 58 0
21 52 31 173 0
22 32 91 84 85 152 163 0
23 45 103 0
24 70 50 120 199 0
25 17 184 72 84 89 116 173 0
26 198 37 46 99 0
27 40 145 0
28 191 6 15 46 189 0
29 52 82 70 191 192 0
30 77 66 159 0
31 77 117 21 34 81 0
32 85 22 128 164 196 0
33 37 7 54 0
34 66 31 107 0
35 74 83 19 42 119 177 0
36 177 101 38 121 56 0
37 95 33 26 55 115 146 0
38 36 3 15 128 161 0
39 156 59 0
40 120 27 0
41 156 66 152 172 0
42 175 13 70 160 2 8 35 69 157 177 0
43 5 0
44 45 68 0
45 62 138 44 186 23 49 0
46 154 26 28 70 194 0
47 59 70 0
48 175 52 0
49 119 122 45 114 157 0
50 69 86 182 24 0
51 107 0
52 73 29 87 135 21 48 77 0
53 190 164 0
54 100 178 33 0
55 153 37 87 0
56 131 167 36 157 197 0
57 164 157 143 129 0
58 155 20 0
59 39 47 125 137 158 0
60 102 0
61 166 104 111 154 0
62 17 45 88 116 128 149 184 0
63 176 164 0
64 16 4 8 74 149 0
65 82 143 0
66 69 34 30 41 81 119 181 0
67 4 124 88 179 0
68 123 44 175 0
69 13 75 50 66 42 137 173 0
70 42 106 24 179 115 29 46 47 159 0
71 4 144 0
72 96 25 148 152 0
73 120 52 102 190 116 138 0
74 100 35 196 64 82 0
75 69 195 0
76 179 141 0
77 119 31 30 52 101 182 0
78 192 96 183 0
79 151 11 0
80 197 85 0
81 194 31 66 125 127 0
82 29 65 97 74 0
83 35 185 0
84 139 22 25 0
85 80 32 170 19 22 105 148 0
86 50 15 176 105 133 196 0
87 52 125 55 164 0
88 62 152 67 0
89 11 126 5 6 25 0
90 15 12 14 0
91 22 0
92 123 174 0
93 156 173 163 97 100 114 0
94 118 0
95 17 37 103 171 0
96 102 164 72 5 6 78 145 191 0
97 82 93 0
98 17 175 108 169 7 166 0
99 194 1 8 26 0
100 13 54 74 93 160 0
101 36 183 77 169 0
102 73 155 144 96 60 5 146 0
103 136 23 95 144 192 0
104 113 61 196 0
105 8 85 86 162 181 0
106 70 151 168 185 4 0
107 123 149 51 34 0
108 98 131 163 170 0
109 4 141 0
110 190 170 0
111 138 61 176 0
112 158 9 0
113 9 104 194 0
114 131 49 93 139 0
115 70 37 127 0
116 73 25 62 128 0
117 31 13 14 0
118 9 141 94 146 0
119 177 14 49 77 1 35 66 0
120 17 73 11 127 40 24 0
121 36 5 0
122 49 6 132 138 187 0
123 15 177 68 92 107 0
124 67 0
125 87 59 81 130 0
126 89 0
127 120 81 115 143 0
128 131 180 16 32 38 62 116 0
129 190 137 57 179 0
130 180 125 191 0
131 108 128 56 114 160 0
132 13 122 187 0
133 190 86 0
134 147 14 193 0
135 52 0
136 179 103 144 0
137 129 59 69 170 0
138 45 198 111 73 122 0
139 162 84 114 0
140 160 141 0
141 118 76 109 140 196 0
142 174 178 0
143 57 145 65 127 0
144 102 4 200 71 103 136 0
145 143 27 96 0
146 118 37 102 0
147 15 134 0
148 170 72 85 0
149 107 62 64 195 0
150 1 152 0
151 106 79 170 174 0
152 88 22 41 72 150 0
153 175 171 55 0
154 155 46 13 61 0
155 102 154 18 58 166 0
156 175 39 41 12 93 193 0
157 57 188 1 7 14 42 49 56 0
158 15 112 59 0
159 1 30 70 0
160 42 189 140 100 131 0
161 5 19 38 0
162 171 139 105 0
163 93 22 108 181 0
164 96 57 192 32 53 63 87 0
165 193 167 185 0
166 18 61 98 155 0
167 56 165 0
168 106 0
169 98 101 0
170 85 148 108 110 137 151 0
171 153 162 1 95 0
172 4 187 41 194 0
173 93 21 25 69 0
174 13 142 92 151 0
175 98 156 42 153 199 48 68 0
176 86 63 181 111 0
177 123 119 36 35 42 0
178 54 142 198 0
179 70 136 76 67 129 0
180 128 3 130 0
181 176 66 105 163 0
182 50 77 0
183 101 78 0
184 25 62 0
185 106 83 165 0
186 45 0
187 172 122 132 0
188 157 0
189 160 28 193 0
190 73 133 53 129 110 0
191 2 28 29 96 130 0
192 164 78 29 103 195 0
193 194 165 134 156 189 0
194 13 193 99 81 46 113 172 0
195 75 19 149 192 0
196 74 32 86 104 141 0
197 17 80 56 0
198 138 26 178 0
199 175 24 0
200 144 0

