200  2172
1 186 5 9 10 20 24 31 38 40 44 47 59 66 94 123 127 129 161 168 172 173 183 184 196 0
2 164 83 26 27 34 35 47 55 59 92 132 148 158 186 192 193 194 0
3 55 10 21 23 43 44 67 76 98 100 107 112 121 127 131 132 137 140 150 162 180 185 195 196 0
4 191 133 30 21 45 51 72 73 75 85 86 88 99 103 112 121 122 131 139 157 159 160 164 167 173 196 200 0
5 136 154 1 16 30 32 33 52 76 90 92 95 97 100 111 117 126 155 160 169 178 181 187 198 0
6 22 172 11 19 28 37 46 58 59 64 65 70 77 80 83 93 100 112 123 168 169 171 173 181 183 199 0
7 154 35 10 19 22 26 28 39 45 47 69 72 76 80 99 103 105 106 110 117 120 124 136 155 183 200 0
8 99 76 12 13 15 16 20 52 53 61 66 67 68 110 112 133 155 159 185 187 188 190 196 197 0
9 79 64 1 10 41 58 62 65 66 69 90 94 95 101 108 118 122 126 130 136 138 146 171 173 178 182 183 0
10 183 84 1 3 7 9 12 18 33 36 45 51 52 68 79 140 141 146 157 166 174 182 184 189 197 198 0
11 186 6 12 21 25 35 55 59 61 71 74 78 79 81 94 97 113 138 142 160 185 188 0
12 177 8 10 11 17 21 26 30 44 55 70 77 134 178 186 190 191 0
13 190 195 8 30 43 62 65 74 80 156 159 174 178 194 0
14 116 119 27 15 19 21 36 40 55 70 79 88 91 117 118 124 143 144 149 150 161 169 181 184 198 0
15 44 8 14 16 21 22 27 53 61 74 82 104 108 115 120 137 140 142 158 161 162 175 179 183 194 0
16 86 5 8 15 34 47 65 70 75 94 102 127 152 167 180 187 193 0
17 114 125 12 47 49 52 67 68 74 77 97 102 104 108 113 118 135 158 164 173 189 190 195 0
18 164 115 53 153 10 31 42 48 54 55 76 82 95 140 155 158 169 179 0
19 144 6 7 14 35 63 66 67 73 75 96 100 114 121 127 132 134 142 145 146 173 181 182 190 0
20 106 1 8 29 38 40 47 76 80 84 85 96 110 117 121 156 157 171 174 186 0
21 92 188 3 4 11 12 14 15 25 38 40 45 52 60 65 104 113 133 134 160 174 175 177 0
22 165 87 69 6 88 7 15 29 30 31 44 58 67 70 76 91 98 102 123 124 128 134 136 151 170 0
23 145 146 176 134 3 53 71 126 130 133 137 159 166 183 186 0
24 28 96 151 1 46 49 51 54 91 92 104 109 116 117 135 158 159 160 168 172 181 189 195 200 0
25 98 159 143 38 11 21 26 57 93 99 106 131 139 141 150 173 189 195 0
26 108 2 7 12 25 32 60 74 94 109 123 131 156 158 166 183 187 0
27 14 2 15 41 42 58 73 78 85 86 90 113 121 135 151 158 161 162 164 172 178 189 192 195 0
28 191 46 24 6 7 54 58 79 104 128 141 161 163 165 173 177 186 190 0
29 53 173 20 22 35 46 54 79 81 100 107 122 126 132 154 162 182 183 186 196 0
30 4 5 12 13 22 34 41 47 63 65 77 84 86 101 107 108 112 113 123 134 157 158 165 177 195 200 0
31 106 1 18 22 35 67 75 76 81 84 94 98 112 118 137 147 153 185 187 192 196 0
32 159 5 26 40 47 48 49 57 66 95 98 105 118 130 139 146 148 154 158 173 175 191 0
33 87 5 10 36 37 40 65 66 68 83 88 129 149 152 184 0
34 56 2 16 30 37 55 78 80 85 100 106 116 150 167 168 169 173 182 183 193 194 198 0
35 7 2 11 19 29 31 36 52 69 71 96 116 125 127 129 134 150 182 192 199 0
36 150 129 75 10 14 33 35 44 45 48 51 72 79 85 99 103 113 124 156 160 167 189 190 194 200 0
37 87 6 33 34 48 69 77 79 86 124 126 129 138 140 142 157 169 175 181 195 0
38 25 1 20 21 41 53 69 81 85 110 124 155 163 176 188 193 196 0
39 105 178 166 7 47 57 63 68 69 70 80 85 96 102 120 139 144 146 155 167 0
40 154 1 14 20 21 32 33 46 59 85 94 102 117 140 158 161 185 197 0
41 63 9 27 30 38 42 45 66 78 80 85 109 125 138 151 172 191 0
42 114 18 27 41 43 48 49 59 65 68 151 152 166 200 0
43 105 150 3 13 42 59 72 75 80 84 91 93 99 123 129 132 133 139 140 155 159 165 180 187 198 0
44 87 15 1 3 12 22 36 56 57 62 79 81 111 112 124 150 168 180 183 190 0
45 198 4 7 10 21 36 41 52 64 73 76 78 88 90 104 107 108 118 133 142 172 185 200 0
46 28 120 168 107 6 24 29 40 52 58 71 74 80 92 100 104 105 118 123 125 126 134 136 140 147 149 152 155 163 165 178 196 199 0
47 164 187 1 2 7 16 17 20 30 32 39 68 79 86 103 121 128 132 155 162 165 166 169 173 0
48 181 132 193 18 32 36 37 42 49 66 80 84 95 110 115 125 142 143 165 184 189 0
49 119 17 24 32 42 48 55 65 66 84 86 102 122 131 145 156 161 165 169 0
50 74 196 123 75 79 80 89 92 94 105 112 118 136 137 139 156 170 180 181 190 0
51 145 4 10 24 36 53 65 80 84 94 112 133 136 148 150 151 152 155 179 0
52 152 5 8 10 17 21 35 45 46 57 66 123 135 144 146 161 165 181 184 190 197 200 0
53 18 56 29 182 8 15 23 38 51 68 116 122 153 179 187 192 0
54 125 171 18 24 28 29 69 71 79 81 85 111 117 135 142 144 151 170 180 194 0
55 97 3 2 11 12 14 18 34 49 57 85 117 131 135 136 139 156 169 173 187 191 196 0
56 53 131 34 44 64 72 85 96 112 122 125 168 197 0
57 109 25 32 39 44 52 55 60 76 78 85 87 93 95 104 105 106 110 118 119 146 152 161 167 192 0
58 104 80 6 9 22 27 28 46 64 65 81 87 89 99 105 108 115 124 155 168 184 0
59 105 1 2 6 11 40 42 43 71 90 104 111 116 121 122 146 159 160 174 192 195 198 0
60 136 21 26 57 61 71 75 81 90 112 117 134 147 153 158 168 171 193 0
61 164 186 194 8 11 15 60 62 68 74 76 95 102 123 134 150 178 180 181 192 200 0
62 70 9 13 44 61 71 76 81 94 99 103 108 111 115 118 150 152 179 181 186 195 197 0
63 78 41 19 30 39 71 76 92 114 123 126 130 138 192 194 0
64 9 122 86 6 45 56 58 70 75 82 84 87 104 108 109 120 127 142 152 168 174 182 199 0
65 179 6 9 13 16 21 30 33 42 49 51 58 73 79 87 104 105 107 108 113 129 136 147 170 178 183 0
66 93 1 8 9 19 32 33 41 48 49 52 68 97 100 104 110 132 148 159 173 190 195 200 0
67 136 118 3 8 17 19 22 31 68 87 94 98 102 121 123 155 162 167 184 191 194 198 0
68 162 8 10 17 33 39 42 47 53 61 66 67 69 73 116 121 124 129 138 145 146 150 152 155 166 173 0
69 22 7 9 35 37 38 39 54 68 72 75 78 82 91 98 100 108 114 127 128 149 153 165 191 0
70 136 189 62 6 12 14 16 22 39 64 75 77 79 80 105 108 111 120 124 150 181 182 185 188 191 194 199 0
71 190 11 23 35 46 54 59 60 62 63 78 130 136 159 171 176 192 198 0
72 96 4 7 36 43 56 69 74 76 97 106 110 112 123 127 141 186 194 196 0
73 191 104 4 19 27 45 65 68 82 92 109 114 149 161 163 167 169 0
74 115 106 50 91 11 13 15 17 26 46 61 72 76 80 98 99 116 117 122 136 141 146 149 162 176 178 187 190 198 0
75 36 4 16 19 31 43 50 60 64 69 70 76 82 107 111 112 116 188 0
76 8 3 5 7 18 20 22 31 45 57 61 62 63 72 74 75 89 92 96 98 99 105 110 116 121 122 139 156 194 0
77 114 6 12 17 30 37 70 81 84 90 96 113 124 127 131 134 157 163 166 167 172 174 176 177 179 195 0
78 79 63 11 27 34 41 45 57 69 71 80 81 85 90 100 128 129 146 200 0
79 115 9 155 78 10 11 14 28 29 36 37 44 47 50 54 65 70 86 90 93 102 112 121 136 143 154 161 172 177 0
80 58 6 7 13 20 34 39 41 43 46 48 50 51 70 74 78 88 96 127 129 155 164 175 180 0
81 179 11 29 31 38 44 54 58 60 62 77 78 89 109 124 154 160 170 173 182 189 0
82 87 108 112 141 15 18 64 69 73 75 89 129 133 149 164 166 0
83 2 6 33 84 104 105 106 120 126 161 178 192 0
84 10 20 30 31 43 48 49 51 64 77 83 88 93 108 129 151 164 173 177 180 182 186 188 195 0
85 155 163 4 20 27 34 36 38 39 40 41 54 55 56 57 78 118 122 145 160 161 166 174 177 187 193 0
86 64 16 4 27 30 37 47 49 79 95 109 114 132 133 140 155 167 169 194 0
87 22 82 33 44 37 57 58 64 65 67 96 109 113 115 125 166 167 187 193 0
88 22 4 14 33 45 80 84 115 117 125 128 131 157 159 161 168 172 183 188 189 196 197 0
89 200 156 50 58 76 81 82 91 103 109 112 117 133 134 135 137 139 145 172 197 0
90 198 5 9 27 45 59 60 77 78 79 106 118 140 144 156 157 164 173 0
91 74 14 22 24 43 69 89 102 107 111 112 124 125 132 153 0
92 136 21 200 114 103 137 2 5 24 46 50 63 73 76 94 116 118 125 139 153 157 169 170 198 0
93 190 94 183 66 6 25 43 57 79 84 95 100 120 149 155 158 176 192 195 200 0
94 93 170 1 9 11 16 26 31 40 50 51 62 67 92 98 133 153 185 187 0
95 199 177 5 9 18 32 48 57 61 86 93 104 113 119 123 128 134 144 160 165 185 193 0
96 24 72 127 19 20 35 39 56 76 77 80 87 120 135 149 153 157 159 172 178 187 197 0
97 131 55 5 11 17 66 72 99 100 106 110 114 127 144 145 181 184 0
98 164 25 139 179 3 22 31 32 67 69 74 76 94 111 114 123 135 145 200 0
99 136 8 4 7 25 36 43 58 62 74 76 97 105 111 128 135 140 153 161 163 164 171 172 183 188 0
100 153 3 5 6 19 29 34 46 66 69 78 93 97 102 103 108 112 119 152 158 159 166 167 178 190 191 0
101 111 9 30 109 117 138 141 155 166 172 173 0
102 128 16 17 22 39 40 49 61 67 79 91 100 108 114 130 136 137 152 160 163 164 176 180 187 190 196 0
103 92 4 7 36 47 62 89 100 119 131 158 169 181 184 190 0
104 73 58 15 17 21 24 28 45 46 57 59 64 65 66 83 95 105 116 126 134 135 136 150 153 164 197 0
105 159 43 39 59 167 7 32 46 50 57 58 65 70 76 83 99 104 109 113 117 120 125 133 140 162 165 166 174 184 0
106 74 31 20 7 25 34 57 72 83 90 97 118 122 129 144 161 176 178 181 182 185 190 193 199 0
107 46 3 29 30 45 65 75 91 116 120 122 128 148 152 155 188 0
108 82 26 9 15 17 30 45 58 62 64 65 69 70 84 100 102 113 126 131 139 143 159 183 185 196 0
109 115 57 24 26 41 64 73 81 86 87 89 101 105 110 113 123 128 129 131 156 169 173 195 198 0
110 115 7 8 20 38 48 57 66 72 76 97 109 111 118 124 135 144 150 163 175 178 0
111 125 101 5 44 54 59 62 70 75 91 98 99 110 129 136 177 183 193 199 0
112 82 3 4 6 8 30 31 44 50 51 56 60 72 75 79 89 91 100 124 125 146 147 148 160 166 174 178 180 181 187 192 199 0
113 198 11 17 21 27 30 36 65 77 87 95 105 108 109 118 120 121 135 139 142 153 162 170 178 0
114 92 17 42 77 19 63 69 73 86 97 98 102 134 156 159 200 0
115 18 74 79 109 145 110 15 48 58 62 87 88 153 156 190 191 192 0
116 136 14 181 197 24 34 35 53 59 68 74 75 76 92 104 107 118 130 135 148 151 158 161 168 169 170 175 176 177 195 0
117 120 5 7 14 20 24 40 54 55 60 74 88 89 101 105 136 141 152 163 169 174 176 190 193 0
118 67 9 14 17 31 32 45 46 50 57 62 85 90 92 106 110 113 116 122 127 142 144 146 148 158 169 178 0
119 14 49 140 121 57 95 100 103 126 144 157 160 167 189 199 0
120 46 117 7 15 39 64 70 83 93 96 105 107 113 128 135 137 169 183 194 0
121 119 3 4 19 20 27 47 59 67 68 76 79 113 122 123 167 169 173 185 189 0
122 64 4 9 29 49 53 56 59 74 76 85 106 107 118 121 129 142 143 148 150 154 175 184 197 0
123 50 1 6 22 26 30 43 46 52 61 63 67 72 95 98 109 121 124 145 150 173 174 180 0
124 159 7 14 22 36 37 38 44 58 68 70 77 81 91 110 112 123 125 137 140 158 170 180 181 182 193 0
125 17 111 54 35 41 46 48 56 87 88 91 92 105 112 124 135 145 167 169 171 178 190 0
126 182 5 9 23 29 37 46 63 83 104 108 119 191 193 200 0
127 96 1 3 16 19 35 64 69 72 77 80 97 118 131 132 154 165 168 183 187 194 0
128 180 102 22 28 47 69 78 88 95 99 107 109 120 130 136 139 142 146 155 173 186 198 0
129 36 1 33 35 37 43 65 68 78 80 82 84 106 109 111 122 154 157 170 178 194 196 198 200 0
130 185 9 23 32 63 71 102 116 128 133 137 142 194 195 0
131 56 97 3 4 25 26 49 55 77 88 103 108 109 127 139 142 146 150 158 174 188 0
132 48 2 3 19 29 43 47 66 86 91 127 133 150 157 165 168 181 189 194 0
133 4 8 21 23 43 45 51 82 86 89 94 105 130 132 139 140 198 199 200 0
134 23 12 19 21 22 30 35 46 60 61 77 89 95 104 114 138 139 144 155 164 170 176 179 181 189 190 199 200 0
135 175 17 24 27 52 54 55 89 96 98 99 104 110 113 116 120 125 146 149 150 154 158 164 169 180 0
136 92 164 70 165 116 99 191 5 67 60 7 9 22 46 50 51 55 65 71 74 79 102 104 111 117 128 143 167 182 183 185 187 197 200 0
137 92 3 15 23 31 50 89 102 120 124 130 146 147 162 186 198 0
138 149 9 11 37 41 63 68 101 134 158 159 162 172 196 0
139 98 147 4 25 32 39 43 50 55 76 89 92 108 113 128 131 133 134 146 151 156 180 181 187 194 198 0
140 119 3 10 15 18 37 40 43 46 86 90 99 105 124 133 150 151 154 164 172 175 176 179 183 197 0
141 82 10 25 28 72 74 101 117 158 168 179 183 186 189 196 199 0
142 150 11 15 19 37 45 48 54 64 113 118 122 128 130 131 145 200 0
143 25 14 48 79 108 122 136 156 170 177 188 0
144 173 192 19 14 39 52 54 90 95 97 106 110 118 119 134 150 156 161 163 171 181 183 0
145 115 23 51 19 49 68 85 89 97 98 123 125 142 171 178 189 192 194 0
146 23 9 10 19 32 39 52 57 59 68 74 78 112 118 128 131 135 137 139 147 156 179 187 189 199 0
147 139 31 46 60 65 112 137 146 149 151 154 185 188 0
148 198 2 32 51 66 107 112 116 118 122 149 177 0
149 164 199 138 14 33 46 69 73 74 82 93 96 135 147 148 151 152 157 171 172 177 190 193 0
150 43 36 162 185 142 3 14 25 34 35 44 51 61 62 68 70 104 110 122 123 131 132 135 140 144 166 175 178 0
151 24 22 27 41 42 51 54 84 116 139 140 147 149 169 174 192 199 0
152 170 52 16 33 42 46 51 57 62 64 68 100 102 107 117 149 162 167 173 180 189 0
153 18 100 31 53 60 69 91 92 94 96 99 104 113 115 171 182 183 184 189 198 0
154 5 7 40 29 32 79 81 122 127 129 135 140 147 159 162 197 0
155 79 85 5 7 8 18 38 39 43 46 47 51 58 67 68 80 86 93 101 107 128 134 169 0
156 89 198 13 20 26 36 49 50 55 76 90 109 114 115 139 143 144 146 163 172 174 191 193 0
157 178 4 10 20 30 37 77 88 90 92 96 119 129 132 149 159 173 174 175 177 191 192 0
158 160 2 15 17 18 24 26 27 30 32 40 60 93 100 103 116 118 124 131 135 138 141 163 189 195 0
159 25 105 32 124 4 8 13 23 24 43 59 66 71 88 96 100 108 114 138 154 157 175 183 185 189 190 193 195 0
160 185 158 4 5 11 21 24 36 59 81 85 95 102 112 119 162 165 180 189 199 0
161 181 1 14 15 27 28 40 49 52 57 73 79 83 85 88 99 106 116 144 163 164 170 175 178 187 192 195 197 0
162 150 68 3 15 27 29 47 67 74 105 113 137 138 152 154 160 163 165 173 179 181 182 197 200 0
163 85 28 38 46 73 77 99 102 110 117 144 156 158 161 162 178 182 184 198 0
164 136 18 98 2 149 190 61 47 4 17 27 80 82 84 90 99 102 104 134 135 140 161 172 173 180 185 188 199 0
165 136 22 28 30 43 46 47 48 49 52 69 95 105 127 132 160 162 169 177 186 188 193 198 0
166 39 10 23 26 42 47 68 77 82 85 87 100 101 105 112 150 167 175 187 188 193 194 197 0
167 105 4 16 34 36 39 57 67 73 77 86 87 100 119 121 125 136 152 166 183 184 189 195 197 200 0
168 46 1 6 24 34 44 56 58 60 64 88 116 127 132 141 170 182 187 0
169 178 5 6 14 18 34 37 47 49 55 73 86 92 103 109 116 117 118 120 121 125 135 151 155 165 172 187 191 0
170 94 152 22 50 54 65 81 92 113 116 124 129 134 143 161 168 180 185 197 0
171 54 6 9 20 60 71 99 125 144 145 149 153 173 198 0
172 6 1 24 27 41 45 77 79 88 89 96 99 101 138 140 149 156 164 169 173 176 183 186 191 192 194 195 199 0
173 29 144 1 4 6 9 17 19 25 28 32 34 47 55 66 68 81 84 90 101 109 121 123 128 152 157 162 164 171 172 180 0
174 189 10 13 20 21 59 64 77 85 105 112 117 123 131 151 156 157 182 194 195 0
175 190 135 15 21 32 37 80 110 116 122 140 150 157 159 161 166 186 193 196 0
176 23 38 71 74 77 93 102 106 116 117 134 140 172 181 193 0
177 95 12 21 28 30 77 79 84 85 111 116 143 148 149 157 165 190 200 0
178 39 157 169 5 9 12 13 27 46 61 65 74 83 96 100 106 110 112 113 118 125 129 145 150 161 163 198 0
179 98 65 81 15 18 51 53 62 77 134 140 141 146 162 180 198 0
180 196 128 3 16 43 44 50 54 61 80 84 102 112 123 124 135 139 152 160 164 170 173 179 181 185 194 0
181 116 48 161 184 5 6 14 19 24 37 50 52 61 62 70 97 103 106 112 124 132 134 139 144 162 176 180 190 0
182 53 126 9 10 19 29 34 35 64 70 81 84 106 124 136 153 162 163 168 174 190 195 0
183 93 10 1 6 7 9 15 23 26 29 34 44 65 88 99 108 111 120 127 136 140 141 144 153 159 167 172 185 190 194 200 0
184 181 1 10 14 33 48 52 58 67 97 103 105 122 153 163 167 185 194 0
185 150 160 130 3 8 11 31 40 45 70 94 95 106 108 121 136 147 159 164 170 180 183 184 187 0
186 61 1 11 2 12 20 23 28 29 62 72 84 128 137 141 165 172 175 199 0
187 47 5 8 16 26 31 43 53 55 74 85 87 94 96 102 112 127 136 139 146 161 166 168 169 185 189 0
188 21 8 11 38 70 75 84 88 99 107 131 143 147 164 165 166 191 193 0
189 70 174 10 17 24 25 27 36 48 81 88 119 121 132 134 141 145 146 152 153 158 159 160 167 187 192 0
190 164 13 93 175 71 8 12 17 19 28 36 44 50 52 66 74 100 102 103 106 115 117 125 134 149 159 177 181 182 183 0
191 136 28 4 73 12 32 41 55 67 69 70 100 115 126 156 157 169 172 188 194 198 0
192 144 2 27 31 35 53 57 59 61 63 71 83 93 112 115 145 151 157 161 172 189 197 0
193 48 2 16 34 38 60 85 87 95 106 111 117 124 126 149 156 159 165 166 175 176 188 0
194 61 2 13 15 34 36 54 63 67 70 72 76 86 120 127 129 130 132 139 145 166 172 174 180 183 184 191 0
195 13 3 17 24 25 27 30 37 59 62 66 77 84 93 109 116 130 158 159 161 167 172 174 182 196 197 0
196 50 180 1 3 4 8 29 31 38 46 55 72 88 102 108 129 138 141 175 195 0
197 116 8 10 40 52 56 62 88 89 96 104 122 136 140 154 161 162 166 167 170 192 195 198 0
198 156 90 113 148 45 5 10 14 34 43 59 67 71 74 92 109 128 129 133 137 139 153 163 165 171 178 179 191 197 0
199 149 95 6 35 46 64 70 106 111 112 119 133 134 141 146 151 160 164 172 186 200 0
200 92 89 4 7 24 30 36 42 45 52 61 66 78 93 98 114 126 129 133 134 136 142 162 167 177 183 199 0

