200  2171
1 68 152 10 11 24 29 30 41 69 79 80 87 94 100 104 128 132 139 172 181 197 0
2 175 6 13 23 25 43 70 80 84 96 102 114 125 130 132 138 147 160 165 167 171 189 198 0
3 145 12 18 29 31 44 62 70 92 99 108 110 119 122 133 140 146 164 173 179 188 189 196 197 0
4 116 17 19 45 46 50 69 70 76 79 85 91 98 105 107 111 121 153 166 182 0
5 68 130 115 11 15 16 21 35 78 90 93 105 108 109 125 129 152 157 158 162 178 183 0
6 186 2 10 12 21 22 24 29 49 51 53 65 71 134 141 144 160 173 175 179 187 0
7 163 9 44 45 85 108 120 126 127 143 150 154 167 168 172 175 196 0
8 42 29 10 18 20 24 34 65 97 99 101 113 116 120 131 135 137 150 158 167 170 178 188 0
9 47 14 7 16 36 55 70 71 74 86 91 100 102 106 112 125 149 174 178 0
10 168 1 6 8 15 29 34 74 88 90 102 112 114 116 117 126 127 130 140 152 0
11 5 1 15 20 24 28 40 44 57 58 62 73 106 108 123 143 155 157 163 171 172 177 181 0
12 189 147 3 6 38 39 61 80 83 85 86 88 89 91 93 94 107 121 123 127 156 165 180 0
13 141 2 15 17 27 30 49 56 59 64 71 76 85 96 110 117 120 143 167 170 171 188 0
14 9 30 33 40 58 59 63 71 74 98 112 113 128 131 133 144 149 150 163 170 174 179 189 0
15 116 48 5 10 11 13 17 37 56 61 64 89 92 135 137 147 160 169 179 0
16 39 194 5 9 24 27 28 42 45 71 72 74 79 86 95 108 114 117 129 144 160 170 173 188 0
17 136 4 13 15 25 40 52 77 86 90 95 100 104 107 109 119 137 141 143 148 157 170 0
18 82 3 8 26 41 69 84 89 105 108 121 127 131 140 151 159 162 168 178 190 197 200 0
19 67 4 24 27 36 58 63 71 83 84 102 111 115 132 138 144 151 154 159 164 179 180 183 187 190 195 0
20 24 8 11 35 41 44 48 60 61 71 78 103 106 119 120 153 157 160 176 182 187 200 0
21 77 144 5 6 24 46 73 80 108 140 142 148 165 192 0
22 188 173 55 41 6 35 37 53 60 61 67 84 100 106 113 119 123 135 153 158 165 166 195 197 0
23 191 45 2 29 43 54 58 102 119 132 133 167 192 0
24 145 20 185 78 1 6 8 11 16 19 21 31 34 37 45 54 72 82 86 88 90 94 95 97 125 187 190 192 199 0
25 112 69 2 17 32 34 56 60 79 84 94 95 105 125 131 134 141 150 168 191 196 200 0
26 97 18 28 34 42 49 51 54 70 92 93 101 135 137 140 145 148 157 161 178 186 0
27 125 62 151 13 16 19 31 52 53 67 92 97 107 108 109 116 136 139 145 165 186 189 193 196 0
28 193 11 16 26 59 60 108 131 141 142 150 157 160 194 198 0
29 8 1 3 6 10 23 34 46 56 60 62 83 91 95 96 104 117 118 122 129 130 136 141 143 153 166 169 174 179 181 0
30 72 1 13 14 42 44 49 52 75 79 84 123 124 130 132 143 144 164 170 174 178 0
31 134 3 24 27 43 123 126 129 131 132 136 144 149 154 168 176 178 187 198 0
32 113 68 77 83 71 25 39 43 72 75 87 115 140 144 150 159 170 181 0
33 172 114 14 37 42 67 81 82 96 109 110 117 132 143 158 188 190 0
34 159 8 10 24 25 26 29 37 41 42 48 52 74 78 87 91 96 103 139 142 148 150 173 178 192 193 194 0
35 37 5 20 22 50 51 59 65 82 86 93 99 101 106 109 114 116 126 133 147 161 185 191 192 196 0
36 142 9 19 45 56 57 59 62 72 75 92 133 144 147 166 168 189 0
37 154 35 164 181 15 22 24 33 34 41 44 48 56 64 74 75 84 92 96 100 117 123 131 136 137 141 142 144 183 191 200 0
38 73 12 62 63 94 132 134 135 137 142 150 151 181 195 0
39 90 16 12 32 43 44 69 79 89 93 105 137 139 140 161 173 182 191 195 0
40 50 11 14 17 41 47 49 58 64 72 73 93 99 106 119 122 161 166 171 177 183 189 190 0
41 22 1 18 20 34 37 40 42 52 77 78 85 93 123 135 141 150 154 159 172 173 191 0
42 133 8 67 16 26 30 33 34 41 45 72 75 116 123 126 134 148 154 200 0
43 75 2 23 31 32 39 45 51 56 70 71 85 86 100 111 113 114 188 193 0
44 59 3 7 11 20 30 37 39 64 65 77 86 95 104 108 136 146 155 167 168 191 0
45 23 4 7 16 24 36 42 43 49 71 77 79 82 119 122 129 143 151 155 157 170 172 180 182 189 190 0
46 73 88 161 4 21 29 51 54 59 72 79 101 116 117 118 154 156 177 179 0
47 105 9 169 40 57 60 68 74 78 98 104 114 118 138 141 170 172 179 0
48 15 85 20 34 37 60 70 90 111 122 126 134 145 157 178 181 195 0
49 192 6 13 26 30 40 45 56 57 61 84 89 96 103 105 109 115 128 139 149 152 180 183 185 0
50 170 40 4 35 59 62 92 101 110 113 122 123 144 147 151 160 164 181 182 191 192 198 200 0
51 185 6 26 35 43 46 58 67 86 90 95 104 118 162 191 192 199 0
52 200 17 27 30 34 41 69 71 81 87 101 104 129 131 136 141 157 165 166 172 176 198 0
53 88 6 22 27 74 75 77 87 93 94 97 119 120 122 123 126 141 150 163 197 0
54 105 75 23 24 26 46 55 59 78 81 88 129 134 161 163 170 182 184 196 0
55 22 79 9 54 64 67 73 91 92 114 125 139 156 160 171 189 195 197 0
56 111 122 160 13 15 25 29 36 37 43 49 64 81 115 125 129 140 143 158 164 167 176 183 185 0
57 146 11 36 47 49 62 71 75 81 87 114 116 120 122 124 129 133 160 168 181 196 0
58 132 11 14 19 23 40 51 63 70 79 81 83 84 93 94 123 127 142 164 170 177 0
59 179 44 100 81 13 14 28 35 36 46 50 54 63 64 67 76 85 86 94 95 107 111 126 152 170 174 187 0
60 110 20 22 25 28 29 47 48 64 70 71 76 78 93 100 102 108 111 121 128 137 138 141 144 152 163 167 177 181 187 188 190 0
61 159 12 15 20 22 49 64 68 75 112 113 117 131 136 141 147 153 156 161 166 186 0
62 27 142 3 11 29 36 38 50 57 74 88 108 126 135 148 150 161 162 170 0
63 97 14 19 38 58 59 73 79 89 93 103 108 117 123 164 165 175 176 177 183 185 197 199 0
64 167 13 15 37 40 44 55 56 59 60 61 73 96 97 105 142 147 158 163 175 180 193 0
65 121 162 6 8 35 44 67 77 79 93 97 103 109 134 144 148 163 170 181 0
66 115 86 89 112 121 127 132 161 172 179 0
67 42 19 22 27 33 51 55 59 65 72 102 129 144 146 158 176 182 0
68 32 5 154 200 1 47 61 86 90 114 117 122 129 133 142 143 162 175 176 192 197 0
69 25 80 1 4 18 39 52 79 81 84 88 97 100 103 104 135 171 177 179 180 187 192 0
70 116 192 2 3 4 9 26 43 48 58 60 118 141 147 164 169 174 186 190 0
71 32 6 9 13 14 16 19 20 43 45 52 57 60 76 79 81 82 86 98 99 104 112 131 146 168 179 185 0
72 105 30 16 24 32 36 40 42 46 67 81 88 101 119 124 139 146 151 157 159 182 187 192 197 0
73 105 38 155 99 163 46 11 21 40 55 63 64 80 84 90 94 109 111 117 119 123 127 132 136 144 150 166 170 174 0
74 157 9 10 14 16 34 37 47 53 62 89 117 119 122 123 127 139 164 173 175 179 181 195 0
75 54 118 43 30 32 36 37 42 53 57 61 76 85 109 111 127 128 132 138 146 168 170 177 188 0
76 85 4 13 59 60 71 75 79 96 114 117 142 144 163 179 187 194 0
77 32 121 170 21 198 17 41 44 45 53 65 94 96 115 140 143 146 152 155 0
78 24 5 20 34 41 47 54 60 82 103 112 133 144 145 157 162 179 0
79 55 1 4 16 25 30 39 45 46 58 63 65 69 71 76 92 105 109 114 126 145 146 150 160 161 179 0
80 69 1 2 12 21 73 81 101 103 118 130 133 143 146 153 159 170 178 193 0
81 59 33 52 54 56 57 58 69 71 72 80 88 111 112 119 123 131 143 165 175 179 188 0
82 182 191 18 24 33 35 45 71 78 92 100 119 132 147 149 151 167 173 0
83 32 12 19 29 58 84 86 87 105 115 126 133 153 184 188 198 200 0
84 105 2 18 19 22 25 30 37 49 58 69 73 83 93 98 100 101 103 107 108 112 118 119 125 138 140 141 143 144 148 162 169 172 174 184 190 193 0
85 48 76 4 7 12 13 41 43 59 75 90 91 94 97 113 120 134 136 140 141 159 174 188 190 200 0
86 120 9 12 16 17 24 35 43 44 51 59 66 68 71 83 91 110 113 123 141 143 144 154 159 160 164 165 0
87 194 1 32 34 52 53 57 83 89 91 94 101 121 123 124 125 126 131 160 161 169 191 0
88 46 53 10 12 24 54 62 69 72 81 91 125 136 157 161 162 168 171 184 0
89 107 12 15 18 39 49 63 66 74 87 104 108 119 121 125 133 148 169 177 196 197 199 0
90 91 39 5 10 17 24 48 51 68 73 85 94 99 103 143 147 150 158 171 179 191 0
91 150 176 90 4 9 12 29 34 55 85 86 87 88 103 119 126 130 152 153 166 170 194 199 0
92 185 3 15 26 27 36 37 50 55 79 82 101 103 108 123 125 128 157 158 180 0
93 97 5 12 26 35 39 40 41 53 58 60 63 65 84 110 111 114 122 127 144 155 161 163 171 175 0
94 102 1 12 24 25 38 53 58 59 73 77 85 87 90 107 114 116 119 132 138 140 154 164 192 200 0
95 178 16 17 24 25 29 44 51 59 109 111 113 121 138 144 155 166 177 182 184 188 0
96 110 2 13 29 33 34 37 49 64 76 77 98 101 116 133 135 145 148 157 158 180 181 187 0
97 154 26 135 63 93 174 8 24 27 53 64 65 69 85 98 143 152 163 177 186 190 193 194 195 196 0
98 99 165 4 14 47 71 84 96 97 108 110 125 128 129 147 148 162 169 173 0
99 73 98 182 143 3 8 35 40 71 90 116 126 130 133 139 158 162 166 175 179 183 188 194 198 0
100 59 1 9 17 22 37 43 60 69 82 84 101 110 111 115 121 140 154 173 178 189 0
101 131 8 26 35 46 50 52 72 80 84 87 92 96 100 106 107 111 120 148 151 170 173 176 182 186 187 191 192 0
102 178 94 2 9 10 19 23 60 67 110 134 141 151 161 179 185 0
103 131 20 34 49 63 65 69 78 80 84 90 91 92 110 117 121 144 148 150 164 165 166 186 191 198 0
104 182 1 17 29 44 47 51 52 69 71 89 112 126 134 144 145 150 177 178 180 0
105 111 73 133 72 47 54 84 4 5 18 25 39 49 64 79 83 122 127 129 151 153 165 183 194 196 0
106 130 190 9 11 20 22 35 40 101 110 123 139 142 144 145 182 0
107 154 89 4 12 17 27 59 84 94 101 109 130 140 145 162 181 191 0
108 154 3 5 7 11 16 18 21 27 28 44 60 62 63 84 89 92 98 110 115 141 153 156 159 170 193 0
109 198 5 17 27 33 35 49 65 73 75 79 95 107 113 134 136 145 155 161 176 185 195 196 0
110 155 188 60 96 3 13 33 50 86 93 98 100 102 103 106 108 123 126 136 144 146 150 158 191 0
111 141 105 140 179 56 4 19 43 48 59 60 73 75 81 93 95 100 101 121 144 153 166 168 175 191 0
112 154 25 9 10 14 61 66 71 78 81 84 104 121 128 137 164 192 196 0
113 141 32 189 8 14 22 43 50 61 85 86 95 109 119 124 152 178 179 185 0
114 33 2 10 16 35 43 47 55 57 68 76 79 93 94 138 143 146 149 161 163 167 175 178 179 0
115 5 66 184 19 32 49 56 77 83 100 108 154 165 170 191 194 0
116 165 15 70 117 146 4 8 10 27 35 42 46 57 94 96 99 127 128 130 131 133 139 148 162 180 184 185 0
117 116 131 120 10 13 16 29 33 37 46 61 63 68 73 74 76 103 150 151 154 157 158 159 160 171 181 0
118 75 29 46 47 51 70 80 84 131 138 159 182 188 189 0
119 192 3 17 20 22 23 40 45 53 72 73 74 81 82 84 89 91 94 113 131 136 139 158 163 165 169 177 184 0
120 117 86 7 8 13 20 53 57 85 101 122 123 138 152 159 165 169 178 180 190 0
121 77 65 148 4 12 18 60 66 87 89 95 100 103 111 112 128 130 131 158 162 165 181 0
122 56 196 3 29 40 45 48 50 53 57 68 74 93 105 120 133 141 143 144 149 150 152 164 176 190 192 198 0
123 169 11 12 22 30 31 37 41 42 50 53 58 63 73 74 81 86 87 92 106 110 120 124 132 134 146 149 152 157 167 0
124 141 30 57 72 87 113 123 125 130 173 190 0
125 154 27 2 5 9 24 25 55 56 84 87 88 89 92 98 124 130 131 136 146 156 176 182 198 199 0
126 154 156 193 127 7 10 31 35 42 48 53 59 62 79 83 87 91 99 104 110 133 143 145 146 179 181 189 200 0
127 126 7 10 12 18 58 66 73 74 75 93 105 116 129 133 167 169 171 182 191 0
128 200 1 14 49 60 75 92 98 112 116 121 133 134 137 142 157 184 0
129 167 5 16 29 31 45 52 54 56 57 67 68 98 105 127 132 136 141 142 152 171 188 190 194 0
130 5 106 2 10 29 30 80 91 99 107 116 121 124 125 142 144 149 162 178 193 194 0
131 117 103 101 8 14 18 25 28 31 37 52 61 71 81 87 116 118 119 121 125 139 147 162 163 176 180 0
132 165 180 58 1 2 19 23 30 31 33 38 66 73 75 82 94 123 129 134 151 171 182 187 189 0
133 105 42 157 3 14 23 35 36 57 68 78 80 83 89 96 99 116 122 126 127 128 141 147 156 160 192 0
134 165 31 6 25 38 42 48 54 65 85 102 104 109 123 128 132 146 151 154 170 176 179 181 183 185 193 0
135 97 8 15 22 26 38 41 62 69 96 144 149 154 159 161 181 190 199 0
136 156 17 27 29 31 37 44 52 61 73 85 88 109 110 119 125 129 141 143 145 160 166 172 194 0
137 180 8 15 17 26 37 38 39 60 112 128 153 156 161 172 0
138 152 2 19 47 60 75 84 94 95 114 118 120 139 143 167 187 200 0
139 156 1 27 34 39 49 55 72 74 99 106 116 119 131 138 158 178 180 199 0
140 111 175 3 10 18 21 26 32 39 56 77 84 85 94 100 107 142 150 155 157 166 173 191 192 195 196 0
141 111 113 13 124 6 17 25 28 29 37 41 47 52 53 60 61 70 84 85 86 102 108 122 129 133 136 156 179 193 0
142 62 36 21 28 34 37 38 58 64 68 76 106 128 129 130 140 147 153 159 162 168 179 188 0
143 99 7 11 13 17 29 30 33 45 56 68 77 80 81 84 86 90 97 114 122 126 136 138 160 176 188 193 197 198 0
144 21 6 14 16 19 30 31 32 36 37 50 60 65 67 73 76 78 84 86 93 95 103 104 106 110 111 122 130 135 152 156 158 162 174 177 180 184 194 0
145 146 3 24 26 27 48 78 79 96 104 106 107 109 126 136 187 190 0
146 116 145 177 57 3 44 67 71 72 75 77 79 80 110 114 123 125 126 134 179 181 187 194 196 0
147 12 2 15 35 36 50 61 64 70 82 90 98 131 133 142 149 151 153 163 175 181 184 187 194 196 0
148 121 17 21 26 34 42 62 65 84 89 96 98 101 103 116 149 168 174 180 182 0
149 173 9 14 31 49 82 114 122 123 130 135 147 148 151 168 172 178 183 189 192 0
150 192 91 7 8 14 25 28 32 34 38 41 53 62 73 79 90 103 104 110 117 122 140 158 166 168 0
151 27 18 19 38 45 50 72 82 101 102 105 117 132 134 147 149 167 182 191 0
152 1 138 5 10 49 59 60 77 91 97 113 120 122 123 129 144 156 158 164 179 185 189 196 0
153 157 183 4 20 22 29 61 80 83 91 105 108 111 137 142 147 174 181 193 0
154 68 126 125 37 112 107 97 108 7 19 31 41 42 46 86 94 100 115 117 134 135 167 169 175 177 189 0
155 73 110 172 11 44 45 77 93 95 109 140 162 176 183 194 0
156 126 136 139 12 46 55 61 108 125 133 137 141 144 152 165 167 188 189 198 0
157 133 153 74 5 11 17 20 26 28 45 48 52 72 78 88 92 96 117 123 128 140 0
158 191 187 195 5 8 22 33 56 64 67 90 92 96 99 110 117 119 121 139 144 150 152 180 190 0
159 189 197 34 61 18 19 32 41 72 80 85 86 108 117 118 120 135 142 161 165 169 177 182 183 0
160 56 2 6 15 16 20 28 50 55 57 79 86 87 117 133 136 143 180 196 197 0
161 46 26 35 39 40 54 61 62 66 79 87 88 93 102 109 114 135 137 159 170 176 189 0
162 65 5 18 51 62 68 78 84 88 98 99 107 116 121 130 131 142 144 155 164 179 196 0
163 73 178 7 11 14 53 54 60 64 65 76 93 97 114 119 131 147 165 176 0
164 37 3 19 30 50 56 58 63 70 74 86 94 103 112 122 152 162 180 184 197 0
165 98 116 134 199 132 2 12 21 22 27 52 63 81 86 103 105 115 119 120 121 156 159 163 175 185 189 200 0
166 177 4 22 29 36 40 52 61 73 91 95 99 103 111 136 140 150 182 191 0
167 179 129 64 2 7 8 13 23 44 56 60 82 114 123 127 138 151 154 156 171 178 188 195 0
168 182 10 186 7 18 25 31 36 44 57 71 75 88 111 142 148 149 150 175 177 180 0
169 47 123 15 29 70 84 87 89 98 119 120 127 154 159 196 198 0
170 77 50 8 13 14 16 17 30 32 45 47 54 58 59 62 65 73 75 80 91 101 108 115 134 161 174 176 186 193 0
171 192 2 11 13 40 55 69 88 90 93 117 127 129 132 167 199 0
172 155 33 1 7 11 41 45 47 52 66 84 136 137 149 185 0
173 22 149 3 6 16 34 39 41 74 82 98 100 101 124 140 175 177 178 180 189 200 0
174 97 9 14 29 30 59 70 73 84 85 144 148 153 170 191 198 0
175 140 2 6 7 63 64 68 74 81 93 99 111 114 147 154 165 168 173 180 197 0
176 91 20 31 52 56 63 67 68 101 109 122 125 131 134 143 155 161 163 170 181 186 189 196 0
177 146 166 11 40 46 58 60 63 69 75 89 95 97 104 119 144 154 159 168 173 189 192 0
178 163 102 95 5 8 9 18 26 30 31 34 48 80 100 104 113 114 120 130 139 149 167 173 181 196 197 198 0
179 111 59 167 3 6 14 15 19 29 46 47 66 69 71 74 76 78 79 81 90 99 102 113 114 126 134 141 142 146 152 162 185 0
180 132 137 12 19 45 49 64 69 92 96 104 116 120 131 139 144 148 158 160 164 168 173 175 184 0
181 37 1 11 29 32 38 48 50 57 60 65 74 96 107 117 121 126 134 135 146 147 153 176 178 0
182 99 82 168 104 4 20 39 45 50 54 67 72 95 101 106 118 125 127 132 148 151 159 166 183 185 197 0
183 153 5 19 37 40 49 56 63 99 105 134 149 155 159 182 186 191 200 0
184 115 54 83 84 88 95 116 119 128 144 147 164 180 0
185 24 92 51 35 49 56 63 71 102 109 113 116 134 152 165 172 179 182 189 191 0
186 168 6 26 27 61 70 97 101 103 170 176 183 190 197 0
187 158 6 19 20 24 31 59 60 69 72 76 96 101 132 138 145 146 147 191 198 0
188 110 22 3 8 13 16 33 43 60 75 81 83 85 95 99 118 129 142 143 156 167 189 191 195 198 199 0
189 113 159 12 2 3 14 27 36 40 45 55 100 118 126 132 149 152 154 156 161 165 173 176 177 185 188 196 0
190 106 18 19 24 33 40 45 60 70 84 85 97 120 122 124 129 135 145 158 186 194 0
191 82 23 158 25 35 37 39 41 44 50 51 87 90 101 103 107 110 111 115 127 140 151 166 174 183 185 187 188 198 0
192 70 119 150 49 171 21 23 24 34 35 50 51 68 69 72 94 101 112 122 133 140 149 177 194 0
193 126 28 27 34 43 64 80 84 97 108 130 134 141 143 153 170 196 0
194 16 87 28 34 76 91 97 99 105 115 129 130 136 144 146 147 155 190 192 200 0
195 158 19 22 38 39 48 55 74 97 109 140 167 188 0
196 122 3 7 25 27 35 54 57 89 97 105 109 112 140 146 147 152 160 162 169 176 178 189 193 0
197 159 1 3 18 22 53 55 63 68 72 89 143 160 164 175 178 182 186 0
198 77 109 2 28 31 50 52 83 99 103 122 125 143 156 169 174 178 187 188 191 0
199 165 24 51 63 89 91 125 135 139 171 188 0
200 68 128 52 18 20 25 37 42 50 83 85 94 126 138 165 173 183 194 0

