200  1192
1 8 13 14 50 80 81 99 126 140 0
2 160 77 19 34 55 61 80 81 130 131 157 172 185 0
3 111 32 44 51 87 139 173 175 179 181 193 194 197 0
4 146 7 43 49 77 100 101 107 109 129 162 182 187 195 0
5 14 27 67 69 87 108 119 143 152 174 0
6 99 194 71 14 44 45 72 85 89 92 100 105 110 181 185 0
7 153 4 12 17 21 59 148 150 0
8 120 1 17 21 37 65 145 146 160 171 180 192 0
9 195 12 17 44 61 108 122 154 181 0
10 160 44 64 97 104 163 167 168 181 0
11 30 19 37 70 74 82 106 139 0
12 97 14 143 113 7 9 19 67 77 112 125 132 163 165 0
13 188 122 1 63 66 68 93 116 118 140 174 185 0
14 12 5 1 6 22 38 123 129 153 171 178 184 190 0
15 189 131 119 34 35 62 120 134 153 156 159 169 195 0
16 165 51 58 113 123 150 170 191 0
17 141 23 174 7 8 9 20 22 29 35 67 80 117 126 138 143 169 185 186 0
18 120 49 71 75 88 106 128 138 147 156 0
19 192 2 11 12 29 43 56 69 73 75 88 101 109 159 185 191 193 196 0
20 49 17 24 45 73 109 165 183 195 0
21 79 7 8 30 70 87 104 142 169 174 196 0
22 29 14 17 41 57 62 74 80 86 126 161 169 177 184 0
23 17 39 49 51 72 81 82 103 113 123 143 0
24 170 88 20 68 71 81 85 97 122 128 190 199 0
25 138 30 90 115 149 171 193 0
26 94 28 81 92 137 152 153 174 198 0
27 187 5 79 94 98 104 127 193 0
28 134 38 26 79 97 120 128 133 145 174 177 195 0
29 82 83 147 49 66 22 200 17 19 36 38 64 78 131 136 155 186 0
30 96 155 170 11 154 21 25 36 38 74 76 100 130 158 0
31 155 50 99 108 117 136 140 142 149 150 163 169 197 0
32 104 178 40 115 60 3 33 83 91 95 100 118 127 128 140 153 164 0
33 64 175 81 92 32 37 42 59 65 71 100 110 122 143 153 159 170 190 0
34 76 157 137 2 15 44 45 48 73 100 158 168 0
35 181 15 17 36 38 47 60 70 96 166 170 172 200 0
36 48 144 29 30 35 44 78 120 128 131 180 0
37 116 183 8 11 33 56 66 100 125 159 164 0
38 28 14 29 30 35 97 131 184 199 0
39 185 23 86 98 110 177 192 193 198 0
40 32 152 45 48 79 91 137 146 151 180 193 0
41 46 86 22 67 94 103 120 123 124 0
42 114 199 177 33 50 91 121 125 149 154 180 0
43 127 4 19 54 63 111 139 187 197 0
44 97 156 3 6 9 10 34 36 49 64 70 81 101 126 175 0
45 131 6 20 34 40 46 61 66 69 138 147 169 176 0
46 167 53 41 130 173 45 67 78 90 119 146 169 178 183 192 193 0
47 72 35 48 50 52 79 109 111 133 143 152 177 0
48 93 36 34 40 47 51 76 81 140 147 155 184 187 198 200 0
49 29 20 4 18 23 44 80 94 97 99 117 118 127 138 175 186 0
50 129 1 31 42 47 53 68 78 107 131 143 147 158 160 0
51 158 3 16 23 48 52 60 97 110 113 118 143 145 152 167 169 177 0
52 93 47 51 82 102 119 158 164 174 188 0
53 46 50 72 75 89 95 100 110 125 141 143 151 156 157 165 0
54 196 43 55 160 0
55 147 2 54 95 108 119 129 174 187 193 0
56 71 19 37 84 116 165 186 0
57 176 22 72 84 95 103 123 128 159 177 180 196 198 0
58 134 82 90 94 167 16 62 64 78 81 151 191 192 0
59 85 7 33 66 87 106 112 122 127 142 147 160 166 168 179 195 0
60 32 35 51 70 73 80 108 126 130 144 151 162 185 190 0
61 155 2 9 45 72 91 120 132 159 0
62 197 148 123 93 68 15 22 58 63 69 115 128 129 131 0
63 188 13 43 62 94 112 124 139 162 182 195 0
64 128 33 140 10 29 44 58 68 75 77 89 133 154 193 198 0
65 97 166 8 33 82 105 123 128 134 195 0
66 29 176 13 37 45 59 98 124 130 139 187 0
67 112 5 12 17 41 46 70 75 93 96 113 115 139 155 156 180 197 0
68 62 13 24 50 64 80 118 135 139 179 181 0
69 72 5 19 45 62 77 155 157 169 0
70 122 11 21 35 44 60 67 98 125 190 0
71 6 56 18 24 33 155 183 0
72 94 47 69 146 6 23 53 57 61 73 91 124 129 136 138 153 160 185 0
73 197 160 189 19 20 34 60 72 75 93 114 138 194 0
74 108 133 186 11 22 30 90 93 125 126 159 178 0
75 98 128 180 18 19 53 64 67 73 91 137 166 191 192 200 0
76 194 34 30 48 78 83 98 104 105 154 167 189 0
77 2 4 12 64 69 84 89 93 108 128 153 159 161 199 200 0
78 102 91 29 36 46 50 58 76 105 135 0
79 178 21 27 28 40 47 97 105 148 173 186 0
80 125 1 2 17 22 49 60 68 88 91 115 129 141 147 167 174 196 0
81 33 1 2 23 24 26 44 48 58 99 119 139 163 179 197 0
82 58 29 125 11 23 52 65 94 119 143 175 178 0
83 29 172 32 76 102 126 155 191 0
84 110 56 57 77 98 147 163 188 190 196 0
85 180 59 6 24 94 129 165 181 199 0
86 41 22 39 117 121 140 157 166 182 187 0
87 136 3 5 21 59 93 94 97 152 158 159 194 196 0
88 24 187 95 18 19 80 129 153 165 168 177 0
89 180 6 53 64 77 114 137 156 171 187 0
90 58 99 188 161 190 25 46 74 103 109 122 134 191 195 0
91 78 32 40 42 61 72 75 80 145 152 180 0
92 33 6 26 93 95 106 111 129 194 195 198 0
93 62 52 48 124 179 13 67 73 74 77 87 92 123 160 174 191 0
94 58 72 26 27 41 49 63 82 85 87 135 165 167 189 196 0
95 88 32 53 55 57 92 98 109 118 140 164 0
96 197 30 191 117 126 165 109 35 67 110 137 138 156 164 166 0
97 191 44 65 12 107 10 24 28 38 49 51 79 87 99 116 132 141 156 0
98 134 104 75 102 193 27 39 66 70 76 84 95 119 125 130 153 161 164 168 174 175 177 190 0
99 90 6 1 31 49 81 97 126 0
100 142 4 6 30 32 33 34 37 53 107 0
101 141 4 19 44 109 154 187 0
102 98 116 78 164 52 83 106 123 155 171 183 0
103 156 105 23 41 57 90 106 133 175 195 197 0
104 98 32 162 10 21 27 76 107 113 123 134 148 161 166 190 199 0
105 103 6 65 76 78 79 116 151 157 178 181 0
106 125 11 18 59 92 102 103 136 172 188 190 0
107 97 4 50 100 104 127 147 186 200 0
108 153 74 5 9 31 55 60 77 126 128 138 184 193 0
109 96 4 19 20 47 90 95 101 120 141 175 186 190 198 0
110 199 84 182 6 33 39 51 53 96 149 0
111 165 3 43 47 92 114 125 200 0
112 155 67 12 59 63 115 123 128 164 169 0
113 12 16 23 51 67 104 130 132 172 0
114 184 42 73 89 111 153 162 164 198 0
115 32 135 25 62 67 80 112 150 175 189 193 0
116 102 37 13 56 97 105 121 131 169 176 0
117 96 192 17 31 49 86 131 170 184 187 0
118 128 153 13 32 49 51 68 95 141 146 158 177 0
119 15 5 46 52 55 81 82 98 120 147 162 193 0
120 174 8 18 15 28 36 41 61 109 119 122 0
121 188 42 86 116 140 153 172 0
122 13 70 9 24 33 59 90 120 137 139 153 182 195 0
123 62 14 16 23 41 57 65 93 102 104 112 171 172 182 185 186 197 0
124 93 41 63 66 72 135 160 168 171 184 0
125 82 80 106 12 37 42 53 70 74 98 111 126 139 186 200 0
126 96 1 17 22 44 60 74 83 99 108 125 134 147 194 197 0
127 153 43 27 32 49 59 107 135 154 175 198 0
128 75 136 64 118 18 24 28 32 36 57 62 65 77 108 112 155 0
129 188 50 4 14 55 62 72 80 85 88 92 134 140 157 0
130 46 2 30 60 66 98 113 152 159 180 0
131 15 45 2 29 36 38 50 62 116 117 135 0
132 145 12 61 97 113 133 143 156 181 182 0
133 74 28 47 64 103 132 171 0
134 98 197 58 28 15 65 90 104 126 129 173 183 190 0
135 115 68 78 94 124 127 131 137 166 194 0
136 128 87 29 31 72 106 166 177 180 182 186 0
137 34 26 40 75 89 96 122 135 152 157 160 197 198 0
138 180 25 17 18 45 49 72 73 96 108 142 150 0
139 196 3 11 43 63 66 67 68 81 122 125 148 165 170 178 188 0
140 64 1 13 31 32 48 86 95 121 129 178 0
141 178 17 101 53 80 97 109 118 145 157 168 188 0
142 145 100 21 31 59 138 174 198 0
143 12 5 17 23 33 47 50 51 53 82 132 0
144 36 60 147 173 185 0
145 197 142 132 8 28 51 91 141 0
146 72 4 8 40 46 118 153 158 172 194 197 0
147 29 55 18 45 48 50 59 80 84 107 119 126 144 182 183 0
148 62 195 7 79 104 139 183 194 199 0
149 184 25 31 42 110 153 192 0
150 184 7 16 31 115 138 157 160 171 0
151 170 171 40 53 58 60 105 0
152 40 5 26 47 51 87 91 130 137 157 176 190 0
153 118 108 127 7 14 15 26 32 33 72 77 88 98 114 121 122 146 149 166 167 168 0
154 30 9 42 64 76 101 127 164 178 0
155 30 61 31 169 112 29 48 67 69 71 83 102 128 176 0
156 44 103 15 18 53 67 89 96 97 132 160 173 184 187 199 0
157 34 2 53 69 86 105 129 137 141 150 152 167 172 0
158 189 51 30 34 50 52 87 118 146 178 0
159 161 15 19 33 37 57 61 74 77 87 130 169 196 0
160 73 2 10 8 50 54 59 72 93 124 137 150 156 168 174 181 196 0
161 90 159 22 77 98 104 182 197 0
162 104 4 60 63 114 119 169 171 176 185 189 0
163 194 10 12 31 81 84 167 199 0
164 102 32 37 52 95 96 98 112 114 154 180 189 0
165 96 16 111 12 20 53 56 85 88 94 139 171 189 0
166 65 35 59 75 86 96 104 135 136 153 200 0
167 58 46 10 51 76 80 94 153 157 163 174 0
168 189 10 34 59 88 98 124 141 153 160 182 184 196 0
169 155 15 17 21 22 31 45 46 51 69 112 116 159 162 0
170 30 151 24 16 33 35 117 139 184 187 197 0
171 151 196 8 14 25 89 102 123 124 133 150 162 165 183 0
172 83 2 35 106 113 121 123 146 157 187 0
173 46 3 79 134 144 156 185 190 0
174 17 181 120 5 13 21 26 28 52 55 80 93 98 142 160 167 0
175 33 3 44 49 82 98 103 109 115 127 197 0
176 66 57 45 116 152 155 162 0
177 42 22 28 39 47 51 57 88 98 118 136 180 0
178 32 141 79 14 46 74 82 105 139 140 154 158 197 199 0
179 93 3 59 68 81 187 200 0
180 75 89 138 85 8 36 40 42 57 67 91 130 136 164 177 187 0
181 174 185 35 3 6 9 10 68 85 105 132 160 184 0
182 110 4 63 86 122 123 132 136 147 161 168 184 0
183 37 20 46 71 102 134 147 148 171 0
184 197 114 198 150 149 14 22 38 48 108 117 124 156 168 170 181 182 0
185 181 39 2 6 13 17 19 60 72 123 144 162 173 200 0
186 74 17 29 49 56 79 107 109 123 125 136 0
187 88 27 4 43 48 55 66 86 89 101 117 156 170 172 179 180 199 0
188 90 121 129 63 13 52 84 106 139 141 191 0
189 73 15 158 168 76 94 115 162 164 165 0
190 90 14 24 33 60 70 84 98 104 106 109 134 152 173 0
191 96 97 16 19 58 75 83 90 93 188 195 0
192 117 19 8 39 46 58 75 149 0
193 98 3 19 25 27 39 40 46 55 64 108 115 119 0
194 6 76 163 3 73 87 92 126 135 146 148 0
195 148 9 4 15 20 28 59 63 65 90 92 103 122 191 0
196 171 54 139 19 21 57 80 84 87 94 159 160 168 0
197 134 96 145 184 73 62 3 31 43 67 81 103 123 126 137 146 161 170 175 178 0
198 184 26 39 48 57 64 92 109 114 127 137 142 0
199 42 110 24 38 77 85 104 148 156 163 178 187 0
200 29 35 48 75 77 107 111 125 166 179 185 0

