200  1182
1 106 7 23 47 60 88 114 123 124 191 0
2 47 81 39 52 85 94 100 114 135 150 170 195 199 0
3 27 6 18 37 84 130 146 150 167 0
4 166 18 29 36 46 66 73 82 92 102 112 131 175 177 182 193 196 0
5 197 92 149 121 10 14 43 58 107 113 153 190 0
6 8 93 15 3 27 29 51 57 65 87 89 95 104 127 170 196 0
7 10 1 24 27 41 68 83 104 106 111 121 188 197 0
8 163 69 6 124 10 14 72 83 111 119 129 164 169 181 0
9 90 16 28 66 77 82 95 104 136 150 181 0
10 159 7 91 5 8 11 21 22 48 52 55 70 79 84 110 117 139 149 161 168 183 186 0
11 179 10 39 44 48 62 66 114 137 143 194 196 0
12 147 32 55 73 104 110 122 150 164 167 184 0
13 159 111 26 32 35 58 59 87 96 162 166 0
14 25 5 8 41 44 97 117 143 164 166 171 173 181 184 185 0
15 6 85 94 95 54 62 103 106 110 116 128 179 200 0
16 163 46 19 9 18 34 37 43 54 56 108 118 153 0
17 160 159 76 27 60 69 100 102 112 117 153 171 176 0
18 4 3 16 33 99 101 132 143 160 168 180 0
19 16 69 90 128 198 0
20 93 31 58 62 74 83 96 122 123 145 160 170 0
21 134 10 81 82 118 130 187 191 193 195 0
22 34 10 23 36 91 103 109 114 147 170 0
23 152 165 181 1 22 108 125 127 132 140 163 186 0
24 170 44 7 92 106 121 135 164 178 180 195 0
25 139 14 83 97 156 175 180 190 0
26 13 30 44 47 49 63 72 138 168 169 171 185 196 0
27 100 134 3 6 7 17 35 58 60 91 92 113 137 141 156 160 0
28 176 9 74 78 81 94 119 123 124 144 150 156 184 0
29 109 4 6 59 74 86 95 102 123 128 138 145 149 0
30 160 108 26 37 46 103 107 177 0
31 57 110 20 46 75 91 133 154 183 187 0
32 64 96 174 12 13 46 51 99 121 197 0
33 70 18 45 57 85 119 0
34 38 22 185 191 83 178 16 43 50 57 65 85 96 118 0
35 200 13 27 42 44 48 55 82 84 112 113 127 129 133 0
36 163 161 49 4 22 54 55 71 73 78 83 87 102 119 168 198 200 0
37 159 3 16 30 78 105 115 118 121 160 186 0
38 99 51 34 137 65 91 100 108 0
39 149 2 11 108 156 182 194 0
40 197 90 56 75 82 97 121 130 134 161 165 172 179 185 187 0
41 57 115 7 14 45 47 61 108 165 170 174 190 0
42 168 195 35 56 60 147 167 0
43 146 5 16 34 52 56 63 86 91 156 157 158 177 0
44 24 167 11 14 26 35 80 98 139 141 149 171 179 185 0
45 107 33 41 61 65 71 79 85 90 92 97 99 105 158 162 185 0
46 16 4 30 31 32 55 64 77 107 119 130 172 177 0
47 98 2 1 26 41 53 74 97 116 132 138 169 0
48 114 10 11 35 58 88 97 100 103 158 176 183 193 195 198 0
49 36 26 52 60 83 87 119 166 178 185 193 0
50 84 170 71 125 34 89 120 123 181 187 0
51 38 6 32 53 63 64 84 92 99 113 114 119 132 155 185 193 0
52 117 2 10 43 49 84 116 126 138 148 158 193 0
53 126 118 47 51 91 100 107 166 173 200 0
54 59 15 16 36 87 88 90 102 108 140 144 163 186 194 0
55 166 10 12 35 36 46 60 108 132 157 177 178 181 184 0
56 186 16 40 42 43 67 91 138 149 150 172 188 0
57 86 41 31 6 33 34 76 77 95 135 157 163 173 0
58 145 5 13 20 27 48 62 143 169 171 173 0
59 189 199 54 13 29 113 134 135 153 159 166 172 184 0
60 150 1 17 27 42 49 55 99 111 138 153 183 0
61 64 41 45 79 135 137 163 166 172 181 0
62 118 11 15 20 58 77 105 144 161 163 173 178 0
63 141 80 26 43 51 90 106 146 169 170 180 190 195 0
64 69 32 70 197 66 61 46 51 74 80 86 96 99 107 139 166 176 0
65 182 6 34 38 45 71 80 86 146 167 0
66 64 4 9 11 71 73 132 145 157 164 200 0
67 97 180 56 87 111 120 121 156 0
68 87 7 69 85 119 127 139 165 0
69 8 187 64 132 17 19 68 95 105 106 113 188 0
70 64 147 126 120 190 33 10 88 90 131 135 189 0
71 50 104 36 45 65 66 85 109 134 146 150 160 165 196 0
72 168 163 79 166 86 189 129 8 26 92 105 194 199 0
73 140 4 12 36 66 77 163 171 187 0
74 115 20 28 29 47 64 117 159 193 0
75 84 31 40 95 100 113 123 154 189 193 194 0
76 17 57 135 157 165 0
77 108 169 9 46 57 62 73 83 114 128 130 134 143 154 177 196 0
78 187 28 36 37 87 89 118 0
79 72 146 10 45 61 106 160 168 173 181 0
80 63 44 64 65 84 111 117 142 0
81 2 21 28 132 145 171 190 0
82 139 4 9 21 35 40 88 99 140 155 184 185 0
83 34 7 8 20 25 36 49 77 95 96 125 154 160 170 0
84 186 50 75 3 10 35 51 52 80 90 108 110 125 138 171 187 0
85 15 2 33 34 45 68 71 94 118 128 159 191 0
86 72 186 57 157 29 43 64 65 90 105 143 146 187 198 0
87 166 68 6 13 36 49 54 67 78 88 106 146 152 0
88 159 1 48 54 70 82 87 129 153 172 0
89 161 6 50 78 101 104 125 129 149 0
90 40 9 19 45 54 63 70 84 86 125 148 185 0
91 10 22 27 31 38 43 53 56 98 139 158 185 0
92 5 4 24 27 45 51 72 94 106 120 121 199 0
93 6 172 112 192 20 94 102 116 140 200 0
94 15 2 28 85 92 93 155 157 175 183 197 0
95 15 6 9 29 57 69 75 83 101 105 121 131 145 172 194 0
96 32 145 128 131 13 20 34 64 83 123 141 150 168 184 0
97 161 67 14 25 40 45 47 48 103 105 165 0
98 168 148 47 44 91 121 122 176 190 0
99 166 38 18 32 45 51 60 64 82 129 150 161 0
100 114 176 27 196 2 17 38 48 53 75 103 126 144 192 0
101 186 18 89 95 139 180 193 0
102 114 158 4 17 29 36 54 93 139 161 196 0
103 173 127 15 22 30 48 97 100 121 178 191 0
104 71 6 7 9 12 89 134 187 0
105 155 37 45 62 69 72 86 95 97 146 150 166 174 175 198 0
106 141 1 7 15 24 63 69 79 87 92 121 0
107 174 45 5 30 46 53 64 121 138 146 177 191 0
108 30 77 16 23 38 39 41 54 55 84 143 144 165 185 186 188 0
109 199 29 22 71 126 134 137 143 152 183 184 0
110 31 10 12 15 84 193 197 0
111 13 7 8 60 67 80 125 128 132 140 143 157 0
112 93 142 4 17 35 115 130 140 148 176 191 0
113 132 5 27 35 51 59 69 75 163 196 0
114 163 100 102 48 1 2 11 22 51 77 120 128 151 194 0
115 41 74 37 112 126 158 167 0
116 197 15 47 52 93 118 149 158 0
117 155 52 175 10 14 17 74 80 125 142 149 0
118 53 62 16 21 34 37 78 85 116 128 132 0
119 156 151 8 28 33 36 46 49 51 68 121 126 134 160 161 180 188 0
120 70 50 67 92 114 130 159 174 0
121 5 7 24 32 37 40 67 92 95 98 103 106 107 119 143 161 163 171 173 183 189 194 0
122 189 179 12 20 98 138 141 0
123 129 1 20 28 29 50 75 96 126 127 137 170 198 0
124 8 1 28 128 161 181 199 0
125 50 184 23 83 84 89 90 111 117 154 160 194 0
126 70 53 194 52 100 109 115 119 123 154 174 187 0
127 103 6 23 35 68 123 147 154 164 197 0
128 96 15 19 29 77 85 111 114 118 124 142 148 158 160 166 169 190 197 0
129 72 155 123 8 35 88 89 99 136 148 185 196 198 200 0
130 195 3 21 40 46 77 112 120 141 183 0
131 96 144 4 70 95 172 0
132 69 113 18 23 47 51 55 66 81 111 118 143 175 0
133 166 138 31 35 135 143 151 176 178 195 0
134 27 21 40 59 71 77 104 109 119 143 158 175 180 186 0
135 148 2 24 57 59 61 70 76 133 189 0
136 166 182 9 129 156 175 185 192 0
137 38 11 27 61 109 123 147 162 163 166 168 176 180 196 0
138 133 154 188 26 29 47 52 56 60 84 107 122 165 198 199 0
139 166 25 82 10 44 64 68 91 101 102 145 0
140 156 73 23 54 82 93 111 112 154 157 162 164 172 189 197 0
141 170 63 106 27 44 96 122 130 146 159 183 0
142 112 80 117 128 145 157 196 0
143 163 11 14 18 58 77 86 108 109 111 121 132 133 134 180 0
144 131 28 54 62 100 108 147 169 176 193 199 0
145 96 173 58 20 29 66 81 95 139 142 157 162 166 0
146 79 43 3 63 65 71 86 87 105 107 141 161 164 173 177 185 194 0
147 70 193 12 22 42 127 137 144 194 0
148 98 135 52 90 112 128 129 150 156 164 191 197 0
149 5 39 10 29 44 56 89 116 117 0
150 168 60 2 3 9 12 28 56 71 96 99 105 148 192 200 0
151 119 114 133 169 172 0
152 166 23 87 109 153 157 183 0
153 198 5 16 17 59 60 88 152 160 178 187 0
154 138 31 75 77 83 125 126 127 140 172 176 193 195 0
155 129 117 105 51 82 94 175 200 0
156 172 119 140 25 27 28 39 43 67 136 148 194 199 0
157 86 43 55 57 66 76 94 111 140 142 145 152 166 171 191 0
158 102 43 45 48 52 91 115 116 128 134 174 0
159 17 13 10 88 164 198 37 59 74 85 120 141 170 180 182 0
160 168 30 17 171 18 20 27 37 71 79 83 119 125 128 153 174 176 194 0
161 36 97 89 10 40 62 99 102 119 121 124 146 170 182 192 0
162 190 13 45 137 140 145 176 177 193 0
163 72 8 114 36 16 143 23 54 57 61 62 73 113 121 137 168 172 181 194 0
164 159 8 12 14 24 66 127 140 146 148 165 0
165 23 40 41 68 71 76 97 108 138 164 176 0
166 72 99 133 4 87 136 152 139 55 13 14 49 53 59 61 64 105 128 137 145 157 168 174 175 176 194 0
167 44 3 12 42 65 115 190 194 0
168 72 160 150 98 42 10 18 26 36 79 96 137 163 166 186 0
169 77 8 26 47 58 63 128 144 151 0
170 50 141 24 2 6 20 22 41 63 83 123 159 161 184 193 195 0
171 160 14 17 26 44 58 73 81 84 121 157 174 0
172 93 156 40 46 56 59 61 88 95 131 140 151 154 163 0
173 145 200 103 14 53 57 58 62 79 121 146 0
174 32 107 41 105 120 126 158 160 166 171 0
175 117 4 25 94 105 132 134 136 155 166 189 191 0
176 100 28 17 48 64 98 112 133 137 144 154 160 162 165 166 178 188 0
177 186 4 30 43 46 55 77 107 146 162 191 0
178 34 24 49 55 62 103 133 153 176 0
179 122 11 15 40 44 182 0
180 67 18 24 25 63 101 119 134 137 143 159 193 0
181 23 8 9 14 50 55 61 79 124 163 188 0
182 136 65 4 39 159 161 179 0
183 198 10 31 48 60 94 109 121 130 141 152 196 0
184 125 12 14 28 55 59 82 96 109 170 198 0
185 34 14 26 40 44 45 49 51 82 90 91 108 129 136 146 0
186 86 84 101 56 177 10 23 37 54 108 134 168 198 0
187 69 78 21 31 40 50 73 84 86 104 126 153 189 195 0
188 138 7 56 69 108 119 176 181 0
189 72 122 59 70 75 121 135 140 175 187 0
190 70 162 5 25 41 63 81 98 128 167 0
191 34 1 21 85 103 107 112 148 157 175 177 199 0
192 93 100 136 150 161 0
193 147 4 21 48 49 51 52 74 75 101 110 144 154 162 170 180 0
194 126 11 39 54 72 75 95 114 121 125 146 147 156 160 163 166 167 197 0
195 42 130 2 21 24 48 63 133 154 170 187 0
196 100 4 6 11 26 71 77 102 113 129 137 142 183 0
197 64 116 5 40 7 32 94 110 127 128 140 148 194 199 0
198 159 153 183 19 36 48 86 105 123 129 138 184 186 0
199 59 109 2 72 92 124 138 144 156 191 197 0
200 173 35 15 36 53 66 93 129 150 155 0

