200  395
1 162 189 37 171 0
2 167 77 93 164 0
3 183 191 0
4 37 158 168 0
5 17 0
6 78 66 117 0
7 26 76 48 0
8 196 159 0
9 17 29 0
10 18 191 127 135 60 0
11 60 137 20 158 0
12 196 51 0
13 116 120 18 43 0
14 58 85 63 17 0
15 18 32 35 94 165 191 0
16 36 157 0
17 14 9 5 45 0
18 88 15 45 10 143 13 39 79 0
19 156 28 158 171 172 0
20 87 111 44 11 0
21 118 52 66 167 196 0
22 134 61 165 0
23 143 175 0
24 148 88 0
25 162 87 172 176 198 0
26 153 169 7 61 46 114 170 0
27 155 110 154 132 45 150 199 0
28 19 122 133 0
29 9 68 0
30 74 101 59 178 0
31 134 52 69 146 182 0
32 15 0
33 104 0
34 165 156 99 182 38 0
35 15 71 114 198 0
36 194 16 90 0
37 65 74 4 1 0
38 169 190 73 34 42 0
39 175 163 181 18 150 174 0
40 169 84 114 188 0
41 171 85 105 133 0
42 101 50 38 0
43 65 100 13 101 104 163 0
44 20 51 157 0
45 18 17 27 104 0
46 85 91 26 107 110 124 0
47 101 93 0
48 7 124 107 119 0
49 93 127 0
50 42 67 157 0
51 134 54 12 44 70 149 151 159 0
52 200 21 31 167 0
53 152 115 60 148 158 188 0
54 51 151 112 193 0
55 58 155 136 71 79 88 197 0
56 152 82 144 0
57 63 0
58 167 14 131 55 144 142 119 145 84 93 0
59 95 30 129 0
60 134 11 188 10 53 107 0
61 26 22 0
62 167 142 0
63 14 57 86 178 0
64 74 115 0
65 115 37 43 138 194 0
66 6 21 115 181 188 0
67 117 50 0
68 95 179 29 0
69 181 31 162 191 0
70 155 51 119 0
71 35 197 103 55 94 107 113 176 192 0
72 134 0
73 38 103 108 180 0
74 37 30 64 151 0
75 116 121 197 199 0
76 7 0
77 2 94 125 171 0
78 104 6 133 0
79 158 18 55 187 0
80 132 152 0
81 158 0
82 56 102 0
83 104 101 0
84 134 108 40 58 179 0
85 14 46 41 161 200 0
86 63 148 0
87 165 109 20 90 186 98 25 0
88 167 18 159 24 55 118 0
89 179 161 180 0
90 87 36 117 167 0
91 46 0
92 152 105 184 0
93 2 49 47 58 98 165 0
94 186 15 71 77 0
95 104 59 68 198 138 0
96 196 129 155 197 0
97 131 126 146 0
98 87 93 0
99 34 0
100 43 187 125 0
101 30 47 42 43 83 0
102 150 82 127 174 0
103 71 73 132 0
104 167 95 78 33 83 43 45 0
105 136 41 92 116 151 185 0
106 134 141 174 0
107 114 46 48 60 71 166 0
108 84 73 130 148 167 193 0
109 87 118 113 163 184 0
110 27 173 46 0
111 20 170 166 0
112 194 54 0
113 167 128 71 109 133 157 0
114 35 107 157 26 40 138 142 170 189 0
115 53 171 65 64 66 160 186 0
116 183 75 13 105 169 0
117 142 174 67 6 90 156 0
118 109 21 88 0
119 58 140 148 48 70 141 160 0
120 13 193 0
121 153 75 0
122 28 127 135 0
123 170 166 0
124 48 46 150 0
125 198 77 100 156 197 0
126 97 177 166 0
127 10 49 102 122 151 0
128 113 0
129 131 59 96 174 0
130 167 108 162 0
131 58 129 97 184 0
132 27 80 103 0
133 28 41 78 113 135 0
134 150 152 106 51 31 72 60 84 22 195 0
135 10 122 133 0
136 55 105 147 172 183 0
137 11 193 0
138 65 149 95 114 183 0
139 152 200 0
140 119 0
141 106 199 119 0
142 58 200 117 62 114 172 0
143 18 23 198 0
144 58 56 0
145 58 0
146 171 31 97 189 0
147 136 184 0
148 119 24 53 86 108 0
149 138 51 157 0
150 165 167 134 162 196 102 27 39 124 188 0
151 54 51 74 105 127 200 0
152 134 53 56 139 92 80 0
153 167 121 26 0
154 27 192 0
155 55 27 70 193 96 0
156 34 19 160 117 125 178 0
157 114 16 44 50 113 149 0
158 4 79 81 11 19 53 0
159 88 8 51 0
160 156 115 119 0
161 89 85 0
162 150 1 25 69 130 0
163 39 43 109 0
164 2 0
165 150 87 34 15 22 93 174 179 0
166 126 107 111 123 172 0
167 150 58 88 104 175 153 130 113 2 62 21 52 90 108 0
168 4 172 0
169 26 38 40 116 0
170 111 123 26 114 0
171 115 183 146 176 41 1 19 77 0
172 168 19 25 136 142 166 0
173 110 178 0
174 117 39 102 106 129 165 0
175 167 39 23 0
176 171 25 71 0
177 126 0
178 63 30 156 173 0
179 68 89 185 84 165 0
180 89 73 0
181 39 69 66 0
182 34 31 0
183 171 116 3 136 138 0
184 131 92 109 147 0
185 179 105 0
186 87 94 115 0
187 100 79 200 0
188 60 40 53 66 150 0
189 1 114 146 0
190 38 0
191 10 3 15 69 0
192 154 71 0
193 155 54 108 120 137 195 0
194 65 112 36 0
195 134 193 0
196 150 96 8 12 21 0
197 71 55 75 96 125 0
198 95 125 25 35 143 0
199 141 27 75 0
200 142 52 85 139 151 187 0

