200  373
1 89 116 118 136 61 181 45 119 200 0
2 12 24 30 114 143 0
3 14 35 114 0
4 200 152 0
5 86 31 123 0
6 48 151 0
7 116 33 58 0
8 179 59 0
9 200 186 43 15 182 0
10 135 176 17 90 187 0
11 19 0
12 111 71 2 32 20 23 66 69 87 0
13 153 47 117 142 0
14 96 3 0
15 110 9 85 121 0
16 179 183 98 119 0
17 10 153 149 181 0
18 129 182 153 189 0
19 179 189 11 0
20 179 166 12 183 0
21 187 0
22 167 31 101 110 118 160 0
23 39 66 164 170 12 73 0
24 101 2 52 118 174 0
25 118 101 200 119 149 169 0
26 82 46 125 0
27 183 164 0
28 196 115 108 0
29 135 85 169 106 81 177 0
30 190 45 2 108 0
31 189 5 22 0
32 12 88 107 199 0
33 179 188 7 39 0
34 129 48 111 196 0
35 174 3 115 0
36 123 125 0
37 145 38 184 0
38 161 37 40 104 0
39 69 23 33 0
40 127 38 75 0
41 69 71 0
42 194 71 146 166 0
43 9 0
44 179 0
45 30 112 1 113 0
46 26 106 118 0
47 13 61 0
48 34 6 127 0
49 101 81 110 0
50 81 120 131 175 0
51 82 94 0
52 155 120 24 0
53 89 60 0
54 155 87 117 69 116 0
55 165 0
56 142 171 108 157 0
57 64 154 174 0
58 179 89 76 72 100 7 74 0
59 168 8 160 187 0
60 111 97 53 85 92 95 110 192 0
61 1 47 0
62 81 95 82 119 0
63 89 165 130 0
64 138 198 151 57 144 88 191 0
65 96 108 137 199 0
66 23 12 0
67 175 0
68 97 190 0
69 109 93 145 88 96 41 175 39 12 54 90 176 182 0
70 167 101 113 0
71 12 41 42 114 178 0
72 58 191 0
73 145 83 23 0
74 101 58 78 120 183 0
75 173 133 40 88 117 0
76 58 168 138 189 190 0
77 113 152 154 0
78 173 74 0
79 145 160 0
80 195 143 0
81 122 62 113 50 29 49 103 0
82 196 26 51 180 62 0
83 73 106 129 0
84 179 0
85 29 15 60 0
86 174 5 0
87 54 91 12 0
88 69 187 32 64 75 165 0
89 58 1 177 157 111 63 162 53 119 136 0
90 10 69 149 186 0
91 87 0
92 176 119 60 0
93 69 135 148 170 0
94 51 110 0
95 62 60 0
96 69 127 65 14 0
97 60 68 0
98 16 156 160 0
99 172 185 136 163 181 0
100 58 122 0
101 25 49 24 74 22 70 196 0
102 146 134 0
103 197 81 168 0
104 105 38 144 0
105 111 104 0
106 29 46 83 111 143 0
107 189 32 0
108 65 28 30 56 109 0
109 147 69 197 108 143 0
110 94 15 22 49 60 177 0
111 89 193 105 173 12 60 132 34 106 122 200 0
112 45 143 123 0
113 81 77 45 70 199 0
114 162 2 3 71 0
115 28 35 0
116 1 131 126 7 54 0
117 54 13 75 121 123 0
118 1 25 22 24 46 162 0
119 92 1 16 25 62 89 0
120 52 50 74 175 0
121 195 15 117 0
122 135 81 100 111 132 143 178 0
123 112 36 158 5 117 145 0
124 183 154 194 157 0
125 36 26 0
126 116 129 0
127 96 40 48 147 0
128 191 0
129 163 34 18 83 126 0
130 63 0
131 116 50 0
132 111 122 0
133 75 166 0
134 138 184 102 147 163 181 0
135 179 122 10 29 93 145 0
136 1 172 89 99 182 0
137 65 0
138 76 146 64 134 159 192 0
139 174 0
140 200 0
141 174 0
142 146 56 13 0
143 112 2 80 106 109 122 0
144 64 104 0
145 69 79 37 73 123 135 0
146 138 142 102 42 180 0
147 179 109 174 127 134 0
148 151 93 200 0
149 185 17 25 90 190 194 0
150 170 0
151 64 148 6 156 198 0
152 172 4 77 190 0
153 17 13 18 0
154 124 57 77 0
155 179 54 52 0
156 98 151 0
157 89 56 124 158 0
158 123 157 176 0
159 138 0
160 79 22 59 98 0
161 176 38 0
162 89 114 118 0
163 179 129 99 134 0
164 23 27 0
165 63 55 88 0
166 20 42 133 193 0
167 195 22 70 169 0
168 76 196 59 103 0
169 29 25 167 0
170 23 150 93 0
171 56 0
172 136 152 99 0
173 111 78 75 192 0
174 147 141 86 35 139 24 57 0
175 69 67 50 120 0
176 10 92 161 69 158 0
177 89 195 29 110 0
178 193 71 122 180 183 0
179 58 155 147 16 135 33 20 19 163 84 44 8 0
180 82 146 178 0
181 1 17 99 134 0
182 18 9 69 136 0
183 16 27 124 20 74 178 0
184 134 37 0
185 99 149 0
186 9 90 0
187 88 21 10 59 0
188 33 0
189 19 31 107 18 76 0
190 194 30 68 76 149 152 0
191 72 128 64 0
192 173 60 138 0
193 111 178 166 0
194 124 190 42 149 0
195 177 80 121 167 0
196 168 28 82 34 101 0
197 109 103 0
198 64 151 0
199 65 32 113 0
200 25 9 4 140 1 111 148 0

