200  409
1 4 2 0
2 115 1 9 24 156 161 0
3 73 9 125 120 38 12 29 77 177 0
4 38 1 193 0
5 160 173 188 37 40 75 132 194 0
6 70 56 0
7 129 14 105 0
8 35 160 121 27 101 178 182 0
9 3 165 159 2 44 96 0
10 56 21 0
11 88 64 97 168 0
12 161 113 145 3 88 189 0
13 118 29 56 0
14 96 117 7 24 43 70 135 0
15 37 199 150 162 0
16 62 107 0
17 73 50 18 192 0
18 23 17 57 88 105 0
19 99 32 75 153 0
20 120 183 64 131 141 0
21 128 10 44 130 132 197 0
22 33 95 122 151 0
23 159 168 18 47 79 80 0
24 37 102 86 2 14 0
25 190 32 192 132 63 147 0
26 69 33 58 73 109 0
27 193 152 8 52 77 0
28 128 78 109 0
29 63 3 13 41 114 186 0
30 102 106 91 0
31 52 33 107 0
32 25 185 103 131 129 19 0
33 123 37 22 26 31 188 0
34 187 177 150 88 0
35 190 128 8 0
36 157 49 57 104 134 0
37 33 15 24 94 5 187 0
38 3 127 4 140 142 184 0
39 76 175 0
40 147 5 0
41 197 29 42 0
42 179 41 194 0
43 200 84 14 193 0
44 158 46 97 9 21 68 0
45 72 121 0
46 44 108 176 0
47 123 156 23 112 0
48 166 78 85 176 0
49 36 144 0
50 17 149 105 78 0
51 103 64 0
52 94 31 27 0
53 121 155 111 0
54 181 154 99 68 126 178 0
55 175 170 114 126 0
56 119 10 6 13 90 143 0
57 103 18 36 85 0
58 193 26 0
59 73 185 0
60 135 0
61 186 65 94 0
62 99 16 0
63 85 29 25 70 88 106 0
64 20 11 51 0
65 61 0
66 183 67 134 179 0
67 195 66 81 175 200 0
68 185 44 54 71 99 118 166 0
69 160 26 148 159 164 0
70 185 6 14 63 0
71 114 68 79 0
72 163 137 45 0
73 190 123 3 17 133 59 26 143 186 0
74 185 179 157 102 141 0
75 192 5 19 0
76 129 39 82 106 176 0
77 122 3 27 148 180 0
78 48 28 50 116 155 172 181 0
79 171 23 71 90 96 0
80 127 23 173 0
81 85 89 67 90 143 151 0
82 160 76 196 0
83 185 95 0
84 43 197 0
85 169 81 63 48 57 0
86 24 189 199 0
87 96 148 193 0
88 143 11 198 12 18 34 63 159 0
89 81 0
90 195 56 79 81 181 0
91 30 143 0
92 137 0
93 114 0
94 37 52 61 102 180 0
95 22 83 126 0
96 163 14 87 9 79 128 147 168 0
97 44 11 169 0
98 177 153 154 0
99 54 62 19 68 166 0
100 183 0
101 173 8 107 0
102 24 187 104 30 74 94 0
103 32 51 57 0
104 102 36 126 161 176 0
105 50 7 18 116 118 162 0
106 30 63 76 148 0
107 193 143 16 31 101 0
108 154 116 46 134 194 0
109 198 26 28 114 0
110 179 0
111 146 53 141 198 0
112 165 47 154 0
113 12 0
114 166 93 71 29 55 109 118 133 0
115 192 2 132 169 0
116 108 142 78 105 130 0
117 14 0
118 173 13 68 105 114 0
119 171 56 159 0
120 3 20 197 0
121 8 195 53 164 186 45 0
122 130 77 22 0
123 73 193 33 47 136 197 0
124 128 193 0
125 3 158 180 151 169 143 0
126 152 54 55 95 104 156 157 0
127 38 80 155 0
128 35 124 21 191 28 96 135 162 0
129 32 76 7 0
130 180 141 134 122 21 116 0
131 32 20 0
132 25 5 21 115 0
133 73 114 0
134 130 36 66 108 181 0
135 195 60 14 128 169 0
136 123 0
137 72 92 0
138 187 0
139 161 0
140 38 164 0
141 130 167 20 74 111 173 0
142 116 38 143 0
143 107 88 56 73 81 91 125 142 183 189 0
144 194 162 49 0
145 12 0
146 179 111 196 0
147 184 171 40 25 96 159 0
148 69 77 87 106 151 0
149 50 193 0
150 34 15 168 0
151 125 22 81 148 0
152 27 126 165 180 0
153 167 19 98 187 0
154 54 108 174 98 112 0
155 53 78 127 0
156 47 2 126 0
157 74 36 126 160 193 0
158 125 44 0
159 9 23 69 88 119 147 0
160 8 69 5 82 157 0
161 187 12 139 2 104 196 0
162 144 15 105 128 0
163 193 72 96 190 0
164 121 69 140 0
165 9 112 152 0
166 190 48 175 114 68 99 0
167 141 153 0
168 23 11 96 150 0
169 125 85 97 115 135 0
170 55 0
171 147 119 79 0
172 179 78 0
173 5 118 101 80 141 180 0
174 154 178 0
175 166 55 39 67 0
176 183 46 48 76 104 0
177 34 98 3 0
178 174 8 54 0
179 74 110 172 146 42 66 0
180 125 130 194 77 94 152 173 0
181 193 54 196 78 90 134 0
182 183 8 0
183 20 66 182 100 176 143 0
184 195 147 38 190 0
185 32 68 74 70 200 83 59 0
186 121 61 29 73 0
187 102 34 138 161 37 153 194 0
188 5 33 0
189 86 12 143 0
190 73 25 35 166 163 184 0
191 128 0
192 25 115 75 17 0
193 123 163 107 181 27 58 4 43 87 124 149 157 0
194 180 144 5 42 108 187 0
195 121 135 184 90 67 0
196 181 82 146 161 0
197 120 41 21 84 123 0
198 88 109 111 0
199 15 86 0
200 185 43 67 0

