200  312
1 113 137 2 37 71 126 182 0
2 98 1 0
3 107 16 0
4 55 136 7 127 0
5 127 23 104 0
6 51 78 0
7 57 59 4 15 0
8 76 113 40 65 171 169 0
9 172 55 25 195 178 0
10 195 0
11 176 51 67 0
12 88 49 113 0
13 54 36 0
14 87 62 0
15 51 7 186 0
16 114 3 134 0
17 41 182 0
18 26 32 66 85 0
19 58 190 106 187 0
20 88 27 138 0
21 189 103 65 188 0
22 165 155 0
23 152 5 99 0
24 150 158 105 0
25 9 189 0
26 194 18 186 45 0
27 20 117 0
28 120 0
29 76 45 0
30 67 116 105 0
31 143 0
32 18 0
33 60 142 105 0
34 67 118 112 179 93 61 77 0
35 167 75 37 73 0
36 77 13 65 104 107 0
37 35 1 51 0
38 156 88 167 42 91 192 0
39 114 0
40 8 85 79 151 192 131 146 199 0
41 61 150 121 17 71 123 0
42 38 0
43 170 147 0
44 99 0
45 26 29 88 0
46 107 0
47 58 112 0
48 118 159 82 0
49 12 145 190 195 0
50 109 196 0
51 194 58 165 6 134 160 15 197 11 37 60 163 0
52 112 180 0
53 118 0
54 65 13 118 0
55 9 4 0
56 151 181 0
57 113 7 152 133 66 0
58 51 156 47 74 19 148 0
59 7 92 116 0
60 67 126 33 196 51 147 159 0
61 114 41 34 131 157 0
62 114 72 14 76 0
63 67 80 0
64 129 77 0
65 8 54 21 36 0
66 18 145 57 0
67 128 34 63 60 98 30 11 174 185 0
68 123 144 0
69 163 119 0
70 97 124 137 0
71 41 119 1 123 0
72 62 0
73 79 173 35 0
74 58 141 188 122 185 0
75 35 148 0
76 194 8 115 29 62 0
77 107 36 105 34 64 0
78 6 0
79 40 73 179 0
80 63 180 0
81 158 125 0
82 48 181 0
83 157 119 0
84 144 170 108 0
85 40 168 18 0
86 167 0
87 194 14 123 173 0
88 38 12 20 45 0
89 94 99 0
90 179 193 0
91 109 38 0
92 59 196 0
93 34 102 107 0
94 128 89 100 0
95 178 0
96 143 113 0
97 185 172 70 132 0
98 67 2 120 123 0
99 104 44 23 89 129 0
100 115 139 94 0
101 156 0
102 112 93 0
103 21 183 0
104 194 99 5 36 0
105 77 24 30 33 0
106 150 19 0
107 123 77 3 46 36 93 175 0
108 84 0
109 165 50 91 0
110 185 0
111 167 0
112 34 176 166 52 102 47 0
113 8 128 57 1 157 12 96 123 0
114 185 61 39 62 16 117 119 0
115 76 169 100 172 0
116 30 59 0
117 114 27 159 0
118 34 53 48 199 54 133 0
119 71 69 83 114 0
120 134 28 98 169 0
121 41 0
122 154 74 200 0
123 194 107 68 41 71 87 98 113 0
124 70 125 176 0
125 81 124 0
126 60 1 162 0
127 150 5 4 0
128 113 67 138 149 94 0
129 135 64 99 0
130 169 177 0
131 40 61 184 0
132 97 135 173 176 0
133 57 118 0
134 51 120 16 0
135 132 129 0
136 4 179 0
137 1 70 0
138 128 20 0
139 100 0
140 164 173 0
141 74 0
142 33 0
143 165 96 31 176 0
144 160 174 84 68 0
145 66 49 0
146 40 0
147 161 43 60 193 195 0
148 58 75 0
149 128 0
150 41 127 24 106 0
151 40 56 0
152 57 23 177 0
153 190 198 0
154 163 122 171 0
155 22 0
156 58 38 101 178 0
157 113 83 61 0
158 24 81 0
159 48 60 117 0
160 51 144 185 0
161 189 147 0
162 189 126 0
163 194 154 69 164 51 0
164 163 140 0
165 51 22 143 109 169 0
166 112 0
167 38 35 86 111 0
168 85 0
169 115 130 8 120 165 0
170 84 43 0
171 8 154 0
172 97 9 175 115 0
173 73 87 132 140 180 0
174 144 67 0
175 172 184 107 0
176 112 11 124 132 143 184 0
177 152 130 0
178 156 189 95 9 192 0
179 34 90 79 136 0
180 80 52 173 0
181 82 56 0
182 17 1 0
183 103 0
184 175 131 176 0
185 194 114 97 110 67 74 160 0
186 26 15 0
187 189 19 0
188 74 21 0
189 178 21 161 187 162 25 0
190 19 198 200 153 49 0
191 198 0
192 40 38 178 0
193 90 147 0
194 51 26 76 185 163 123 104 87 0
195 9 10 49 147 0
196 60 50 92 0
197 51 0
198 190 191 153 0
199 118 40 0
200 190 122 0

