200  302
1 134 0
2 125 160 112 92 189 0
3 33 78 92 0
4 8 89 0
5 85 194 0
6 13 103 57 0
7 123 0
8 144 19 4 0
9 200 0
10 117 148 57 68 157 0
11 101 139 0
12 125 42 51 52 114 0
13 98 6 38 53 0
14 180 18 32 0
15 158 0
16 98 132 197 116 21 0
17 50 108 199 37 0
18 119 14 54 0
19 8 0
20 130 94 154 0
21 16 51 62 67 0
22 39 127 33 94 0
23 45 0
24 106 0
25 106 173 168 0
26 158 44 57 0
27 147 131 0
28 197 149 0
29 200 131 197 0
30 37 74 0
31 176 0
32 43 36 124 176 91 47 168 14 0
33 22 3 62 139 0
34 157 90 102 0
35 36 113 117 0
36 32 163 35 0
37 17 30 152 159 173 0
38 13 152 0
39 61 22 118 0
40 100 0
41 182 162 0
42 43 71 12 93 0
43 187 32 142 144 76 42 0
44 145 26 162 0
45 124 182 23 0
46 157 191 105 127 135 0
47 32 174 162 94 97 0
48 155 0
49 70 136 162 0
50 134 158 17 195 85 0
51 21 12 120 0
52 152 183 138 82 12 128 0
53 164 114 13 63 0
54 94 56 18 0
55 187 194 0
56 54 140 196 0
57 135 6 10 26 88 197 0
58 195 129 118 0
59 129 63 0
60 169 0
61 106 39 84 0
62 141 21 33 88 106 0
63 170 53 59 149 166 0
64 186 0
65 127 0
66 76 0
67 106 21 0
68 97 10 0
69 181 0
70 187 49 87 0
71 42 98 0
72 164 0
73 195 0
74 143 30 0
75 166 0
76 43 117 66 0
77 187 130 0
78 3 188 191 0
79 93 147 0
80 94 0
81 141 0
82 52 138 199 0
83 163 165 93 0
84 61 196 0
85 50 5 0
86 182 109 0
87 70 132 0
88 91 185 57 62 173 0
89 4 142 0
90 34 0
91 32 200 156 88 199 0
92 3 2 0
93 83 79 136 42 105 0
94 47 54 80 20 22 0
95 120 121 0
96 141 143 150 194 0
97 117 68 47 163 0
98 152 13 166 16 189 71 193 0
99 170 0
100 182 198 40 162 0
101 187 102 164 120 11 192 0
102 101 157 167 153 34 149 0
103 6 104 0
104 103 0
105 46 93 0
106 164 25 61 137 24 67 62 0
107 138 173 0
108 17 197 0
109 86 0
110 169 0
111 164 0
112 2 0
113 35 127 0
114 53 178 12 0
115 155 161 0
116 16 0
117 76 10 97 35 0
118 39 58 154 0
119 124 18 149 167 0
120 101 95 51 150 0
121 139 95 183 0
122 138 184 0
123 157 7 197 0
124 32 45 130 119 146 142 0
125 164 2 12 0
126 164 159 0
127 22 65 46 113 143 0
128 141 161 52 0
129 58 59 152 0
130 124 181 194 175 20 77 179 0
131 27 29 188 0
132 16 87 0
133 176 154 0
134 152 50 1 151 0
135 152 57 46 0
136 93 49 0
137 106 0
138 52 107 122 82 173 0
139 143 121 196 11 33 0
140 146 56 0
141 180 96 62 128 81 0
142 43 89 124 0
143 96 139 74 127 0
144 43 8 184 0
145 152 179 44 0
146 124 140 199 0
147 152 27 79 0
148 10 0
149 119 154 28 63 102 0
150 96 120 0
151 134 0
152 187 98 52 134 147 145 135 37 38 129 0
153 102 0
154 149 20 118 133 0
155 158 115 48 174 198 200 0
156 91 0
157 102 46 123 34 10 0
158 50 26 155 15 159 0
159 126 37 158 0
160 2 190 0
161 128 115 0
162 47 41 44 49 100 0
163 36 83 97 200 0
164 101 126 188 106 111 125 53 72 0
165 83 186 0
166 98 75 63 0
167 102 169 119 181 0
168 32 25 0
169 167 60 193 110 189 0
170 183 99 63 0
171 186 0
172 200 0
173 25 177 37 88 107 138 0
174 47 155 0
175 130 0
176 32 180 133 31 0
177 173 0
178 114 0
179 145 130 0
180 176 141 14 0
181 130 69 167 0
182 45 100 41 86 0
183 52 170 121 0
184 144 122 0
185 88 0
186 165 64 171 194 0
187 43 101 152 55 70 77 0
188 164 78 131 0
189 98 2 169 0
190 160 0
191 46 78 0
192 101 0
193 169 98 0
194 130 5 55 96 186 0
195 50 73 58 0
196 139 56 84 0
197 16 28 29 57 108 123 0
198 100 155 0
199 17 82 91 146 0
200 91 172 9 29 155 163 0

