200  1147
1 189 49 53 129 136 174 0
2 29 23 45 66 73 102 106 120 141 144 155 163 165 191 193 0
3 49 48 12 17 19 35 55 71 77 79 134 153 154 162 166 173 191 198 0
4 73 126 93 17 113 184 23 29 31 54 77 115 150 172 180 0
5 142 160 7 10 16 36 37 42 58 67 79 102 135 141 167 176 0
6 173 23 54 58 70 71 86 87 98 101 103 104 113 114 117 129 143 179 185 194 196 0
7 125 31 5 53 59 66 119 140 159 0
8 105 190 23 37 42 50 134 162 176 181 0
9 17 31 46 59 60 79 104 112 174 0
10 30 5 42 62 82 104 126 170 176 195 0
11 176 13 15 29 34 35 57 80 93 97 144 145 158 200 0
12 191 3 13 18 44 73 95 123 124 143 189 0
13 103 74 11 12 14 29 73 83 98 104 141 180 0
14 46 13 16 105 115 159 178 0
15 125 65 11 17 38 95 96 115 128 144 185 0
16 118 152 5 14 46 58 89 171 174 0
17 4 29 177 9 3 15 19 24 61 95 121 144 167 180 188 190 0
18 49 30 174 12 29 39 41 60 75 89 93 100 160 165 166 168 0
19 31 3 17 105 133 145 174 200 0
20 139 101 21 32 39 50 52 72 80 137 150 153 159 171 181 0
21 90 121 59 100 20 47 48 67 85 126 135 148 166 0
22 40 30 39 51 56 57 62 121 132 134 144 164 167 0
23 60 2 4 6 8 37 61 75 76 78 89 99 125 131 137 194 0
24 107 17 32 52 53 77 85 155 159 0
25 94 147 167 60 62 103 135 144 0
26 157 34 71 84 90 96 123 124 139 152 0
27 158 135 65 80 167 170 176 193 196 0
28 117 108 62 98 111 148 184 0
29 17 2 189 4 11 13 18 31 91 98 111 125 0
30 18 10 80 22 42 57 64 76 138 158 0
31 7 146 19 4 9 29 45 66 73 74 104 123 125 148 156 166 173 186 0
32 84 20 24 92 99 182 197 200 0
33 90 106 127 43 73 91 97 118 120 134 154 167 0
34 103 111 11 26 36 55 68 87 88 97 109 121 152 185 0
35 66 3 11 64 95 157 0
36 179 5 34 167 176 186 0
37 102 5 8 23 49 74 103 111 127 194 0
38 125 15 43 61 106 124 131 138 169 174 0
39 139 186 18 20 22 42 45 60 92 116 0
40 90 86 22 42 57 74 106 108 151 168 175 189 198 0
41 125 161 18 42 90 111 130 139 140 166 180 182 198 0
42 82 5 8 10 30 39 40 41 88 103 107 118 184 0
43 175 33 38 102 146 156 159 199 0
44 64 83 12 46 75 112 124 140 155 166 182 185 190 192 199 0
45 50 141 2 31 39 67 69 77 86 122 123 159 193 0
46 172 14 193 9 16 44 68 70 77 88 99 106 133 196 0
47 93 21 68 75 87 144 160 167 182 0
48 3 143 21 64 68 118 123 139 152 177 0
49 90 136 18 3 60 95 102 1 37 67 129 139 144 158 170 179 200 0
50 78 45 8 20 87 102 109 113 114 151 191 195 0
51 165 185 159 22 53 60 77 147 164 181 0
52 62 20 24 78 96 114 117 145 197 0
53 96 114 1 7 24 51 63 73 120 129 150 152 162 180 185 191 0
54 176 4 6 59 72 84 134 156 0
55 106 3 34 73 79 83 85 118 182 0
56 170 22 61 111 112 118 136 155 188 196 0
57 64 11 22 30 40 62 117 128 133 200 0
58 154 5 6 16 81 119 121 178 0
59 21 132 7 9 54 82 102 106 138 173 0
60 49 23 81 9 18 25 39 51 64 72 84 98 108 126 146 197 199 0
61 158 17 23 38 56 63 69 144 170 196 0
62 174 52 10 22 25 28 57 64 66 74 82 100 135 151 156 0
63 78 162 53 61 133 141 159 181 188 190 195 0
64 164 112 44 57 151 30 35 48 60 62 84 115 142 143 0
65 15 27 83 102 192 0
66 172 123 35 2 7 31 62 88 118 122 188 199 0
67 84 181 5 21 45 49 78 80 81 89 92 137 149 0
68 118 34 46 47 48 70 93 108 116 125 181 191 193 0
69 121 183 45 61 76 87 154 185 198 0
70 155 173 6 46 68 85 122 124 138 154 158 164 0
71 127 3 6 26 148 154 162 0
72 136 199 20 54 60 78 89 97 105 122 125 160 176 0
73 155 4 88 2 12 13 31 33 53 55 94 102 103 114 134 159 190 0
74 13 31 37 40 62 78 136 148 152 178 188 200 0
75 172 168 196 154 18 23 44 47 107 119 131 147 148 181 0
76 113 23 30 69 115 135 156 159 167 170 171 177 0
77 109 3 4 24 45 46 51 97 119 137 197 0
78 126 63 171 50 23 52 67 72 74 89 122 128 141 163 177 183 194 0
79 189 3 5 9 55 109 146 159 173 178 181 199 200 0
80 30 11 20 27 67 108 133 143 145 149 178 196 0
81 60 58 67 116 132 173 176 0
82 125 98 42 128 145 10 59 62 117 119 121 131 153 171 0
83 44 13 55 65 93 114 135 155 167 169 176 0
84 179 67 32 107 26 54 60 64 90 96 141 161 163 165 174 0
85 169 21 24 55 70 102 104 108 152 156 158 160 189 0
86 40 6 45 90 91 130 160 179 197 0
87 144 6 34 47 50 69 101 165 166 0
88 73 118 149 163 34 42 46 66 94 108 143 147 186 0
89 169 16 18 23 67 72 78 107 116 120 125 141 148 159 164 186 0
90 155 21 49 195 94 33 40 120 187 26 41 84 86 100 104 121 158 176 0
91 100 29 33 86 126 138 145 168 170 0
92 162 178 32 39 67 130 176 184 0
93 4 47 11 18 68 83 95 98 118 130 146 167 185 193 0
94 90 25 73 88 159 0
95 49 194 12 15 17 35 93 96 110 117 148 151 158 167 170 171 183 184 0
96 155 200 53 15 26 52 84 95 145 147 169 191 0
97 164 11 33 34 72 77 135 190 0
98 82 6 13 28 29 60 93 117 146 163 195 200 0
99 110 23 32 46 121 128 162 182 0
100 21 91 18 62 90 117 156 159 0
101 20 6 87 102 141 150 161 185 189 0
102 49 37 2 5 43 50 59 65 73 85 101 123 0
103 122 13 34 6 25 37 42 73 149 156 158 159 160 163 0
104 161 6 9 10 13 31 85 90 120 147 162 171 179 191 197 0
105 196 110 8 14 19 72 125 148 0
106 33 133 55 2 38 40 46 59 147 188 191 0
107 84 24 42 75 89 0
108 28 40 60 68 80 85 88 137 144 148 170 0
109 123 77 34 50 79 116 178 188 0
110 105 99 95 167 168 0
111 34 28 29 37 41 56 112 113 131 136 144 192 0
112 64 179 188 9 44 56 111 128 139 176 0
113 4 197 76 157 6 50 111 117 132 156 166 177 0
114 53 6 50 52 73 83 128 133 141 151 165 173 0
115 198 4 14 15 64 76 142 147 149 166 178 180 192 194 0
116 142 39 68 81 89 109 175 177 0
117 122 140 182 28 6 52 57 82 95 98 100 113 179 0
118 88 16 68 33 42 48 55 56 66 93 132 134 141 170 199 0
119 145 7 58 75 77 82 129 174 195 0
120 90 129 2 33 53 89 104 132 140 151 168 178 181 0
121 21 122 69 198 17 22 34 58 82 90 99 131 137 153 182 189 0
122 121 125 103 117 45 66 70 72 78 142 147 152 154 186 0
123 66 109 12 26 31 45 48 102 132 156 164 196 0
124 165 12 26 38 44 70 136 172 174 180 0
125 122 82 7 130 41 15 38 23 29 31 68 72 89 105 166 172 0
126 4 78 10 21 60 91 127 149 166 178 195 0
127 33 176 71 37 126 137 146 160 170 185 187 192 0
128 82 15 57 78 99 112 114 139 164 0
129 120 1 6 49 53 119 144 164 174 0
130 125 156 41 86 92 93 132 137 145 157 166 0
131 199 23 38 75 82 111 121 132 139 141 148 156 191 0
132 59 22 81 113 118 120 123 130 131 0
133 106 19 46 57 63 80 114 138 158 185 189 197 0
134 144 3 8 22 33 54 73 118 159 161 0
135 27 5 21 25 62 76 83 97 141 148 182 191 0
136 49 72 1 56 74 111 124 155 169 170 0
137 165 20 23 67 77 108 121 127 130 152 158 0
138 165 30 38 59 70 91 133 146 172 0
139 155 39 20 192 26 41 48 49 112 128 131 171 172 0
140 117 7 41 44 120 157 169 0
141 45 2 5 13 63 78 84 89 101 114 118 131 135 0
142 149 5 116 64 115 122 143 154 198 0
143 48 6 12 64 80 88 142 170 172 0
144 170 134 87 2 11 15 17 22 25 47 49 61 108 111 129 195 200 0
145 82 119 11 19 52 80 91 96 130 161 182 199 0
146 31 43 60 79 93 98 127 138 152 160 168 0
147 25 51 75 88 96 104 106 115 122 160 178 199 0
148 192 21 28 31 71 74 75 89 95 105 108 131 135 159 0
149 88 142 67 80 103 115 126 152 193 0
150 165 4 20 53 101 180 189 194 0
151 64 40 50 62 95 114 120 159 0
152 16 26 34 48 53 74 85 122 137 146 149 156 173 180 192 196 0
153 165 3 20 82 121 156 181 0
154 75 58 3 33 69 70 71 122 142 161 0
155 90 73 164 96 165 70 139 180 2 24 44 56 83 136 168 183 185 0
156 130 31 43 54 62 76 85 100 103 113 123 131 152 153 0
157 113 26 35 130 140 181 193 0
158 170 61 27 191 11 30 49 70 85 90 95 103 133 137 0
159 51 7 14 20 24 43 45 63 73 76 79 89 94 100 103 134 148 151 161 166 167 177 185 190 192 0
160 5 18 47 72 85 86 103 127 146 147 168 183 190 195 198 0
161 41 104 84 101 134 145 154 159 163 181 0
162 63 92 3 8 53 71 99 104 190 0
163 88 2 78 84 98 103 161 169 183 187 190 0
164 155 172 64 170 97 22 51 70 89 123 128 129 181 0
165 155 51 150 153 137 138 124 2 18 84 87 114 0
166 167 3 18 21 31 41 44 87 113 115 125 126 130 159 0
167 25 166 5 17 22 27 33 36 47 76 83 93 95 110 159 175 188 0
168 75 18 40 91 110 120 146 155 160 189 0
169 180 89 85 38 83 96 136 140 163 181 187 0
170 164 144 158 56 10 27 49 61 76 91 95 108 118 127 136 143 192 0
171 78 16 20 76 82 95 104 139 195 197 0
172 164 75 66 46 175 4 124 125 138 139 143 0
173 70 6 3 31 59 79 81 114 152 174 179 197 0
174 18 62 1 9 16 19 38 84 119 124 129 173 198 0
175 172 43 40 116 167 190 196 0
176 127 11 54 5 8 10 27 36 72 81 83 90 92 112 191 0
177 17 48 76 78 113 116 159 190 192 0
178 92 14 58 74 79 80 109 115 120 126 147 189 0
179 112 84 36 6 49 86 104 117 173 183 0
180 155 169 4 13 17 41 53 115 124 150 152 195 0
181 67 8 20 51 63 68 75 79 120 153 157 161 164 169 0
182 117 32 41 44 47 55 99 121 135 145 0
183 69 78 95 155 160 163 179 184 198 0
184 4 28 42 92 95 183 195 0
185 51 6 15 34 44 53 69 93 101 127 133 155 159 0
186 39 31 36 88 89 122 0
187 90 127 163 169 0
188 112 17 56 63 66 74 106 109 167 0
189 29 1 79 12 40 85 101 121 133 150 168 178 0
190 8 17 44 63 73 97 159 160 162 163 175 177 0
191 158 12 2 3 50 53 68 96 104 106 131 135 176 0
192 139 148 44 65 111 115 127 152 159 170 177 194 198 0
193 46 2 27 45 68 93 149 157 0
194 95 6 23 37 78 115 150 192 195 0
195 90 10 50 63 98 119 126 144 160 171 180 184 194 196 0
196 75 105 6 27 46 56 61 80 123 152 175 195 200 0
197 113 32 52 60 77 86 104 133 171 173 0
198 121 115 3 40 41 69 142 160 174 183 192 0
199 72 131 43 44 60 66 79 118 145 147 0
200 96 11 19 32 49 57 74 79 98 144 196 0

