200  391
1 128 48 40 96 119 0
2 151 35 59 24 179 0
3 150 28 0
4 72 37 142 0
5 161 0
6 160 122 0
7 114 10 22 0
8 193 9 16 70 79 0
9 61 15 8 118 0
10 95 7 17 42 0
11 39 0
12 69 50 62 148 151 0
13 71 17 161 77 123 0
14 177 52 183 0
15 9 90 181 0
16 95 86 34 8 28 161 195 0
17 13 10 63 0
18 40 52 67 117 133 188 198 0
19 144 39 40 112 0
20 133 90 155 0
21 96 87 166 99 0
22 95 7 152 160 0
23 111 102 121 0
24 27 63 2 62 112 176 0
25 116 26 191 0
26 27 100 72 25 41 167 0
27 178 26 24 107 118 125 0
28 3 16 0
29 55 101 122 171 190 0
30 115 74 99 35 127 152 161 0
31 116 183 0
32 58 70 194 0
33 149 120 0
34 16 137 190 0
35 2 30 119 0
36 165 171 64 0
37 59 175 4 177 0
38 160 142 0
39 160 69 58 11 19 198 0
40 186 169 197 18 1 19 0
41 108 26 92 0
42 170 10 120 139 176 0
43 177 45 136 0
44 200 192 0
45 79 192 77 43 0
46 119 0
47 80 142 123 0
48 1 140 0
49 89 119 0
50 54 185 12 118 137 0
51 117 143 96 0
52 55 14 18 53 0
53 56 52 194 0
54 170 50 85 165 0
55 113 29 52 57 151 200 0
56 112 53 179 0
57 88 71 153 149 55 0
58 39 128 32 149 0
59 2 37 180 100 151 0
60 111 80 62 0
61 159 9 113 170 177 0
62 159 12 24 60 0
63 24 17 65 0
64 91 36 102 112 0
65 114 63 0
66 198 158 0
67 173 18 0
68 94 99 0
69 39 146 76 12 109 190 0
70 32 8 88 105 153 157 166 0
71 57 13 141 91 110 0
72 26 4 0
73 136 134 151 194 0
74 30 125 111 81 176 0
75 96 113 130 157 0
76 69 0
77 45 13 0
78 132 166 0
79 88 45 8 181 0
80 60 47 97 109 115 169 0
81 151 176 74 90 194 0
82 200 95 144 146 0
83 100 121 0
84 198 189 123 90 109 0
85 54 184 132 0
86 16 179 0
87 21 188 157 0
88 160 92 79 57 70 99 0
89 147 49 123 189 196 0
90 170 15 20 81 84 0
91 177 64 104 71 111 160 0
92 88 41 97 131 0
93 178 194 150 0
94 190 68 0
95 198 16 10 22 82 0
96 114 170 21 75 162 195 1 51 0
97 177 179 80 92 167 0
98 140 136 0
99 30 21 68 88 0
100 26 83 59 192 0
101 29 156 0
102 23 64 0
103 170 135 169 0
104 91 173 0
105 175 70 199 0
106 116 107 189 0
107 27 120 106 133 182 190 0
108 160 198 140 193 172 41 0
109 165 156 69 80 84 171 0
110 113 124 71 0
111 74 60 133 23 138 91 145 151 0
112 140 56 19 24 64 113 0
113 190 110 55 61 75 112 0
114 115 160 190 96 144 129 65 7 181 0
115 114 178 186 151 30 117 80 156 0
116 190 164 106 25 31 0
117 115 51 18 0
118 27 154 9 50 169 0
119 49 46 1 35 0
120 107 33 42 179 0
121 23 83 189 199 0
122 6 29 0
123 84 13 47 89 184 0
124 110 0
125 74 27 0
126 139 134 0
127 135 30 0
128 58 196 1 160 0
129 114 139 0
130 178 75 0
131 194 92 192 0
132 85 78 169 0
133 111 20 18 107 189 0
134 199 73 126 151 0
135 166 127 103 0
136 193 73 43 98 0
137 34 50 152 0
138 111 0
139 129 126 42 0
140 108 98 112 200 48 0
141 71 173 0
142 47 4 38 0
143 51 0
144 114 173 19 82 185 0
145 196 111 148 182 183 0
146 69 187 82 0
147 178 89 0
148 153 12 145 154 158 0
149 57 199 33 58 150 157 172 0
150 194 3 93 149 157 170 0
151 115 2 163 81 12 55 59 73 111 134 153 172 0
152 179 22 30 137 0
153 57 148 70 151 0
154 118 148 0
155 188 20 0
156 109 101 115 0
157 87 70 75 149 150 174 0
158 66 148 0
159 186 61 62 0
160 114 177 88 108 39 6 174 38 22 91 128 166 0
161 13 5 16 30 0
162 96 0
163 151 0
164 116 0
165 194 109 36 54 195 0
166 21 135 168 70 78 160 0
167 186 181 26 97 0
168 166 0
169 40 80 103 118 132 0
170 96 103 54 42 90 61 150 0
171 36 29 109 0
172 108 149 151 186 0
173 144 67 182 104 141 0
174 160 191 157 0
175 37 105 197 198 0
176 81 24 42 74 0
177 160 43 14 91 97 37 61 0
178 115 93 27 147 183 130 0
179 97 152 2 56 86 120 0
180 59 0
181 167 15 79 114 0
182 173 107 145 0
183 178 14 31 145 0
184 85 123 0
185 50 144 0
186 115 40 167 159 172 194 0
187 146 196 0
188 87 155 18 0
189 84 89 106 121 133 0
190 114 116 113 94 29 34 69 107 0
191 174 25 0
192 45 44 100 131 0
193 108 136 8 0
194 93 150 165 131 32 53 73 81 186 0
195 96 16 165 0
196 128 145 89 187 0
197 40 175 0
198 108 95 66 84 18 39 175 0
199 149 134 105 121 0
200 140 44 82 55 0

