200  311
1 25 122 129 0
2 91 0
3 118 0
4 85 0
5 62 0
6 24 23 0
7 158 151 0
8 48 42 88 197 72 124 35 96 0
9 135 31 91 0
10 56 162 92 85 192 0
11 64 168 138 75 101 0
12 174 147 0
13 151 91 0
14 104 143 0
15 164 113 98 94 130 0
16 65 51 127 0
17 183 68 0
18 55 111 0
19 60 105 107 162 0
20 193 119 136 144 0
21 120 196 175 186 122 0
22 38 80 0
23 111 6 76 103 0
24 110 6 187 0
25 87 1 165 192 0
26 199 33 0
27 29 57 130 0
28 200 143 0
29 93 198 27 81 132 0
30 48 95 0
31 9 0
32 50 77 0
33 120 62 96 26 0
34 197 0
35 86 166 8 0
36 145 46 0
37 195 160 97 71 126 0
38 145 184 141 123 105 22 47 134 170 0
39 89 116 121 188 0
40 55 91 154 0
41 180 115 55 150 0
42 8 0
43 123 71 89 92 0
44 170 156 0
45 86 177 0
46 36 0
47 38 0
48 102 8 195 66 180 61 30 135 0
49 146 0
50 120 32 145 0
51 196 16 0
52 101 134 118 181 0
53 75 95 0
54 135 76 0
55 64 83 18 40 109 59 41 0
56 120 10 0
57 151 117 27 103 0
58 64 185 77 0
59 55 70 133 0
60 145 103 19 195 0
61 48 183 0
62 33 192 5 0
63 141 84 187 115 0
64 120 102 145 55 11 104 58 106 172 0
65 141 16 0
66 48 85 0
67 153 0
68 17 195 0
69 118 0
70 59 0
71 128 161 37 43 0
72 8 0
73 123 125 157 83 0
74 87 0
75 107 53 11 0
76 54 23 0
77 32 58 0
78 102 139 0
79 135 148 0
80 88 22 0
81 169 29 0
82 179 0
83 55 86 154 73 156 0
84 63 95 149 85 0
85 145 4 10 66 84 0
86 83 45 35 121 0
87 120 169 25 74 159 195 0
88 8 107 80 165 0
89 112 39 43 0
90 173 0
91 40 2 121 9 13 0
92 10 43 119 0
93 165 29 125 0
94 162 15 140 0
95 84 116 30 53 0
96 33 8 132 0
97 37 0
98 15 0
99 180 0
100 107 174 0
101 112 52 11 129 0
102 64 152 48 128 78 0
103 60 127 23 57 0
104 64 159 110 170 14 160 196 0
105 38 142 155 19 190 0
106 147 64 0
107 88 130 75 100 19 159 0
108 128 0
109 55 144 158 0
110 104 24 0
111 18 23 0
112 160 101 89 142 0
113 15 176 166 197 0
114 158 168 0
115 41 63 170 0
116 95 39 0
117 57 165 183 0
118 152 153 3 69 129 52 0
119 20 92 170 0
120 33 64 87 56 194 21 50 186 0
121 91 39 86 0
122 1 21 129 0
123 38 43 73 134 0
124 8 149 0
125 73 93 167 0
126 189 37 0
127 103 16 0
128 102 181 71 108 0
129 118 1 101 122 188 0
130 107 15 27 0
131 197 0
132 154 29 96 0
133 190 59 180 0
134 52 38 123 0
135 48 9 54 163 79 0
136 161 20 0
137 160 0
138 11 189 178 140 0
139 145 78 0
140 154 173 94 138 0
141 38 63 65 0
142 105 112 0
143 28 14 0
144 109 20 181 0
145 64 38 60 188 193 174 36 85 139 50 0
146 152 49 154 182 0
147 12 106 182 192 0
148 193 179 79 0
149 84 124 0
150 169 41 0
151 7 57 13 180 0
152 102 118 146 0
153 118 156 67 0
154 83 140 132 40 146 0
155 105 165 0
156 153 44 83 0
157 73 0
158 195 7 191 114 109 183 0
159 104 87 107 0
160 37 112 137 167 104 0
161 71 136 0
162 10 94 19 0
163 135 0
164 188 15 181 0
165 25 93 88 117 155 0
166 35 113 198 0
167 160 125 175 196 0
168 11 200 114 172 0
169 87 150 81 0
170 104 44 38 115 119 0
171 197 0
172 186 64 168 175 185 0
173 140 90 0
174 145 12 100 199 0
175 21 167 172 0
176 113 0
177 45 0
178 138 0
179 148 82 0
180 48 41 99 133 151 0
181 128 199 52 144 164 0
182 147 146 0
183 190 17 61 117 158 0
184 38 0
185 58 172 0
186 21 172 120 0
187 63 24 0
188 145 164 39 129 0
189 138 126 0
190 192 183 133 105 0
191 158 0
192 62 190 10 25 147 0
193 145 20 148 0
194 120 196 0
195 48 158 37 60 68 87 0
196 21 51 104 167 194 0
197 8 131 171 34 113 0
198 29 166 0
199 181 26 174 0
200 168 28 0

