200  322
1 173 72 184 0
2 90 128 0
3 138 91 0
4 129 42 9 111 165 171 0
5 59 35 152 0
6 8 62 92 0
7 149 0
8 166 199 6 0
9 4 183 0
10 64 123 0
11 144 52 174 0
12 80 106 92 0
13 57 168 85 0
14 178 43 61 0
15 39 187 0
16 77 155 68 30 0
17 34 166 0
18 19 23 73 0
19 49 18 163 31 148 0
20 47 110 155 0
21 197 29 66 193 0
22 179 117 0
23 18 125 0
24 95 56 110 118 151 0
25 57 82 96 0
26 156 0
27 138 29 100 153 0
28 93 119 111 0
29 21 65 142 27 0
30 149 16 0
31 19 181 0
32 126 70 113 0
33 45 174 166 88 102 0
34 164 17 174 180 199 0
35 5 0
36 132 130 0
37 80 138 0
38 83 115 114 0
39 185 192 117 15 195 0
40 151 194 195 0
41 164 70 87 131 163 0
42 4 0
43 135 14 51 171 0
44 66 0
45 141 33 91 52 172 0
46 124 167 169 0
47 200 66 185 59 170 20 0
48 70 75 195 49 119 147 0
49 89 19 147 181 48 0
50 69 0
51 64 43 0
52 65 11 45 129 158 0
53 120 175 134 0
54 74 127 0
55 192 177 0
56 183 78 24 0
57 125 13 98 25 0
58 66 178 86 123 137 0
59 47 190 5 183 143 153 191 83 144 0
60 66 118 0
61 200 140 83 97 14 0
62 80 6 88 0
63 183 0
64 192 51 74 10 81 148 0
65 29 52 112 137 151 0
66 47 58 105 164 44 60 21 134 0
67 98 0
68 16 0
69 180 50 187 0
70 41 48 32 92 133 196 0
71 150 0
72 1 81 128 100 0
73 112 18 195 0
74 64 54 87 163 0
75 48 0
76 173 82 0
77 174 16 115 0
78 56 113 119 179 0
79 109 103 127 161 81 0
80 185 37 62 12 121 0
81 72 64 79 0
82 25 76 93 171 0
83 61 121 139 38 59 0
84 166 113 189 0
85 141 13 0
86 142 58 130 0
87 41 74 0
88 33 62 0
89 192 49 0
90 92 136 2 108 0
91 45 109 118 3 0
92 140 90 184 6 12 70 0
93 185 28 82 174 0
94 167 107 0
95 136 24 0
96 129 182 25 0
97 61 176 0
98 57 67 147 0
99 105 200 0
100 138 27 72 0
101 113 148 0
102 33 110 141 0
103 79 172 0
104 178 0
105 66 180 172 99 136 0
106 12 0
107 168 94 0
108 173 90 0
109 91 79 112 0
110 186 20 24 102 0
111 164 4 28 144 156 188 0
112 109 73 65 159 0
113 84 101 146 32 78 0
114 38 0
115 38 77 0
116 199 0
117 39 22 0
118 91 24 60 0
119 28 48 78 147 0
120 144 53 0
121 83 80 0
122 199 165 0
123 10 58 0
124 139 46 0
125 166 57 145 23 0
126 150 32 172 0
127 79 54 138 0
128 72 2 167 182 0
129 172 4 96 52 0
130 142 36 86 0
131 41 0
132 172 36 177 0
133 153 162 70 0
134 53 66 0
135 200 43 185 0
136 90 95 105 0
137 155 58 65 169 199 0
138 37 100 3 27 127 0
139 83 150 124 160 141 0
140 61 92 169 171 0
141 200 45 156 173 85 167 102 139 0
142 29 130 186 86 147 0
143 59 145 147 0
144 166 198 11 120 59 111 0
145 125 143 0
146 113 188 0
147 49 48 98 119 142 143 0
148 101 19 64 0
149 180 30 194 7 0
150 139 71 157 126 0
151 183 40 24 65 173 0
152 180 5 0
153 59 133 27 0
154 185 0
155 16 137 20 0
156 141 26 111 0
157 150 0
158 190 196 52 0
159 173 112 186 0
160 139 0
161 79 0
162 133 0
163 19 41 74 189 0
164 66 41 111 34 175 0
165 166 4 122 0
166 33 125 144 84 8 165 17 0
167 141 94 46 128 0
168 13 176 107 0
169 140 46 137 0
170 47 0
171 183 4 43 82 140 0
172 105 129 132 45 103 126 0
173 141 76 1 108 159 151 0
174 33 77 179 11 34 93 0
175 53 164 0
176 168 97 0
177 55 132 0
178 58 14 104 0
179 174 22 78 0
180 105 149 69 152 34 0
181 49 31 0
182 96 128 0
183 59 151 171 56 63 9 0
184 92 1 0
185 47 39 80 93 154 135 0
186 142 110 159 0
187 69 15 0
188 192 193 111 146 0
189 84 163 0
190 59 158 0
191 59 0
192 39 89 64 55 188 0
193 188 21 0
194 149 40 0
195 48 39 40 73 0
196 158 70 0
197 200 21 0
198 144 0
199 8 122 116 34 137 0
200 47 197 61 141 135 99 0

