200  400
1 160 123 147 151 0
2 189 115 21 0
3 56 75 198 0
4 53 180 49 120 159 167 0
5 56 59 0
6 107 19 76 172 198 0
7 182 115 178 0
8 30 37 181 176 0
9 37 70 75 123 130 0
10 167 112 187 193 0
11 84 161 116 78 168 86 0
12 16 141 81 85 107 156 0
13 174 38 96 153 172 0
14 95 99 178 81 141 184 0
15 166 95 183 172 55 114 0
16 131 107 12 40 73 0
17 150 84 0
18 134 24 138 166 0
19 161 50 6 74 0
20 105 188 196 135 153 80 97 155 0
21 154 110 133 2 158 0
22 197 0
23 149 88 47 120 146 0
24 149 18 25 0
25 84 125 42 184 24 0
26 104 27 182 0
27 69 26 110 114 0
28 120 31 104 99 188 189 0
29 58 40 69 119 68 39 30 34 179 0
30 35 8 29 163 186 0
31 28 0
32 68 144 0
33 45 0
34 145 73 91 162 151 35 114 29 39 43 0
35 34 30 110 132 0
36 37 0
37 8 36 9 60 199 0
38 89 13 96 132 166 0
39 29 82 34 103 132 0
40 29 65 16 103 0
41 152 85 0
42 25 95 0
43 58 98 113 34 0
44 107 0
45 99 33 68 131 146 0
46 93 58 152 0
47 57 23 75 144 0
48 130 117 0
49 4 142 126 180 0
50 19 109 97 0
51 196 119 141 0
52 80 90 62 101 170 157 126 200 0
53 105 149 4 0
54 160 137 109 0
55 105 15 0
56 80 3 173 5 119 148 0
57 162 47 198 0
58 185 84 145 43 29 171 190 46 164 0
59 99 5 0
60 37 129 78 112 152 0
61 185 79 174 0
62 52 130 199 93 140 169 0
63 69 192 0
64 74 130 189 0
65 40 0
66 182 0
67 156 93 0
68 29 195 32 45 184 0
69 29 63 86 27 116 134 0
70 195 9 145 0
71 127 88 0
72 166 114 193 0
73 34 94 163 16 189 0
74 99 64 19 0
75 139 128 3 9 47 0
76 169 6 83 0
77 165 85 124 198 0
78 11 60 131 0
79 155 61 181 0
80 84 52 193 56 121 136 20 177 0
81 12 14 0
82 39 115 196 0
83 125 76 0
84 58 25 166 80 120 189 11 187 146 17 183 0
85 152 12 41 77 0
86 69 11 104 128 0
87 183 134 0
88 23 71 165 0
89 104 38 146 0
90 52 105 133 0
91 34 122 150 143 110 129 137 0
92 171 0
93 67 46 62 110 116 161 0
94 73 138 148 0
95 15 14 42 171 0
96 151 108 13 38 171 0
97 144 138 20 50 168 0
98 43 117 161 0
99 14 74 45 59 159 176 28 128 150 171 178 0
100 102 104 138 167 0
101 52 152 0
102 152 100 0
103 138 39 40 144 0
104 28 89 155 26 86 100 133 0
105 90 20 53 156 55 126 0
106 125 128 175 0
107 16 124 6 44 12 110 160 172 191 0
108 96 0
109 50 54 0
110 21 27 35 91 93 107 0
111 194 193 0
112 10 60 142 170 0
113 43 123 0
114 34 179 15 27 72 0
115 2 7 82 0
116 11 69 93 165 0
117 98 48 166 0
118 173 167 0
119 29 51 56 193 0
120 84 28 4 23 0
121 80 0
122 91 136 138 0
123 196 1 9 113 159 0
124 107 77 0
125 25 106 83 148 130 0
126 52 49 105 0
127 187 71 165 0
128 75 86 99 106 162 0
129 60 91 0
130 62 48 9 64 125 0
131 166 16 45 78 0
132 162 35 38 39 166 0
133 21 90 104 143 0
134 87 18 191 192 69 179 0
135 20 177 0
136 80 122 168 0
137 54 91 0
138 97 103 18 94 100 122 167 0
139 151 75 194 0
140 159 62 199 0
141 12 14 51 0
142 49 112 149 0
143 91 133 179 0
144 166 174 97 32 47 103 0
145 58 34 177 70 148 190 194 0
146 84 23 45 89 158 0
147 172 1 0
148 125 56 94 145 161 0
149 53 24 23 142 153 0
150 91 17 99 0
151 34 139 96 1 0
152 101 102 85 41 46 60 192 0
153 20 13 149 0
154 187 21 0
155 104 79 20 165 0
156 105 67 12 0
157 52 0
158 170 165 21 146 197 0
159 99 140 4 123 197 0
160 189 54 1 107 0
161 11 19 93 98 148 0
162 34 57 132 128 175 178 0
163 73 30 185 199 0
164 169 58 0
165 158 77 88 116 127 155 172 0
166 84 15 131 194 144 72 18 38 117 132 187 0
167 183 10 4 100 118 138 0
168 11 97 136 199 0
169 177 164 76 62 0
170 52 158 175 112 0
171 58 92 95 96 99 0
172 15 147 6 13 107 165 0
173 56 118 0
174 144 13 61 0
175 170 106 162 0
176 99 8 0
177 145 169 80 135 0
178 14 186 7 99 162 0
179 114 29 134 143 0
180 4 49 197 0
181 8 79 0
182 188 66 7 26 183 0
183 15 87 167 84 182 0
184 25 14 68 195 0
185 58 197 61 163 0
186 178 30 0
187 84 127 154 10 166 0
188 20 182 28 0
189 84 160 2 28 64 73 0
190 58 145 0
191 134 107 192 0
192 134 63 152 191 0
193 80 10 72 111 119 0
194 166 111 139 145 0
195 68 70 184 0
196 20 123 51 82 0
197 185 22 158 159 180 0
198 57 3 6 77 0
199 62 37 140 163 168 0
200 52 0

