200  2189
1 166 134 5 9 32 34 85 91 99 113 119 159 167 169 185 187 197 199 0
2 187 3 5 12 32 34 35 36 47 66 78 79 84 98 101 103 112 114 115 135 144 172 190 198 0
3 96 121 61 65 2 18 29 50 52 64 80 87 104 108 123 129 146 147 149 169 176 190 0
4 78 20 27 34 42 61 67 71 100 105 113 136 149 179 182 184 194 0
5 119 49 114 1 2 29 50 51 73 86 106 132 133 137 144 152 158 169 174 198 0
6 93 16 17 18 33 42 44 49 55 58 81 87 89 106 108 148 151 164 170 186 195 0
7 28 14 23 32 34 43 48 90 111 113 117 127 137 149 155 158 161 190 200 0
8 182 23 27 29 33 43 60 62 90 115 121 132 140 146 196 0
9 107 1 25 29 34 51 52 59 69 76 85 91 97 114 116 128 130 131 138 148 151 169 178 0
10 142 53 165 23 40 49 51 58 67 78 86 92 98 106 110 119 139 146 151 154 156 158 161 176 184 187 194 196 0
11 184 14 40 44 53 58 72 98 101 102 108 113 121 125 126 134 144 146 172 179 180 199 0
12 47 2 14 21 36 43 44 104 105 112 122 124 132 144 157 167 186 187 188 192 0
13 111 25 33 47 65 69 72 74 80 83 88 104 105 114 130 135 146 154 156 158 164 177 194 199 200 0
14 106 7 11 12 15 19 31 55 56 58 81 84 101 134 160 173 182 193 0
15 49 23 14 25 32 41 76 89 108 119 128 130 132 145 154 178 184 189 0
16 6 24 41 51 60 64 96 119 158 159 164 172 177 183 185 186 194 199 0
17 164 176 88 187 69 6 33 38 44 58 61 72 78 97 100 101 109 113 118 120 130 137 166 193 196 0
18 96 179 98 105 3 6 35 43 46 53 57 68 69 81 82 123 157 161 167 169 176 185 194 197 0
19 78 14 23 32 57 90 94 95 105 121 138 144 148 149 154 170 182 194 197 199 0
20 34 190 4 24 39 49 58 64 84 87 89 99 105 119 130 134 157 161 167 183 184 185 195 0
21 32 124 200 12 35 40 48 54 58 69 74 77 87 105 106 112 116 121 140 145 149 152 153 154 156 157 164 165 187 188 0
22 96 152 23 24 25 32 35 37 44 53 68 73 76 86 89 102 120 125 139 163 177 0
23 15 7 8 10 19 22 35 53 56 67 69 122 125 126 134 142 174 176 194 0
24 107 16 20 22 32 45 49 54 75 76 81 95 119 129 136 161 164 173 182 189 197 0
25 28 9 13 15 22 50 53 55 58 60 62 72 79 87 90 103 121 144 147 151 157 158 167 176 184 197 0
26 158 40 28 37 52 68 88 93 119 121 124 137 139 150 174 181 190 199 0
27 36 4 8 40 45 57 60 69 76 80 81 85 92 123 126 130 160 166 173 174 0
28 163 7 160 25 128 26 36 38 46 47 54 76 83 87 119 121 130 133 136 142 164 182 189 195 0
29 184 3 5 8 9 38 41 56 67 77 110 128 130 136 140 141 147 164 167 190 192 0
30 183 150 132 31 34 38 48 70 73 112 145 155 165 170 179 185 0
31 187 14 30 39 50 65 69 74 92 100 123 133 139 142 159 166 169 172 176 181 0
32 96 21 73 1 2 7 15 19 22 24 39 40 48 56 61 64 91 105 115 124 134 157 179 185 191 192 0
33 155 168 6 8 13 17 35 38 43 45 56 58 62 64 81 90 117 125 130 132 133 150 151 160 161 175 182 186 189 0
34 96 48 115 123 146 106 20 108 1 2 4 7 9 30 43 58 68 77 87 88 114 130 143 145 153 154 162 180 187 189 193 200 0
35 123 2 18 21 22 23 33 53 59 64 66 76 92 97 114 131 161 168 169 180 183 184 185 189 0
36 126 27 44 2 12 28 56 62 64 70 105 106 125 130 141 144 145 152 165 184 187 0
37 86 22 26 41 50 55 72 74 75 85 92 93 102 105 114 119 129 136 142 144 149 153 154 162 176 189 196 0
38 52 125 17 28 29 30 33 56 59 60 63 71 75 76 83 89 103 124 132 140 146 155 182 183 191 0
39 164 68 20 31 32 42 49 59 77 86 117 122 127 130 133 143 146 166 173 186 0
40 26 191 138 10 11 21 27 32 46 65 71 86 89 104 111 121 149 156 158 161 168 175 178 198 0
41 113 15 16 29 37 57 60 65 71 79 87 119 120 121 126 136 163 182 185 193 194 0
42 51 163 4 6 39 44 49 66 71 72 80 81 115 118 130 136 150 157 162 166 173 177 178 191 0
43 164 7 8 12 18 33 34 58 73 77 87 95 96 98 99 109 116 120 140 147 150 159 169 170 178 199 0
44 36 6 11 12 17 22 42 49 55 67 80 85 110 133 146 158 166 170 172 186 0
45 93 24 27 33 65 77 97 116 118 119 121 144 145 172 195 198 0
46 49 18 28 40 63 72 99 124 157 158 166 171 174 179 181 183 191 0
47 146 12 2 13 28 51 86 91 95 106 129 141 147 150 157 158 182 193 195 196 200 0
48 34 78 139 120 7 21 30 32 54 86 102 107 108 114 119 125 161 163 177 178 0
49 5 15 83 46 6 10 20 24 39 42 44 50 57 66 77 87 91 95 119 141 146 147 151 169 179 186 189 193 194 0
50 126 3 5 25 31 37 49 54 57 69 78 87 134 135 138 169 170 193 195 197 0
51 110 42 113 5 9 10 16 47 60 70 71 76 82 84 88 102 105 117 125 127 130 137 139 141 151 164 166 175 184 0
52 141 38 87 148 54 3 9 26 55 73 85 112 118 120 124 129 171 173 0
53 10 167 11 18 22 23 25 35 68 91 120 127 129 140 147 162 172 179 181 185 193 194 0
54 52 21 24 28 48 50 62 65 66 75 80 96 98 115 119 130 132 137 150 157 164 169 192 0
55 166 95 6 14 25 37 44 52 72 77 78 92 111 112 114 116 138 151 179 0
56 146 14 23 29 32 33 36 38 83 115 118 131 137 153 160 162 184 190 0
57 93 18 19 27 41 49 50 72 73 77 86 87 113 122 132 138 159 181 187 0
58 123 89 130 6 10 11 14 17 20 21 25 33 34 43 59 62 65 70 72 75 87 112 115 143 146 161 172 173 181 197 0
59 119 9 35 38 39 58 70 75 89 108 110 118 120 121 126 128 141 142 143 151 163 183 196 198 0
60 175 8 16 25 27 38 41 51 98 99 106 116 117 121 125 126 133 138 140 150 168 180 182 190 196 0
61 3 4 17 32 84 89 90 118 127 131 145 169 172 182 186 194 0
62 169 157 8 25 33 36 54 58 64 80 91 112 122 127 134 152 158 165 188 0
63 163 38 46 68 81 82 109 113 120 130 133 136 184 185 192 0
64 69 3 16 20 32 33 35 36 62 76 115 122 132 136 149 151 155 156 160 175 183 188 192 0
65 3 13 31 40 41 45 54 58 69 76 90 100 102 108 127 140 142 144 162 163 181 182 194 0
66 69 76 2 35 42 49 54 70 80 92 93 103 105 116 121 135 150 175 180 189 190 191 192 193 194 0
67 163 4 10 23 29 44 82 88 93 133 139 155 159 161 170 182 183 192 0
68 39 18 22 26 34 53 63 74 84 91 93 108 133 145 150 171 175 188 193 195 0
69 17 64 166 66 9 13 18 21 23 27 31 50 65 87 88 122 136 137 138 144 157 169 180 181 185 193 0
70 127 30 36 51 58 59 66 77 84 85 100 108 118 140 149 160 161 170 176 188 200 0
71 78 4 38 40 41 42 51 75 87 98 147 150 157 160 163 0
72 180 117 11 13 17 25 37 42 46 55 57 58 83 94 103 106 113 114 115 132 143 148 159 169 192 193 0
73 32 5 22 30 43 52 57 90 97 99 121 125 129 148 154 160 169 0
74 141 13 21 31 37 68 83 102 108 113 121 132 133 135 144 146 148 161 164 165 167 177 183 184 195 197 0
75 113 24 37 38 54 58 59 71 77 86 89 102 105 107 120 128 129 136 140 169 175 180 192 199 0
76 66 9 15 22 24 27 28 35 38 51 64 65 80 96 113 121 126 134 143 146 152 184 194 198 0
77 155 170 21 29 34 39 43 45 49 55 57 70 75 89 93 123 134 143 146 172 179 181 184 0
78 48 172 71 79 19 4 2 10 17 50 55 83 87 104 116 122 126 137 154 157 158 159 163 185 188 0
79 78 2 25 41 80 95 101 108 129 134 137 164 169 172 180 181 0
80 136 175 3 13 27 42 44 54 62 66 76 79 91 97 103 116 135 151 156 180 187 196 199 0
81 149 6 14 18 24 27 33 42 63 85 87 93 96 102 111 133 134 143 153 188 0
82 163 18 51 63 67 96 98 104 152 188 192 197 0
83 49 145 13 28 38 56 72 74 78 125 129 132 142 155 162 166 180 186 187 0
84 110 2 14 20 51 61 68 70 88 89 104 113 127 132 151 160 167 182 184 0
85 101 1 9 27 37 44 52 70 81 92 94 104 111 143 148 152 167 191 0
86 187 37 5 10 22 39 40 47 48 57 75 116 132 140 145 169 172 182 0
87 52 3 6 20 21 25 28 34 41 43 49 50 57 58 69 71 78 81 104 122 131 138 141 143 156 161 162 180 0
88 17 13 26 34 51 67 69 84 95 98 114 115 126 128 131 135 149 155 171 179 181 182 0
89 58 6 15 20 22 38 40 59 61 75 77 84 90 92 97 100 105 118 134 141 147 184 197 0
90 101 7 8 19 25 33 61 65 73 89 114 137 148 149 150 154 165 166 195 0
91 165 1 9 32 47 49 53 62 68 80 103 120 132 152 164 178 183 186 197 0
92 154 10 27 31 35 37 55 66 85 89 102 103 118 126 129 144 145 152 153 155 166 170 175 183 191 195 0
93 141 45 57 6 26 37 66 67 68 77 81 105 110 111 115 116 128 142 145 159 162 163 172 195 200 0
94 156 19 72 85 108 123 127 129 140 141 144 145 149 153 158 159 189 196 199 0
95 55 19 24 43 47 49 79 88 114 130 138 157 172 173 179 185 189 190 191 199 0
96 34 22 178 18 177 3 32 112 16 43 54 76 81 82 110 120 121 122 149 155 176 198 0
97 172 9 17 35 45 73 80 89 117 118 121 127 138 156 159 171 188 192 199 200 0
98 18 2 10 11 43 54 60 71 82 88 120 124 136 138 144 151 157 168 191 192 196 0
99 146 1 20 43 46 60 73 108 115 119 124 133 155 162 168 181 186 188 189 196 0
100 176 156 4 17 31 65 70 89 136 145 160 182 185 195 0
101 186 137 90 85 2 11 14 17 79 108 130 142 161 170 194 195 196 0
102 146 104 11 22 37 48 51 65 74 75 81 92 110 133 139 142 145 152 165 175 181 199 0
103 142 182 194 2 25 38 66 72 80 91 92 128 132 138 158 174 177 179 0
104 102 3 12 13 40 78 82 84 85 87 108 119 122 126 136 174 176 179 185 196 197 0
105 18 4 12 13 19 20 21 32 36 37 51 66 75 89 93 113 148 165 166 168 172 176 200 0
106 34 180 14 5 6 10 21 36 47 60 72 118 119 130 136 142 143 144 192 193 197 0
107 127 24 9 48 75 109 111 115 122 158 168 182 191 195 0
108 34 3 6 11 15 48 59 65 68 70 74 79 94 99 101 104 134 136 151 160 162 168 175 197 0
109 116 17 43 63 107 125 139 140 154 159 162 163 173 181 186 0
110 146 164 51 84 10 29 44 59 93 96 102 121 137 140 156 176 191 194 196 200 0
111 152 13 7 40 55 81 85 93 107 113 116 132 144 160 165 172 197 200 0
112 96 2 12 21 30 52 55 58 62 116 139 151 152 153 155 158 159 189 0
113 51 75 41 1 4 7 11 17 57 63 72 74 76 84 105 111 116 144 147 149 154 161 169 170 186 0
114 5 2 9 13 34 35 37 48 55 72 88 90 95 134 141 142 147 0
115 34 141 126 184 122 2 8 32 42 54 56 58 64 72 88 93 99 107 121 129 131 132 139 157 164 165 182 185 186 189 0
116 192 109 9 21 43 45 55 60 66 78 80 86 93 111 112 113 127 133 134 142 165 167 174 182 198 0
117 72 7 33 39 51 60 97 124 132 141 147 177 186 189 196 0
118 182 135 17 42 45 52 56 59 61 70 89 92 97 106 119 133 137 145 149 151 156 177 189 190 200 0
119 141 5 181 59 1 10 15 16 20 24 26 28 37 41 45 48 49 54 99 104 106 118 120 144 158 172 185 0
120 48 17 22 41 43 52 53 59 63 75 91 96 98 119 126 130 142 146 149 156 179 186 195 0
121 3 8 11 19 21 25 26 28 40 41 45 59 60 66 73 74 76 96 97 110 115 123 133 139 152 154 156 183 185 190 191 0
122 115 12 23 39 57 62 64 69 78 87 96 104 107 123 130 158 163 171 184 192 194 0
123 34 58 35 196 3 18 27 31 77 94 121 122 131 146 153 154 155 158 163 164 167 174 200 0
124 21 140 12 26 32 38 46 52 98 99 117 143 175 180 191 196 0
125 38 11 22 23 33 36 48 51 60 73 83 109 130 131 147 156 177 195 0
126 115 142 136 50 36 11 23 27 41 59 60 76 78 88 92 104 120 137 146 148 166 174 176 180 181 185 187 192 197 0
127 164 107 70 7 39 51 53 61 62 65 84 94 97 116 141 148 166 0
128 28 9 15 29 59 75 88 93 103 129 137 145 163 167 169 170 178 179 184 0
129 177 3 24 37 47 52 53 73 75 79 83 92 94 115 128 134 146 155 161 182 0
130 58 158 9 13 15 17 20 27 28 29 33 34 36 39 42 51 54 63 95 101 106 120 122 125 134 146 155 181 183 190 191 194 0
131 154 9 35 56 61 87 88 115 123 125 133 143 144 157 160 163 168 169 181 194 0
132 30 5 8 12 15 33 38 54 57 64 72 74 83 84 86 91 103 111 115 117 140 142 149 155 157 159 160 161 169 170 173 0
133 161 5 28 31 33 39 44 60 63 67 68 74 81 99 102 116 118 121 131 134 160 168 170 198 0
134 1 11 14 20 23 32 50 62 76 77 79 81 89 108 114 116 129 130 133 151 152 171 177 187 188 0
135 118 193 2 13 50 66 74 80 88 144 150 153 189 191 192 0
136 126 80 4 24 28 29 37 41 42 63 64 69 75 98 100 104 106 108 156 160 165 182 184 192 0
137 101 161 5 7 17 26 51 54 56 69 78 79 90 110 118 126 128 153 175 177 187 192 200 0
138 40 9 19 50 55 57 60 69 87 95 97 98 103 147 154 171 196 0
139 48 10 22 26 31 51 67 102 109 112 115 121 142 159 165 174 183 0
140 124 8 21 29 38 43 53 60 65 70 75 86 94 109 110 132 150 154 155 0
141 115 52 171 119 93 74 29 36 47 49 51 59 87 89 94 114 117 127 148 154 182 0
142 126 183 103 192 149 10 154 23 28 31 37 59 65 83 93 101 102 106 114 116 120 132 139 176 181 196 0
143 151 34 39 58 59 72 76 77 81 85 87 106 124 131 144 147 154 167 172 176 198 0
144 195 2 5 11 12 19 25 36 37 45 65 69 74 92 94 98 106 111 113 119 131 135 143 146 167 177 199 200 0
145 83 15 21 30 34 36 45 61 68 86 92 93 94 100 102 118 128 176 186 197 200 0
146 34 110 99 102 47 56 3 8 10 11 13 38 39 44 49 58 74 76 77 120 123 126 129 130 144 165 169 174 185 187 191 0
147 162 3 25 29 43 47 49 53 71 89 113 114 117 125 138 143 157 183 184 191 0
148 52 6 9 19 72 73 74 85 90 105 126 127 141 159 162 170 174 176 179 0
149 142 81 3 4 7 19 21 37 40 64 70 88 90 94 96 113 118 120 132 151 155 171 185 191 194 0
150 30 26 33 42 43 47 54 60 66 68 71 90 135 140 154 156 186 0
151 178 143 6 9 10 25 33 49 51 55 59 64 80 84 98 108 112 118 134 149 152 166 171 187 188 191 193 195 200 0
152 22 111 189 5 21 36 62 76 82 85 91 92 102 112 121 134 151 159 178 194 0
153 161 197 21 34 37 56 81 92 94 112 123 135 137 156 175 177 180 0
154 142 92 131 10 13 15 19 21 34 37 73 78 90 109 113 121 123 138 140 141 143 150 175 182 199 200 0
155 178 33 162 77 7 30 38 64 67 83 88 92 96 99 112 123 129 130 132 140 149 158 160 161 165 167 176 186 0
156 100 94 10 13 21 40 64 80 87 97 110 118 120 121 125 136 150 153 162 171 172 0
157 62 12 18 20 21 25 32 42 46 47 54 69 71 78 95 98 115 131 132 147 172 188 194 0
158 130 26 5 7 10 13 16 25 40 44 46 47 62 78 94 103 107 112 119 122 123 155 161 164 176 178 191 0
159 164 1 16 31 43 57 67 72 78 93 94 97 109 112 132 139 148 152 170 179 181 182 185 0
160 28 14 27 33 56 64 70 71 73 84 100 108 111 131 132 133 136 155 164 177 190 195 196 197 0
161 137 153 133 7 10 18 20 24 33 35 40 48 58 67 70 74 87 101 113 129 132 155 158 178 180 184 191 195 196 0
162 155 147 34 37 42 53 56 65 83 87 93 99 108 109 148 156 163 182 185 187 188 195 0
163 42 28 82 198 63 67 22 41 48 59 65 71 78 93 109 122 123 128 131 162 176 184 188 0
164 110 17 127 169 39 159 195 43 6 13 16 21 24 28 29 51 54 74 79 91 115 123 158 160 185 187 194 199 0
165 10 91 21 30 36 62 74 90 102 105 111 115 116 136 139 146 155 170 171 176 177 200 0
166 69 1 173 55 17 27 31 39 42 44 46 51 83 90 92 105 126 127 151 169 170 179 190 194 0
167 53 1 12 18 20 25 29 74 84 85 116 123 128 143 144 155 175 0
168 33 35 40 60 98 99 105 107 108 131 133 183 184 0
169 164 62 1 3 5 9 18 31 35 43 49 50 54 61 69 72 73 75 79 86 113 128 131 132 146 166 174 182 0
170 77 6 19 30 43 44 50 67 70 92 101 113 128 132 133 148 159 165 166 173 176 180 185 198 0
171 141 46 52 68 88 97 122 134 138 149 151 156 165 180 188 189 197 199 0
172 78 97 2 11 16 31 44 45 53 58 61 77 79 86 93 95 105 111 119 143 156 157 176 197 0
173 166 14 24 27 39 42 52 58 95 109 132 170 184 187 191 199 200 0
174 176 5 23 26 27 46 103 104 116 123 126 139 146 148 169 197 0
175 80 60 33 40 51 64 66 68 75 92 102 108 124 137 153 154 167 182 189 195 0
176 17 186 100 174 185 3 10 18 23 25 31 37 70 96 104 105 110 126 142 143 145 148 155 158 163 165 170 172 183 0
177 96 129 13 16 22 42 48 74 103 117 118 125 134 137 144 153 160 165 183 188 193 0
178 96 151 155 9 15 40 42 43 48 91 128 152 158 161 189 198 0
179 18 4 11 30 32 46 49 53 55 77 88 95 103 104 120 128 148 159 166 184 188 0
180 106 72 11 34 35 60 66 69 75 79 80 83 87 124 126 153 161 170 171 184 0
181 119 26 31 46 53 57 58 65 69 77 79 88 99 102 109 126 130 131 142 159 182 187 0
182 103 118 8 4 14 19 24 28 33 38 41 47 60 61 65 67 84 86 88 100 107 115 116 129 136 141 154 159 162 169 175 181 184 0
183 142 30 16 20 35 38 46 59 64 67 74 91 92 121 130 139 147 168 176 177 0
184 115 11 29 4 10 15 20 25 35 36 51 56 63 74 76 77 84 89 122 128 136 147 161 163 168 173 179 180 182 193 0
185 176 1 16 18 20 30 32 35 41 53 63 69 78 95 100 104 115 119 121 126 146 149 159 162 164 170 187 191 0
186 176 101 6 12 16 33 39 44 49 61 83 91 99 109 113 115 117 120 145 150 155 188 194 0
187 17 2 86 31 1 10 12 21 34 36 57 80 83 126 134 137 146 151 162 164 173 181 185 192 199 0
188 192 12 21 62 64 68 70 78 81 82 97 99 134 151 157 162 163 171 177 179 186 189 195 0
189 152 15 24 28 33 34 35 37 49 66 94 95 99 112 115 117 118 135 171 175 178 188 190 193 194 0
190 20 2 3 7 26 29 56 60 66 95 118 121 130 160 166 189 191 0
191 40 32 38 42 46 66 85 92 95 98 107 110 121 124 130 135 146 147 149 151 158 161 173 185 190 0
192 142 188 116 12 29 32 54 63 64 66 67 72 75 82 97 98 106 122 126 135 136 137 187 197 0
193 135 14 17 34 41 47 49 50 53 66 68 69 72 106 151 177 184 189 0
194 103 4 10 13 16 18 19 23 41 49 53 61 65 66 76 101 110 122 130 131 149 152 157 164 166 186 189 0
195 164 144 6 20 28 45 47 50 68 74 90 92 93 100 101 107 120 125 151 160 161 162 175 188 196 0
196 123 8 10 17 37 47 59 60 80 94 98 99 101 104 110 117 124 138 142 160 161 195 198 0
197 153 1 18 19 24 25 50 58 74 82 89 91 104 106 108 111 126 145 160 171 172 174 192 0
198 163 2 5 40 45 59 76 96 116 133 143 170 178 196 0
199 200 1 11 13 16 19 26 43 75 80 94 95 97 102 144 154 164 171 173 187 0
200 21 199 7 13 34 47 70 93 97 105 110 111 118 123 137 144 145 151 154 165 173 0

