200  286
1 12 200 51 159 52 105 0
2 38 190 18 0
3 101 13 52 0
4 48 79 186 0
5 48 0
6 38 101 29 0
7 72 67 0
8 10 102 0
9 97 123 0
10 22 8 55 0
11 18 20 0
12 178 154 1 107 34 32 126 37 164 0
13 3 29 0
14 179 175 0
15 21 31 187 0
16 173 19 21 22 0
17 160 72 0
18 173 176 135 36 172 11 192 56 2 162 0
19 95 16 0
20 11 171 0
21 144 15 16 0
22 25 122 10 16 95 112 0
23 38 34 148 0
24 25 188 138 0
25 123 95 22 160 127 106 24 47 0
26 130 35 110 140 0
27 154 160 0
28 165 0
29 138 6 13 0
30 184 134 77 139 0
31 123 104 49 15 0
32 12 92 0
33 49 0
34 12 78 195 23 99 0
35 26 0
36 18 124 0
37 12 174 0
38 123 115 6 2 59 23 0
39 107 0
40 179 0
41 121 106 0
42 104 53 101 117 0
43 178 0
44 177 0
45 123 181 0
46 196 146 0
47 25 178 0
48 68 4 5 0
49 31 33 0
50 118 90 0
51 1 0
52 171 166 1 3 0
53 138 42 155 168 0
54 88 0
55 10 0
56 18 117 80 111 0
57 174 0
58 170 165 0
59 38 93 0
60 152 106 0
61 78 119 0
62 116 145 180 0
63 191 182 90 138 0
64 198 0
65 125 98 0
66 71 0
67 7 0
68 71 48 121 137 0
69 115 0
70 123 0
71 200 68 66 169 0
72 178 7 17 0
73 128 158 74 0
74 169 73 0
75 128 86 0
76 78 0
77 30 160 0
78 34 108 76 61 0
79 173 131 4 92 0
80 56 0
81 84 130 102 100 0
82 196 142 0
83 141 193 134 199 0
84 178 123 198 81 162 99 0
85 111 0
86 75 0
87 115 0
88 184 54 199 175 0
89 162 149 0
90 63 50 173 0
91 174 0
92 120 32 79 0
93 118 59 129 0
94 105 125 0
95 25 19 22 147 0
96 131 0
97 154 136 171 9 191 100 140 0
98 143 65 136 147 0
99 130 103 34 84 133 0
100 118 187 119 81 97 198 0
101 6 3 145 42 105 125 0
102 81 8 0
103 99 0
104 31 42 0
105 173 94 1 101 185 0
106 25 41 60 116 0
107 12 39 0
108 78 130 0
109 163 148 0
110 26 0
111 56 85 124 0
112 122 22 0
113 160 168 0
114 200 0
115 38 69 87 0
116 118 62 106 0
117 56 42 180 0
118 135 116 133 100 93 50 156 0
119 100 61 154 0
120 126 92 132 0
121 68 41 0
122 22 112 0
123 84 25 38 31 140 152 45 70 9 0
124 36 111 0
125 135 65 94 101 0
126 12 120 186 200 0
127 25 168 155 157 180 0
128 173 75 141 73 129 0
129 128 151 93 0
130 81 99 26 108 0
131 79 96 163 0
132 196 120 0
133 118 194 99 0
134 30 197 83 0
135 18 118 138 163 125 0
136 97 189 153 98 0
137 68 0
138 135 29 177 53 24 63 0
139 176 30 0
140 123 26 97 0
141 128 83 0
142 82 0
143 200 165 147 98 0
144 154 21 0
145 101 62 0
146 46 0
147 143 95 98 0
148 109 23 0
149 200 89 161 0
150 173 161 0
151 129 0
152 123 60 165 0
153 136 0
154 12 144 97 27 119 0
155 127 53 175 199 0
156 118 0
157 127 0
158 73 0
159 1 165 0
160 25 17 113 27 77 183 0
161 150 149 0
162 84 89 18 0
163 135 109 131 0
164 199 12 0
165 143 28 58 152 159 0
166 52 0
167 183 0
168 127 53 113 0
169 71 174 74 185 0
170 183 58 185 0
171 97 179 52 20 0
172 18 0
173 178 128 18 183 79 150 16 105 90 0
174 169 91 57 37 0
175 14 88 155 0
176 18 139 0
177 138 44 0
178 12 186 43 173 84 72 47 0
179 171 14 40 0
180 127 62 117 0
181 45 0
182 63 0
183 173 170 196 167 160 0
184 198 88 30 0
185 170 105 169 192 0
186 178 4 126 196 0
187 100 15 0
188 24 0
189 136 0
190 2 0
191 97 63 0
192 18 185 0
193 83 0
194 133 0
195 34 0
196 183 82 132 46 186 0
197 134 0
198 84 184 64 100 0
199 88 164 83 155 0
200 1 71 143 149 114 126 0

