300  4762
1 241 4 15 22 23 37 45 51 72 80 95 122 126 149 160 185 189 195 202 208 209 210 214 228 235 238 247 254 264 294 299 0
2 212 174 14 23 36 40 41 56 62 69 74 96 130 141 142 147 181 193 217 229 240 247 254 265 267 269 284 286 291 0
3 243 4 10 11 24 42 50 54 55 62 69 77 87 96 101 102 131 153 158 169 173 174 208 220 233 249 252 268 275 289 296 298 0
4 294 1 3 33 37 39 40 42 46 49 52 56 58 64 75 85 92 150 153 159 182 199 205 216 236 243 249 253 254 259 265 291 0
5 242 84 7 15 16 33 51 57 95 141 147 156 170 182 210 231 236 260 272 273 290 295 0
6 238 125 114 8 12 25 38 40 42 59 74 86 87 90 101 103 106 107 141 142 144 147 150 161 185 207 208 234 243 246 248 268 276 285 295 296 0
7 43 47 45 163 5 9 13 15 27 36 53 54 62 67 97 98 103 106 110 116 131 135 165 167 170 174 179 182 208 214 222 234 243 258 268 274 278 291 0
8 131 6 16 19 42 43 51 57 60 68 69 88 89 98 105 117 126 133 134 149 159 161 163 181 182 183 189 190 205 211 214 216 229 255 269 273 276 286 292 300 0
9 148 7 10 20 31 32 35 47 54 55 64 75 92 101 126 129 130 138 151 155 179 201 233 257 260 261 263 268 283 289 293 0
10 203 299 3 9 25 29 37 76 100 106 109 111 121 123 126 131 138 152 172 185 186 199 238 243 251 263 279 298 0
11 88 123 3 54 79 108 125 128 130 156 160 163 175 190 191 197 231 241 242 245 247 264 278 279 286 288 0
12 117 165 6 82 88 119 133 154 161 171 172 188 193 194 222 229 231 237 241 248 269 293 0
13 259 33 7 28 30 36 38 59 62 87 95 108 115 116 117 118 140 170 179 192 198 206 209 211 215 253 256 258 265 266 287 297 0
14 292 2 20 23 51 53 56 58 74 105 111 118 122 134 138 139 163 169 181 193 204 228 234 254 255 262 265 266 275 278 287 0
15 88 140 1 5 7 20 26 44 55 74 102 114 133 142 145 149 150 151 167 175 198 203 216 221 225 227 242 243 245 247 268 270 275 276 281 283 294 0
16 185 71 5 8 28 42 60 105 115 155 170 182 191 194 195 201 211 236 243 266 270 278 279 280 294 0
17 209 22 25 56 87 90 123 148 164 168 174 175 182 211 221 232 252 271 286 288 292 296 0
18 57 22 24 31 56 69 72 80 84 97 110 111 139 143 155 164 166 172 204 214 220 236 261 277 281 287 298 0
19 279 293 8 20 22 23 30 41 45 51 63 76 82 91 96 101 102 132 135 141 148 154 165 170 184 188 189 191 195 239 254 256 257 259 284 296 300 0
20 104 9 14 15 19 23 27 46 48 52 64 65 68 70 83 96 98 107 116 138 142 143 144 150 152 163 164 167 171 188 207 208 211 214 216 231 248 251 263 291 0
21 253 193 225 29 41 48 49 53 61 62 65 80 91 107 114 135 147 150 175 189 191 194 202 234 237 240 250 255 259 268 277 288 0
22 169 46 162 1 17 18 19 26 42 49 57 62 74 97 107 125 126 128 130 131 133 136 138 151 157 171 183 196 227 228 237 253 261 265 283 0
23 64 94 1 2 14 19 20 32 38 40 45 48 60 61 69 82 91 92 109 110 113 117 134 146 167 168 176 181 188 199 206 207 213 228 235 257 283 290 292 0
24 46 3 18 31 44 72 75 91 103 115 120 129 135 139 165 209 210 225 239 242 245 249 251 254 289 292 299 0
25 226 281 288 218 109 194 202 6 10 17 60 64 66 83 88 124 130 138 168 174 178 184 195 200 203 211 275 295 0
26 210 15 22 34 37 49 63 68 76 86 88 94 102 112 116 122 139 151 152 156 162 175 190 193 200 207 218 232 247 252 286 289 294 295 0
27 151 139 178 7 20 28 37 46 47 54 57 66 72 75 85 87 92 93 111 115 146 192 194 199 225 229 233 239 245 265 276 288 0
28 281 13 16 27 35 45 53 74 75 83 88 98 104 108 112 116 133 148 186 208 220 230 237 239 253 261 264 266 269 284 287 297 0
29 171 10 21 35 45 63 82 107 112 119 132 140 143 147 154 163 166 170 177 185 203 216 217 218 222 225 230 235 236 237 255 265 266 280 282 289 299 0
30 57 64 264 234 239 13 19 31 38 47 54 65 69 70 71 97 98 99 146 158 174 183 185 186 194 196 202 213 222 226 228 251 271 295 0
31 279 9 18 24 30 34 37 51 64 76 91 115 121 122 125 144 145 153 155 159 170 205 210 224 235 253 293 0
32 285 9 23 35 42 48 55 59 91 99 105 113 130 144 146 158 167 176 190 205 209 229 230 233 237 242 264 287 0
33 13 40 130 4 5 38 72 100 104 109 116 140 142 153 155 162 165 169 170 172 178 188 202 203 209 214 219 229 238 257 266 267 286 293 0
34 119 108 290 154 284 26 31 37 38 39 71 80 100 101 109 113 117 120 124 125 139 152 171 181 224 230 242 244 248 280 285 292 298 299 0
35 270 9 28 29 32 41 43 46 52 54 69 102 117 119 157 164 173 175 180 201 211 230 236 239 246 251 269 274 282 0
36 108 2 7 13 38 45 47 52 61 65 67 74 77 82 92 119 122 130 132 134 153 167 181 188 193 199 222 253 254 257 259 263 264 266 284 295 0
37 166 89 235 1 4 10 26 27 31 34 38 44 47 72 93 109 112 120 133 148 158 164 165 171 184 190 195 206 215 217 226 251 254 263 270 275 278 280 294 0
38 279 6 13 23 30 33 34 36 37 44 49 61 75 80 87 88 98 100 113 127 130 155 165 167 197 213 235 276 278 286 287 291 0
39 197 276 4 34 40 62 76 78 85 87 100 113 119 138 147 150 158 199 201 229 230 267 278 287 291 0
40 33 2 4 6 23 39 45 53 96 129 139 142 147 149 162 164 225 237 256 273 274 276 284 294 298 0
41 259 2 19 21 35 49 58 66 68 93 110 113 136 160 163 172 179 192 208 210 234 263 272 275 276 278 282 0
42 207 195 3 4 6 8 16 22 32 72 79 85 89 111 112 122 123 125 129 133 134 135 149 162 165 170 185 196 211 217 222 223 225 234 252 256 266 277 280 287 292 0
43 169 7 8 35 57 66 83 101 105 120 139 141 148 162 165 173 195 228 243 244 277 281 283 290 0
44 281 171 59 229 254 15 24 37 38 64 66 73 77 79 113 128 129 138 158 164 176 182 189 213 220 244 271 291 296 0
45 7 72 246 1 19 23 28 29 36 40 77 91 125 129 130 142 144 146 151 164 202 209 218 228 237 249 270 273 278 280 0
46 22 98 24 275 4 20 27 35 50 53 73 77 85 117 119 122 123 146 152 154 162 169 173 184 190 200 209 212 220 227 234 235 247 249 256 265 267 270 271 279 291 295 296 0
47 7 9 27 30 36 37 49 63 80 108 133 190 208 210 211 212 223 241 252 254 268 278 0
48 151 20 21 23 32 60 74 75 83 95 102 138 146 154 160 165 174 210 217 223 233 240 253 262 0
49 183 4 21 22 26 38 41 47 58 60 73 82 90 93 106 140 148 157 163 168 201 202 212 216 233 249 254 283 288 292 297 0
50 63 3 46 73 86 89 116 118 122 125 127 133 151 162 163 174 182 186 198 206 215 216 220 227 235 246 255 257 273 281 285 289 294 0
51 267 212 190 1 5 8 14 19 31 67 79 121 130 137 164 168 173 181 182 186 192 194 203 205 220 225 236 268 276 297 0
52 116 4 20 35 36 70 84 113 114 124 130 136 144 147 154 164 170 183 190 202 224 229 235 239 241 261 263 266 273 281 296 0
53 93 236 7 14 21 28 40 46 65 67 80 94 104 107 110 124 128 132 135 169 173 178 194 195 199 204 214 227 238 246 265 278 0
54 103 3 7 9 11 27 30 35 59 61 66 72 75 90 96 98 102 106 128 162 177 188 196 204 218 220 243 249 282 284 0
55 146 86 272 3 9 15 32 58 65 77 79 93 99 101 115 117 139 147 167 184 211 212 222 224 241 244 259 261 298 0
56 173 2 4 14 17 18 60 61 95 98 102 126 141 142 184 189 196 197 201 211 215 225 243 252 284 289 296 0
57 146 30 240 18 5 8 22 27 43 63 66 70 75 85 99 103 114 124 125 128 138 158 161 169 177 183 206 214 221 230 251 266 271 278 289 293 298 300 0
58 77 4 14 41 49 55 60 73 87 89 110 114 137 143 144 169 171 182 191 193 218 235 258 263 272 281 284 0
59 44 210 111 6 13 32 54 81 103 108 118 120 134 140 146 171 183 194 197 199 202 225 235 242 245 249 263 272 288 291 298 0
60 232 8 16 23 25 48 49 56 58 66 76 95 103 107 118 120 156 165 200 215 223 233 234 247 257 261 263 270 276 287 292 296 0
61 109 21 23 36 38 54 56 67 72 74 82 99 103 135 186 187 193 194 200 210 227 236 237 240 244 250 265 266 284 291 293 295 298 0
62 96 2 3 7 13 21 22 39 64 65 81 82 107 109 118 131 137 150 152 170 177 186 191 193 195 196 223 249 250 258 270 279 286 288 0
63 183 50 19 26 29 47 57 85 117 137 142 147 162 186 193 195 241 244 251 277 293 300 0
64 30 23 257 4 9 20 25 31 44 62 71 75 83 94 96 114 125 137 144 152 155 163 170 177 184 195 202 219 222 249 271 277 282 294 295 296 0
65 116 20 21 30 36 53 55 62 73 95 122 127 129 136 141 146 152 154 161 162 175 189 194 213 223 267 277 284 292 0
66 150 25 27 41 43 44 54 57 60 79 94 100 128 132 148 153 157 159 165 174 175 179 183 185 187 196 202 205 207 210 218 222 241 253 262 263 265 268 0
67 120 7 36 51 53 61 83 89 92 97 130 135 146 167 187 203 214 250 262 270 271 294 0
68 195 8 20 26 41 84 98 103 136 147 162 170 180 182 185 187 199 209 210 240 248 283 292 297 0
69 106 201 2 3 8 18 23 30 35 84 104 105 124 133 153 155 161 165 168 178 182 191 197 208 218 232 234 239 244 245 249 260 274 281 286 288 0
70 152 20 30 52 57 75 76 79 81 86 87 97 104 109 111 131 138 148 158 169 185 202 205 208 209 227 233 245 246 247 253 257 259 265 267 278 281 300 0
71 16 30 34 64 83 95 102 116 157 175 176 185 189 192 202 206 209 218 219 248 260 271 281 288 300 0
72 45 204 1 18 24 27 33 37 42 54 61 88 90 94 124 134 143 150 194 207 212 224 230 231 243 249 258 262 264 270 273 287 297 300 0
73 139 142 44 46 49 50 58 65 85 94 97 112 123 135 144 148 151 153 163 183 205 206 207 210 218 243 254 256 257 261 270 293 294 300 0
74 242 2 6 14 15 22 28 36 48 61 100 101 103 108 120 138 140 146 173 174 176 185 198 212 218 240 246 289 290 291 300 0
75 152 4 9 24 27 28 38 48 54 57 64 70 77 89 93 120 156 170 174 195 203 217 218 220 224 250 253 283 285 299 0
76 107 10 19 26 31 39 60 70 78 85 100 101 108 111 112 135 139 182 195 198 209 225 226 232 236 241 260 273 277 282 285 297 0
77 291 58 3 36 44 45 46 55 75 80 82 139 141 145 152 159 173 188 197 198 205 209 211 217 228 233 243 245 250 257 260 272 285 290 292 0
78 184 39 76 80 89 91 94 102 112 113 129 138 142 156 165 178 211 218 220 223 227 246 251 252 255 259 280 284 285 294 295 299 0
79 171 166 188 155 11 42 44 51 55 66 70 90 112 113 116 123 125 137 145 163 172 202 207 268 269 272 274 280 282 295 0
80 259 1 18 21 34 38 47 53 77 78 87 91 98 113 116 118 124 135 138 141 150 151 161 171 188 189 190 200 202 205 235 241 245 248 253 278 280 282 286 287 293 0
81 111 59 62 70 84 87 91 104 109 125 148 153 179 192 205 210 250 299 0
82 297 12 19 23 29 36 49 61 62 77 94 98 110 122 127 129 140 158 173 185 189 209 213 215 240 243 299 0
83 141 20 25 28 43 48 64 67 71 89 90 91 107 110 120 129 131 143 177 179 188 199 201 210 225 237 238 257 261 269 274 278 284 296 0
84 5 18 52 68 69 81 88 97 110 118 128 129 133 172 181 183 192 194 208 210 212 225 232 259 275 278 280 283 288 295 0
85 253 173 107 221 215 4 27 39 42 46 57 63 73 76 88 91 92 104 106 109 122 144 155 181 194 200 219 224 264 270 291 300 0
86 55 242 6 26 50 70 88 89 95 101 106 118 139 162 179 197 198 201 207 212 215 218 224 233 241 249 259 274 282 296 0
87 206 3 6 13 17 27 38 39 58 70 80 81 106 111 112 113 150 151 161 175 191 194 198 204 211 215 226 230 233 244 249 250 271 280 284 0
88 96 15 11 8 12 25 26 28 38 72 84 85 86 124 148 177 201 204 209 215 247 256 258 269 283 0
89 37 8 42 50 58 67 75 78 83 86 93 102 109 115 142 161 171 173 176 177 181 182 201 205 210 211 212 224 234 243 268 274 293 0
90 93 127 6 17 49 54 72 79 83 94 95 108 115 121 125 134 144 148 149 150 158 165 171 190 191 197 212 224 228 236 252 257 264 275 282 300 0
91 131 132 19 21 23 24 31 32 45 78 80 81 83 85 93 101 115 139 155 157 165 178 189 202 204 218 230 231 236 240 246 255 263 275 283 290 295 300 0
92 120 4 9 23 27 36 67 85 98 109 142 159 161 169 172 182 194 198 214 225 232 239 273 277 296 0
93 169 53 90 120 269 27 37 41 49 55 75 89 91 114 117 119 130 136 141 144 160 165 173 183 184 196 197 208 232 235 244 248 285 286 288 0
94 23 115 26 53 64 66 72 73 78 82 90 108 110 113 122 124 125 128 133 140 144 154 155 168 171 174 176 178 182 203 205 215 222 224 232 239 245 253 257 270 278 291 298 300 0
95 253 1 5 13 48 56 60 65 71 86 90 97 99 106 116 139 142 147 163 214 221 227 249 262 263 274 283 287 288 291 0
96 167 88 62 2 3 19 20 40 54 64 179 182 184 186 188 190 195 202 205 236 238 248 278 296 0
97 291 7 18 22 30 67 70 73 84 95 101 114 116 117 122 132 136 143 151 153 154 162 195 197 200 201 206 207 211 213 238 242 246 264 0
98 46 7 8 20 28 30 38 54 56 68 80 82 92 107 118 119 128 144 160 169 196 205 210 219 230 233 245 264 266 267 278 298 0
99 228 252 30 32 55 57 61 95 118 129 140 156 162 172 173 177 191 194 215 242 247 250 251 261 270 283 295 0
100 199 245 10 33 34 38 39 66 74 76 103 137 138 147 151 156 161 185 197 200 233 235 255 263 265 267 271 299 0
101 226 3 6 9 19 34 43 55 74 76 86 91 97 120 121 123 128 132 147 148 150 182 189 193 198 200 202 207 218 220 233 235 236 242 257 271 277 279 0
102 228 3 15 19 26 35 48 54 56 71 78 89 114 121 130 133 145 147 149 160 164 175 187 207 217 220 233 235 255 259 271 285 298 299 300 0
103 152 153 54 6 7 24 57 59 60 61 68 74 100 106 112 117 134 137 140 148 161 167 177 181 188 194 197 204 210 214 221 240 259 262 269 279 286 0
104 273 20 28 33 53 69 70 81 85 105 123 140 143 155 157 161 167 174 191 195 197 206 218 231 256 268 283 0
105 146 8 14 16 32 43 69 104 107 121 123 125 131 135 152 164 165 194 202 212 215 228 230 236 261 273 286 297 0
106 216 270 69 6 7 10 49 54 85 86 87 95 103 112 120 121 158 167 179 199 200 205 212 213 241 243 253 272 293 0
107 85 144 76 6 20 21 22 29 53 60 62 83 98 105 123 135 142 150 166 173 188 203 223 231 232 236 238 240 243 265 268 272 276 291 296 0
108 34 36 11 13 28 47 59 74 76 90 94 143 145 170 176 178 184 229 235 237 240 249 256 258 268 269 282 294 0
109 25 148 179 203 61 10 23 33 34 37 62 70 81 85 89 92 141 142 145 158 175 190 205 207 208 238 254 283 288 296 0
110 169 243 7 18 23 41 53 58 82 83 84 94 113 128 130 135 137 140 144 145 163 164 173 199 236 239 245 253 257 260 262 270 279 285 295 0
111 59 81 10 14 18 27 42 70 76 87 113 116 128 129 137 138 143 144 146 147 159 164 170 177 185 215 229 242 244 246 0
112 141 143 26 28 29 37 42 73 76 78 79 87 103 106 150 152 162 166 197 207 211 249 258 262 269 282 284 285 289 0
113 270 23 32 34 38 39 41 44 52 78 79 80 87 94 110 111 115 125 132 134 140 168 169 205 212 214 215 216 217 219 220 236 237 251 256 259 263 287 0
114 6 15 21 52 57 58 64 93 97 102 146 159 160 186 189 210 233 248 257 259 260 262 273 275 284 288 296 0
115 94 13 16 24 27 31 55 89 90 91 113 117 118 124 125 134 137 158 165 168 187 188 190 215 219 223 232 241 247 285 286 289 0
116 253 260 65 52 7 13 20 26 28 33 50 71 79 80 95 97 111 134 139 146 151 176 180 183 192 193 195 204 211 219 230 232 247 256 267 272 277 290 0
117 146 12 8 13 23 34 35 46 55 63 93 97 103 115 135 136 151 178 181 224 230 236 245 246 252 258 281 292 299 0
118 152 265 278 13 14 50 59 60 62 80 84 86 98 99 115 137 138 140 144 146 151 159 169 170 173 184 196 199 209 237 244 246 248 268 274 0
119 288 34 267 12 29 35 36 39 46 93 98 122 124 129 133 137 178 185 189 196 198 205 210 214 225 231 234 249 270 284 292 0
120 93 67 92 24 34 37 43 59 60 74 75 83 101 106 124 138 143 145 153 181 182 183 184 185 190 191 192 200 202 203 210 212 229 234 246 248 253 255 262 264 279 300 0
121 151 10 31 51 90 101 102 105 106 129 149 157 182 183 187 204 216 237 262 275 286 0
122 282 217 1 14 26 31 36 42 46 50 65 82 85 94 97 119 124 125 139 186 190 200 204 215 222 234 250 262 263 265 266 268 275 284 287 290 0
123 11 187 280 10 17 42 46 73 79 101 104 105 107 146 152 168 177 183 192 200 204 221 224 246 257 267 269 270 281 285 288 0
124 218 25 34 52 53 57 69 72 80 88 94 115 119 120 122 140 192 212 228 230 247 260 265 281 282 283 288 289 299 0
125 6 297 11 22 31 34 42 45 50 57 64 79 81 90 94 105 113 115 122 133 135 136 156 168 179 210 217 222 229 237 245 247 249 255 269 270 274 276 284 286 300 0
126 189 1 8 9 10 22 56 131 147 149 154 176 178 184 196 197 233 237 241 259 296 300 0
127 90 232 38 50 65 82 129 144 146 154 162 167 177 178 184 191 194 198 201 203 208 209 214 219 234 239 241 251 261 265 271 276 285 296 0
128 160 11 22 44 53 54 57 66 84 94 98 101 110 111 132 142 146 151 159 169 185 191 198 207 212 235 261 269 272 278 0
129 192 9 24 40 42 44 45 65 78 82 83 84 99 111 119 121 127 132 140 147 150 158 169 206 221 228 230 238 246 265 270 280 288 292 298 0
130 33 2 9 11 22 25 32 36 38 45 51 52 67 93 102 110 147 148 161 178 184 185 203 210 231 256 278 300 0
131 288 91 8 3 7 10 22 62 70 83 105 126 152 156 174 180 186 187 189 193 196 207 223 225 233 242 245 248 264 276 289 292 0
132 91 137 145 19 29 36 53 66 97 101 113 128 129 138 163 164 170 178 185 204 259 263 275 279 290 0
133 206 8 12 15 22 28 37 42 47 50 69 84 94 102 119 125 137 146 156 161 163 169 170 176 187 194 201 217 224 225 229 234 243 254 255 266 273 279 289 290 291 297 300 0
134 281 209 197 167 8 14 23 36 42 59 72 90 103 113 115 116 149 163 176 181 188 191 194 199 200 203 211 214 247 253 267 286 287 288 292 293 295 300 0
135 159 7 19 21 24 42 53 61 67 73 76 80 105 107 110 117 125 171 193 196 205 209 229 230 231 241 251 254 255 262 264 265 286 293 294 300 0
136 218 291 223 181 22 41 52 65 68 93 97 117 125 144 146 150 158 188 191 214 229 235 240 290 0
137 132 51 58 62 63 64 79 100 103 110 111 115 118 119 133 138 145 153 155 165 169 184 188 190 200 210 223 250 256 258 284 0
138 151 9 10 14 20 22 25 39 44 48 57 70 74 78 80 100 111 118 120 132 137 166 168 169 173 188 197 212 222 231 241 258 267 279 292 294 0
139 27 73 14 18 24 26 34 40 43 55 76 77 86 91 95 116 122 142 162 167 168 177 193 205 217 239 252 256 263 264 270 273 275 291 0
140 15 13 29 33 49 59 74 82 94 99 103 104 110 113 118 124 129 143 166 171 177 178 187 204 212 221 226 228 240 248 273 276 290 291 297 0
141 253 83 277 112 244 2 5 6 19 43 56 65 77 80 93 109 143 150 164 168 175 206 207 208 212 236 240 247 256 262 269 287 293 299 300 0
142 73 2 6 15 20 33 40 45 56 63 78 89 92 95 107 109 128 139 146 152 158 159 169 184 205 206 213 246 249 256 263 268 272 281 294 300 0
143 112 18 20 29 58 72 83 97 104 108 111 120 140 141 152 160 163 165 166 171 205 213 224 236 246 262 266 278 280 281 293 0
144 107 6 20 31 32 45 52 58 64 73 85 90 93 94 98 110 111 118 127 136 148 153 163 178 198 221 226 256 258 274 280 285 290 294 0
145 132 15 31 77 79 102 108 109 110 120 137 155 156 162 206 209 224 237 276 284 287 290 0
146 226 263 117 57 55 220 105 23 27 30 32 45 46 48 59 65 67 74 111 114 116 118 123 127 128 133 136 142 148 153 162 164 179 180 184 188 210 218 233 242 253 260 273 275 279 283 294 0
147 253 274 238 2 5 6 21 29 39 40 52 55 63 68 95 100 101 102 111 126 129 130 154 166 179 192 193 201 213 247 265 278 298 0
148 109 9 17 19 28 37 43 49 66 70 73 81 88 90 101 103 130 144 146 160 165 183 191 199 202 204 213 236 243 244 246 263 270 291 292 0
149 286 1 8 15 40 42 90 102 121 126 134 150 155 159 160 166 184 185 187 188 211 217 228 236 242 250 270 272 273 291 298 0
150 216 266 66 4 6 15 20 21 39 62 72 80 87 90 101 107 112 129 136 141 149 178 184 196 205 208 210 225 228 232 241 255 269 282 294 0
151 167 259 27 121 138 48 248 9 15 22 26 45 50 73 80 87 97 100 116 117 118 128 152 186 189 202 205 206 207 211 212 225 227 229 239 250 251 252 268 270 271 278 279 283 295 296 0
152 226 169 118 237 103 70 75 10 20 26 34 46 62 64 65 77 105 112 123 131 142 143 151 155 176 183 196 207 208 221 223 224 269 286 298 0
153 103 3 4 31 33 36 66 69 73 81 97 120 137 144 146 182 188 206 225 230 232 239 254 264 265 286 0
154 34 12 19 29 46 48 52 65 94 97 126 127 147 177 185 188 190 203 204 216 226 258 269 278 293 0
155 79 9 16 18 31 33 38 64 69 85 91 94 104 137 145 149 152 157 159 165 166 172 188 189 203 215 219 220 233 236 248 249 281 286 0
156 164 5 11 26 60 75 78 99 100 125 131 133 145 163 189 194 200 203 208 212 269 275 282 285 289 295 0
157 240 22 35 49 66 71 91 104 121 155 158 170 172 181 187 194 206 223 224 226 229 235 238 247 284 294 0
158 296 285 207 286 3 30 32 37 39 44 57 70 82 90 106 109 115 129 136 142 157 167 188 208 212 222 235 239 241 263 265 279 283 289 292 294 299 0
159 166 135 4 8 31 66 77 92 111 114 118 128 142 149 155 165 170 171 215 216 219 225 248 262 266 270 278 290 296 0
160 295 128 247 1 11 41 48 93 98 102 114 143 148 149 161 162 171 173 207 237 245 251 252 268 270 282 299 0
161 218 6 8 12 57 65 69 80 87 89 92 100 103 104 130 133 160 162 165 171 178 195 208 213 258 261 265 282 287 0
162 22 26 33 40 42 43 46 50 54 63 65 68 86 97 99 112 127 139 145 146 160 161 166 179 195 197 200 205 218 220 235 275 276 285 0
163 7 8 11 14 20 29 41 49 50 64 73 79 95 110 132 133 134 143 144 156 176 183 186 214 232 239 254 262 270 296 0
164 253 295 156 17 18 20 35 37 40 44 45 51 52 102 105 110 111 132 141 146 166 179 182 211 212 213 223 232 233 235 245 247 252 267 269 290 291 0
165 12 7 19 24 33 37 38 42 43 48 60 66 69 78 90 91 93 105 115 137 143 148 155 159 161 170 177 182 186 187 192 194 207 212 216 221 228 231 233 239 249 282 290 296 0
166 79 37 249 159 18 29 107 112 138 140 143 147 149 155 162 164 167 173 175 182 192 196 198 210 213 232 248 256 257 272 274 277 291 299 0
167 134 151 216 96 184 7 15 20 23 32 36 38 55 67 103 104 106 127 139 158 166 171 190 210 212 213 232 233 234 242 247 248 249 254 268 0
168 171 255 17 23 25 49 51 69 94 113 115 123 125 138 139 141 173 186 190 191 206 208 228 239 269 293 0
169 152 93 110 22 43 3 14 33 46 53 57 58 70 92 98 113 118 128 129 133 137 138 142 172 178 193 194 202 209 211 213 229 254 258 272 290 291 0
170 285 185 5 7 13 16 19 29 31 33 42 52 62 64 68 75 108 111 118 132 133 157 159 165 174 186 199 204 207 214 219 228 232 263 283 288 290 0
171 44 79 168 186 29 12 20 22 34 37 58 59 80 89 90 94 135 140 143 159 160 161 167 178 184 185 192 208 232 233 254 265 274 293 0
172 240 10 12 18 33 41 79 84 92 99 155 157 169 174 183 184 202 211 216 225 231 239 269 276 284 297 300 0
173 85 256 56 3 35 43 46 51 53 74 77 82 89 93 99 107 110 118 138 160 166 168 176 177 187 190 195 211 212 214 216 217 219 220 267 268 273 293 294 0
174 2 3 7 17 25 30 48 50 66 74 75 94 104 131 170 172 176 193 205 221 223 225 245 254 269 275 0
175 281 11 15 17 21 26 35 65 66 71 87 102 109 141 166 204 213 260 278 291 296 0
176 240 298 23 32 44 71 74 89 94 108 116 126 133 134 152 163 173 174 182 185 215 228 231 255 264 295 0
177 239 29 54 57 62 64 83 88 89 99 103 111 123 127 139 140 154 165 173 203 225 230 234 236 238 252 256 279 297 299 0
178 27 25 33 53 69 78 91 94 108 117 119 126 127 130 132 140 144 150 161 169 171 189 195 232 240 245 260 268 269 0
179 109 287 7 9 13 41 66 81 83 86 96 106 125 146 147 162 164 181 182 189 197 199 206 215 220 225 229 259 261 264 272 276 286 0
180 277 35 68 116 131 146 221 230 244 253 257 262 265 292 0
181 136 2 8 14 23 34 36 51 84 85 89 103 117 120 134 157 179 182 186 189 248 249 254 255 261 263 271 273 276 277 297 0
182 253 4 5 7 8 16 17 44 50 51 58 68 69 76 89 92 94 96 101 120 121 153 164 165 166 176 179 181 185 200 222 250 252 271 278 288 290 296 0
183 189 63 49 8 22 30 52 57 59 66 73 84 93 116 120 121 123 148 152 163 172 187 192 198 214 219 232 244 252 271 278 282 288 297 0
184 167 78 19 25 37 46 55 56 64 93 96 108 118 120 126 127 130 137 142 146 149 150 171 172 188 192 201 215 219 234 236 243 262 281 285 292 293 299 0
185 170 16 213 1 6 10 29 30 42 66 68 70 71 74 82 100 111 119 120 128 130 132 149 154 171 176 182 188 199 203 226 231 243 244 252 255 261 262 264 292 293 0
186 171 214 10 28 30 50 51 61 62 63 96 114 122 131 151 163 165 168 170 181 192 201 211 227 241 252 254 256 257 266 273 282 298 0
187 123 61 66 67 68 102 115 121 131 133 140 149 157 165 173 183 189 211 221 226 227 230 231 236 259 265 295 0
188 79 12 19 20 23 33 36 54 77 80 83 96 103 107 115 134 136 137 138 146 149 153 154 155 158 184 185 191 194 207 214 244 258 271 274 280 298 0
189 226 183 126 1 8 19 21 44 56 65 71 80 82 91 101 114 119 131 151 155 156 178 179 181 187 191 195 223 232 241 247 255 257 282 284 289 290 296 0
190 51 8 11 26 32 37 46 47 52 80 90 96 109 115 120 122 137 154 167 168 173 192 197 202 211 212 215 219 234 249 251 267 275 278 281 291 292 0
191 221 11 16 19 21 58 62 69 87 90 99 104 120 127 128 134 136 148 168 188 189 199 210 241 243 246 259 284 286 0
192 226 129 13 27 41 51 71 81 84 116 120 123 124 147 165 166 171 183 184 186 190 196 200 211 214 215 242 272 281 282 297 0
193 21 2 12 14 26 36 58 61 62 63 101 116 131 135 139 147 169 174 201 214 215 217 223 248 251 256 267 272 278 281 290 0
194 25 12 16 21 27 30 51 53 59 61 65 72 84 85 87 92 99 103 105 127 133 134 156 157 165 169 188 212 239 240 261 0
195 42 262 68 1 16 19 25 37 43 53 62 63 64 75 76 96 97 104 116 161 162 173 178 189 214 237 245 248 260 264 265 273 280 294 0
196 287 22 30 42 54 56 62 66 93 98 118 119 126 131 135 150 152 166 192 197 198 201 203 225 229 246 284 289 293 0
197 134 39 11 38 56 59 69 77 86 90 93 97 100 103 104 112 126 138 162 179 190 196 208 221 228 250 251 257 268 272 276 277 0
198 288 13 15 50 74 76 77 86 87 92 101 119 127 128 144 166 183 196 208 216 221 226 243 244 252 258 269 279 282 287 0
199 288 205 100 4 10 23 27 36 39 53 59 68 83 106 110 118 134 148 170 179 185 191 202 219 230 252 276 283 285 289 299 0
200 298 25 26 46 60 61 80 85 97 100 101 106 120 122 123 134 137 156 162 182 192 229 250 259 265 275 284 290 0
201 69 9 16 35 39 49 56 83 86 88 89 97 127 133 147 184 186 193 196 206 207 216 221 228 232 233 244 247 263 280 0
202 25 208 1 21 30 33 45 49 52 59 64 66 70 71 79 80 91 96 101 105 120 148 151 169 172 190 199 204 222 226 231 240 287 292 0
203 109 10 15 25 29 33 51 67 75 94 107 120 127 130 134 154 155 156 177 185 196 214 219 220 228 244 257 262 267 273 0
204 72 14 18 53 54 87 88 91 103 116 121 122 123 132 140 148 154 170 175 202 211 232 245 246 249 251 270 292 297 300 0
205 199 4 8 31 32 51 66 70 73 77 80 81 89 94 96 98 106 109 113 119 135 139 142 143 150 151 162 174 216 220 238 250 251 281 289 292 293 299 0
206 238 133 87 13 23 37 50 57 71 73 97 104 129 141 142 145 151 153 157 168 179 201 210 219 229 230 231 233 235 254 267 289 298 0
207 158 42 6 20 23 26 66 72 73 79 86 97 101 102 109 112 128 131 141 151 152 160 165 170 188 201 227 228 241 242 255 261 265 268 0
208 202 1 3 6 7 20 28 41 47 69 70 84 93 109 127 141 150 152 156 158 161 168 171 197 198 211 220 222 235 247 259 263 264 277 279 280 284 0
209 134 228 296 268 17 1 13 24 32 33 45 46 68 70 71 76 77 82 88 118 127 135 145 169 214 218 231 238 247 256 264 285 0
210 59 26 1 5 24 31 41 47 48 61 66 68 73 81 83 84 89 98 103 114 119 120 125 130 137 146 150 166 167 191 206 211 218 220 236 243 269 276 277 286 0
211 290 271 8 13 16 17 20 25 35 42 47 55 56 77 78 87 89 97 112 116 134 149 151 164 169 172 173 186 187 190 192 204 208 210 216 234 243 267 270 276 279 280 0
212 51 2 224 46 47 49 55 72 74 84 86 89 90 105 106 113 120 124 128 138 140 141 151 156 158 164 165 167 173 190 194 218 220 228 231 253 260 262 279 284 289 290 293 299 0
213 185 23 30 38 44 65 82 97 106 142 143 147 148 161 164 166 167 169 175 219 236 240 244 249 251 271 275 278 280 288 0
214 186 1 7 8 18 20 33 53 57 67 92 95 103 113 119 127 134 136 163 170 173 183 188 192 193 195 203 209 220 267 293 296 300 0
215 85 13 37 50 56 60 82 86 87 88 94 99 105 111 113 115 122 155 159 176 179 184 190 192 193 226 260 291 300 0
216 167 106 150 4 8 15 20 29 49 50 113 121 154 159 165 172 173 198 201 205 211 230 237 243 250 255 257 260 266 269 271 272 275 280 0
217 122 2 29 37 42 48 75 77 102 113 125 133 139 149 173 193 218 220 221 227 243 252 255 260 265 268 289 300 0
218 25 136 258 124 161 251 26 29 45 54 58 66 69 71 73 74 75 78 86 91 101 104 146 162 209 210 212 217 234 235 241 250 252 253 277 298 0
219 259 33 64 71 85 98 113 115 116 127 155 159 170 173 183 184 190 199 203 206 213 232 233 240 263 267 281 282 293 0
220 146 3 18 28 44 46 50 51 54 75 78 101 102 113 155 162 173 179 203 205 208 210 212 214 217 229 234 244 266 280 281 284 288 290 0
221 85 191 15 17 57 95 103 123 129 140 144 152 165 174 180 187 197 198 201 217 223 234 263 270 279 299 0
222 223 7 12 29 30 36 42 55 64 66 94 122 125 138 158 182 202 208 232 257 267 275 289 293 0
223 136 222 42 47 48 60 62 65 78 107 115 131 137 152 157 164 174 189 193 221 227 233 242 246 274 275 293 0
224 212 31 34 52 55 72 75 85 86 89 90 94 117 123 133 143 145 152 157 239 259 272 293 299 0
225 21 233 15 24 27 29 40 42 51 56 59 76 83 84 92 119 131 133 150 151 153 159 172 174 177 179 196 235 269 0
226 25 146 152 231 189 101 192 30 37 76 87 140 144 154 157 185 187 198 202 215 239 260 271 275 279 281 288 296 0
227 291 15 22 46 50 53 61 70 78 95 151 186 187 207 217 223 232 245 252 262 266 285 0
228 209 99 102 1 14 22 23 30 43 45 77 90 105 124 129 140 149 150 165 168 170 176 197 201 203 207 212 231 232 233 241 271 274 280 285 0
229 44 2 8 12 27 32 33 39 52 108 111 120 125 133 135 136 151 157 169 179 196 200 206 220 238 246 250 259 260 261 271 280 0
230 281 28 29 32 34 35 39 57 72 87 91 98 105 116 117 124 129 135 153 177 180 187 199 206 216 241 246 254 256 261 263 272 0
231 226 250 5 11 12 20 72 91 104 107 119 130 135 138 165 172 176 185 187 202 206 209 212 228 240 266 274 277 282 288 292 300 0
232 127 60 17 26 69 76 84 92 93 94 107 115 116 150 153 163 164 166 167 170 171 178 183 189 201 204 219 222 227 228 233 234 237 247 252 254 264 266 268 288 0
233 225 3 9 27 32 48 49 60 70 77 86 87 98 100 101 102 114 126 131 146 155 164 165 167 171 201 206 219 223 228 232 236 242 259 263 265 283 289 290 294 0
234 30 6 7 14 21 41 42 46 60 69 89 119 120 122 127 133 167 177 184 190 211 218 220 221 232 236 241 247 251 254 285 0
235 37 1 23 29 31 38 46 50 52 58 59 80 93 100 101 102 108 128 136 157 158 162 164 206 208 218 225 237 249 269 288 289 296 298 0
236 53 4 5 16 18 29 35 51 61 76 90 91 96 101 105 107 110 113 117 141 143 148 149 155 177 184 187 210 213 233 234 240 244 245 261 266 294 295 298 0
237 152 12 21 22 28 29 32 40 45 61 83 108 113 118 121 125 126 145 160 195 216 232 235 242 293 300 0
238 147 6 206 1 10 33 53 83 96 97 107 109 129 157 177 205 209 229 249 252 256 271 298 300 0
239 30 177 19 24 27 28 35 52 69 92 94 110 127 139 151 153 158 163 165 168 172 194 224 226 241 247 251 256 283 288 290 0
240 57 172 176 157 2 21 48 61 68 74 82 91 103 107 108 136 140 141 178 194 202 213 219 231 236 249 250 253 279 298 0
241 286 1 11 12 47 52 55 63 66 76 80 86 106 115 126 127 135 138 150 158 186 189 191 207 218 228 230 234 239 242 264 270 274 0
242 86 5 74 11 15 24 32 34 59 97 99 101 111 131 146 149 167 192 207 223 233 237 241 256 260 300 0
243 110 3 261 4 6 7 10 15 16 43 54 56 72 73 77 82 89 106 107 133 148 184 185 191 198 210 211 216 217 249 252 254 270 280 294 0
244 141 34 43 44 55 61 63 69 87 93 111 118 148 180 183 185 188 198 201 203 213 220 236 252 261 272 281 289 294 0
245 100 11 15 24 27 59 69 70 77 80 94 98 110 117 125 131 160 164 174 178 195 204 227 236 260 261 264 271 276 294 0
246 45 6 35 50 53 70 74 78 91 97 111 117 118 120 123 129 142 143 148 191 196 204 223 229 230 249 267 272 273 279 281 0
247 160 1 2 11 15 26 46 60 70 88 99 115 116 124 125 134 141 147 157 164 167 189 201 208 209 232 234 239 248 255 261 272 283 299 0
248 151 6 12 20 34 68 71 80 93 96 114 118 120 131 140 155 159 166 167 181 193 195 247 263 264 265 270 271 287 0
249 166 3 4 24 45 46 49 54 59 62 64 69 72 86 87 95 108 112 119 125 142 155 165 167 181 190 204 213 235 238 240 243 246 262 284 291 296 0
250 231 21 61 62 67 75 77 81 87 99 122 137 149 151 182 197 200 205 216 218 229 240 261 265 283 290 0
251 218 10 20 24 30 35 37 57 63 78 99 113 127 135 151 160 190 193 197 204 205 213 234 239 252 256 272 278 282 283 288 0
252 99 3 17 26 42 47 56 78 90 117 139 151 160 164 177 182 183 185 186 198 199 217 218 227 232 238 243 244 251 260 262 269 274 281 287 289 290 295 0
253 281 147 21 85 164 141 95 116 182 4 13 22 28 31 36 48 66 70 75 80 94 106 110 120 134 146 180 212 218 240 287 0
254 44 1 2 4 14 19 24 36 37 47 49 73 109 133 135 153 163 167 169 171 174 181 186 206 230 232 234 243 256 261 267 285 294 0
255 168 8 14 21 29 50 78 91 100 102 120 125 133 135 150 176 181 185 189 207 216 217 247 279 282 0
256 173 13 19 40 42 46 73 88 104 108 113 116 130 137 139 141 142 144 166 177 186 193 209 230 238 239 242 251 254 271 280 297 0
257 64 9 19 23 33 36 50 60 70 73 77 83 90 94 101 110 114 123 166 180 186 189 197 203 216 222 275 298 0
258 218 7 13 58 62 72 88 108 112 117 137 138 144 154 161 169 188 198 264 278 279 291 297 0
259 151 13 41 80 219 4 19 21 36 55 70 78 84 86 102 103 113 114 126 132 179 187 191 200 208 224 229 233 260 261 262 286 288 289 0
260 116 5 9 69 71 76 77 110 114 124 146 175 178 195 212 215 216 217 226 229 242 245 252 259 262 263 276 290 291 0
261 243 9 18 22 28 52 55 60 73 83 99 105 127 128 161 179 181 185 194 207 229 230 236 244 245 247 250 254 259 265 266 269 278 285 289 294 297 0
262 195 14 48 66 67 72 95 103 110 112 114 120 121 122 135 141 143 159 163 180 184 185 203 212 227 249 252 259 260 272 282 296 0
263 146 294 282 283 9 10 20 36 37 41 52 58 59 60 66 91 95 100 113 122 132 139 142 148 158 170 181 201 208 219 221 230 233 248 260 0
264 30 1 11 28 32 36 72 85 90 97 98 120 131 135 139 153 176 179 185 195 208 209 232 241 245 248 258 284 0
265 118 279 2 4 13 14 22 27 29 46 53 61 66 70 100 107 122 124 127 129 135 147 153 158 161 171 180 187 195 200 207 217 233 248 250 261 293 298 0
266 150 13 14 16 28 29 33 36 42 52 57 61 98 122 133 143 159 186 216 220 227 231 232 236 261 268 275 285 0
267 119 51 273 2 33 39 46 65 70 98 100 116 123 134 138 164 173 190 193 203 206 211 214 219 222 246 254 274 280 300 0
268 209 3 6 7 9 15 21 47 51 66 79 89 104 107 108 118 122 142 151 160 167 173 178 197 207 217 232 266 291 298 0
269 93 2 8 12 28 35 79 83 88 103 108 112 123 125 128 141 150 152 154 156 164 168 172 174 178 198 210 216 225 235 252 261 296 0
270 106 35 113 15 16 37 45 46 60 62 67 72 73 85 94 99 110 119 123 125 129 139 148 149 151 159 160 163 204 211 221 241 243 248 272 282 299 0
271 211 17 30 44 46 57 64 67 71 87 100 101 102 127 151 181 182 183 188 213 216 226 228 229 238 245 248 256 272 274 283 0
272 55 5 41 58 59 77 79 106 107 116 128 142 149 166 169 179 192 193 197 216 224 230 244 246 247 251 262 270 271 288 294 298 0
273 267 104 300 5 8 40 45 50 52 72 76 92 105 114 133 139 140 146 149 173 181 186 195 203 246 292 0
274 147 7 35 40 69 79 83 86 89 95 118 125 144 166 171 188 223 228 231 241 252 267 271 279 286 0
275 46 3 14 15 25 37 41 84 90 91 114 121 122 132 139 146 156 162 174 190 200 213 216 222 223 226 257 266 287 300 0
276 39 6 8 15 27 38 40 41 51 60 107 125 127 131 140 145 162 172 179 181 197 199 210 211 245 260 281 292 0
277 141 180 289 18 21 42 43 63 64 65 76 92 101 116 166 181 197 208 210 218 231 283 285 288 0
278 118 7 11 14 16 37 38 39 41 45 47 53 57 70 80 83 84 94 96 98 128 130 143 147 151 154 159 175 182 183 190 193 213 251 258 261 283 287 293 300 0
279 265 19 31 38 10 11 16 46 62 101 103 110 120 132 133 138 146 151 158 177 198 208 211 212 221 226 240 246 255 258 274 282 285 292 0
280 123 16 29 34 37 42 45 78 79 80 84 87 129 143 144 188 195 201 208 211 213 216 220 228 229 243 256 267 285 0
281 25 134 253 44 28 175 230 15 18 43 50 52 58 69 70 71 117 123 124 142 143 155 184 190 192 193 205 219 220 226 244 246 252 276 285 288 289 290 0
282 263 122 29 35 41 54 64 76 79 80 86 90 108 112 124 150 156 160 161 165 183 186 189 192 198 219 231 251 255 262 270 279 0
283 263 9 15 22 23 43 49 68 75 84 88 91 95 99 104 109 124 146 151 158 170 199 233 239 247 250 251 271 277 278 293 0
284 34 2 19 28 36 40 54 56 58 61 65 78 83 87 112 114 119 122 125 137 145 157 172 189 191 196 200 208 212 220 249 264 286 0
285 158 170 292 32 6 34 50 75 76 77 78 93 102 110 112 115 123 127 144 156 162 184 199 209 227 228 234 254 261 266 277 279 280 281 0
286 158 241 149 2 8 11 17 26 33 38 62 69 80 93 103 105 115 121 125 134 135 152 153 155 179 191 210 259 274 284 289 295 0
287 179 196 13 14 18 28 32 38 39 42 60 72 80 95 113 122 134 141 145 161 198 202 248 252 253 275 278 293 0
288 25 119 199 131 198 11 17 21 27 49 59 62 69 71 84 93 95 109 114 123 124 129 134 170 182 183 213 220 226 231 232 235 239 251 259 272 277 281 296 298 299 0
289 277 3 9 24 26 29 50 56 57 74 112 115 124 131 133 156 158 189 196 199 205 206 212 217 222 233 235 244 252 259 261 281 286 291 300 0
290 34 211 5 23 43 74 77 91 116 122 132 133 136 140 144 145 159 164 165 169 170 182 189 193 200 212 220 233 239 250 252 260 281 298 0
291 136 227 97 77 2 4 7 20 38 39 44 46 59 61 74 85 94 95 107 133 139 140 148 149 164 166 169 175 190 215 249 258 260 268 289 0
292 285 14 8 17 23 24 34 42 49 60 65 68 77 117 119 129 131 134 138 148 158 180 184 185 190 202 204 205 231 273 276 279 0
293 19 9 12 31 33 57 61 63 73 80 89 106 134 135 141 143 154 168 171 173 184 185 196 205 212 214 219 222 223 224 237 265 278 283 287 295 0
294 263 4 1 15 16 26 37 40 50 64 67 73 78 108 135 138 142 144 146 150 157 158 173 195 233 236 243 244 245 254 261 272 0
295 164 160 5 6 25 26 30 36 46 61 64 78 79 84 91 99 110 134 151 156 176 187 236 252 286 293 298 0
296 209 158 3 6 17 19 44 46 52 56 60 64 83 86 92 96 107 109 114 126 127 151 159 163 165 175 182 189 214 226 235 249 262 269 288 0
297 125 82 13 28 49 51 68 72 76 105 133 140 172 177 181 183 192 204 256 258 261 0
298 176 200 3 10 18 34 40 55 57 59 61 94 98 102 129 147 149 152 186 188 206 218 235 236 238 240 257 265 268 272 288 290 295 0
299 10 1 24 29 34 75 78 81 82 100 102 117 124 141 158 160 166 177 184 199 205 212 221 224 247 270 288 0
300 273 8 19 57 63 70 71 72 73 74 85 90 91 94 102 120 125 126 130 133 134 135 141 142 172 204 214 215 217 231 237 238 242 267 275 278 289 0

