300  740
1 245 39 18 23 40 155 281 0
2 205 50 67 0
3 46 108 56 203 32 52 53 97 144 0
4 82 112 58 28 79 0
5 134 73 91 96 112 208 0
6 140 242 0
7 118 261 276 0
8 80 50 65 141 150 262 0
9 262 88 0
10 19 40 78 114 115 120 215 286 0
11 34 58 62 125 240 288 0
12 238 255 0
13 14 15 181 180 201 235 262 265 287 0
14 227 13 16 64 291 0
15 13 247 101 129 299 0
16 141 14 44 111 0
17 57 98 132 0
18 1 0
19 187 300 10 246 275 0
20 105 176 0
21 296 181 0
22 84 71 32 230 257 264 0
23 241 1 43 0
24 221 29 169 223 0
25 210 272 252 70 153 192 0
26 79 241 80 29 205 38 75 152 248 0
27 262 53 152 284 287 0
28 213 67 73 4 0
29 26 49 196 188 155 24 72 216 0
30 203 269 35 42 139 173 0
31 182 218 38 57 268 0
32 3 120 22 104 181 0
33 68 145 75 157 285 291 0
34 135 97 133 11 269 0
35 114 30 48 72 88 142 256 0
36 140 221 47 95 186 210 251 0
37 296 89 105 111 189 254 281 0
38 26 248 239 31 159 247 0
39 1 57 76 0
40 46 66 159 42 1 10 102 138 149 229 252 283 294 0
41 175 220 170 203 0
42 40 43 82 30 44 69 283 0
43 42 23 200 223 0
44 98 16 42 92 100 106 198 0
45 108 273 279 294 183 255 0
46 226 3 69 40 116 281 204 48 88 191 0
47 108 36 184 0
48 46 35 49 166 269 0
49 29 68 48 190 232 247 0
50 80 2 8 177 0
51 79 96 64 116 186 0
52 88 3 54 63 113 181 236 0
53 115 3 27 96 0
54 228 52 118 194 214 232 300 0
55 267 112 193 0
56 3 174 112 220 237 247 0
57 127 17 266 31 39 251 0
58 4 11 297 0
59 203 213 77 194 242 0
60 183 0
61 127 259 0
62 260 11 228 0
63 80 52 0
64 173 14 51 114 222 223 0
65 183 219 164 8 72 84 91 108 215 0
66 40 114 148 0
67 28 129 132 2 104 0
68 49 257 33 0
69 46 176 42 92 154 0
70 144 161 25 0
71 22 189 203 218 232 234 0
72 176 29 35 65 73 118 162 221 266 0
73 28 125 5 72 286 296 0
74 215 151 160 172 185 279 0
75 241 190 175 186 251 26 33 229 248 0
76 231 39 135 236 0
77 59 88 170 215 222 0
78 228 10 133 172 242 284 0
79 26 228 231 299 94 51 4 221 0
80 26 115 256 63 8 268 50 86 101 255 0
81 186 230 114 129 141 233 298 0
82 42 4 151 290 0
83 180 164 226 285 0
84 298 22 65 232 0
85 105 275 0
86 133 80 131 0
87 147 229 0
88 77 52 178 9 35 46 231 0
89 249 198 37 209 267 0
90 166 120 145 154 161 255 0
91 159 5 65 167 179 261 0
92 285 44 69 130 234 236 0
93 167 105 0
94 79 130 189 234 0
95 233 260 36 0
96 51 5 53 245 269 284 0
97 34 180 104 3 150 0
98 121 44 17 160 164 179 198 0
99 100 119 161 0
100 122 99 44 260 295 0
101 15 80 122 141 200 202 241 272 0
102 192 187 261 40 182 183 0
103 195 200 127 216 258 0
104 97 32 67 188 251 257 0
105 93 20 85 37 0
106 159 223 44 176 215 254 0
107 161 254 0
108 3 47 45 166 249 65 215 229 256 0
109 300 130 176 0
110 256 0
111 215 284 274 16 37 166 171 0
112 4 5 55 56 127 0
113 225 52 151 195 196 210 0
114 66 35 10 64 81 168 0
115 80 215 212 53 291 10 227 0
116 46 288 51 159 192 284 0
117 167 152 252 0
118 183 7 244 54 72 127 165 180 254 0
119 182 99 138 162 294 0
120 32 10 90 180 0
121 290 98 0
122 147 100 224 101 165 187 225 276 279 291 0
123 198 0
124 295 0
125 73 11 207 222 0
126 281 232 148 151 0
127 210 57 270 277 61 250 103 112 118 175 0
128 299 182 163 219 263 0
129 67 15 81 172 204 213 254 0
130 94 179 92 109 280 0
131 192 86 137 0
132 67 17 217 253 0
133 34 86 78 0
134 167 5 235 0
135 228 254 157 34 214 76 280 0
136 254 0
137 238 131 185 242 0
138 148 40 119 0
139 293 30 224 231 0
140 205 36 6 237 159 184 286 0
141 174 16 8 81 101 0
142 179 35 158 295 0
143 281 0
144 208 70 3 288 0
145 33 287 90 171 252 0
146 154 242 0
147 226 208 122 87 216 190 255 0
148 66 162 138 126 0
149 177 40 166 259 0
150 172 8 97 0
151 74 82 113 126 174 0
152 175 26 27 117 174 206 228 0
153 167 25 259 277 0
154 298 146 69 90 0
155 29 1 0
156 174 0
157 135 206 292 33 0
158 165 142 171 226 0
159 40 106 91 259 38 116 140 179 0
160 272 74 98 202 0
161 70 107 90 99 0
162 148 72 119 0
163 191 128 172 196 227 250 0
164 65 83 98 204 237 275 289 0
165 275 158 118 122 170 0
166 108 90 48 111 149 0
167 231 93 153 134 117 91 0
168 295 114 169 0
169 241 24 168 204 239 0
170 77 41 165 174 180 231 244 0
171 244 111 145 158 240 0
172 173 225 265 150 74 78 129 163 239 289 0
173 228 172 64 30 0
174 56 141 156 151 152 170 178 255 0
175 75 152 41 127 0
176 69 72 20 106 109 0
177 241 149 50 0
178 88 174 0
179 130 142 91 98 159 180 276 0
180 97 83 13 118 120 170 179 201 283 284 0
181 13 21 32 52 209 268 286 0
182 128 119 31 102 199 267 288 0
183 184 118 65 60 45 102 296 0
184 231 183 47 140 0
185 249 246 201 74 137 204 0
186 75 81 36 51 252 0
187 102 19 122 249 0
188 29 289 104 297 0
189 94 37 71 275 0
190 75 264 49 147 210 0
191 282 163 46 224 0
192 241 226 102 131 197 25 116 195 238 251 0
193 268 55 234 0
194 59 54 0
195 203 103 113 192 229 278 0
196 29 113 163 0
197 192 0
198 89 123 44 98 295 0
199 206 182 221 223 264 0
200 103 43 101 203 0
201 185 13 180 227 257 0
202 216 101 160 215 0
203 3 30 59 195 41 71 200 0
204 46 243 129 164 169 185 292 0
205 26 140 207 240 2 206 247 271 284 0
206 157 293 199 152 205 234 0
207 205 125 0
208 147 144 5 234 0
209 258 89 181 259 0
210 226 127 25 36 113 190 255 281 0
211 231 0
212 115 252 253 0
213 59 28 129 229 265 274 0
214 135 54 0
215 115 74 111 10 65 77 106 108 202 223 0
216 147 202 29 103 0
217 245 132 238 289 0
218 31 71 0
219 65 222 128 0
220 41 56 0
221 36 24 72 79 199 0
222 219 64 77 125 0
223 106 24 43 64 199 215 0
224 122 139 191 243 299 0
225 172 113 122 0
226 192 282 46 233 210 147 83 158 280 0
227 241 14 115 163 201 0
228 79 135 173 275 54 78 62 152 0
229 87 285 40 75 108 195 213 251 284 0
230 81 22 0
231 79 184 167 253 211 295 271 76 88 139 170 0
232 126 49 54 71 84 0
233 226 290 298 95 81 0
234 94 71 92 193 206 208 0
235 134 13 266 0
236 299 278 245 52 76 92 247 0
237 140 56 164 242 255 0
238 258 137 12 192 217 0
239 38 169 172 269 0
240 205 11 171 0
241 26 75 192 169 227 296 177 283 23 101 292 0
242 59 6 78 137 146 237 275 0
243 204 224 0
244 118 171 170 260 298 0
245 236 1 217 96 252 0
246 185 19 0
247 15 38 49 56 205 236 288 0
248 38 26 75 258 296 0
249 108 185 89 187 0
250 127 163 0
251 75 263 36 57 104 192 229 300 0
252 25 40 117 145 186 212 245 280 0
253 231 132 212 0
254 135 136 37 106 107 118 129 0
255 290 258 12 45 80 90 147 174 210 237 0
256 80 110 35 108 0
257 68 22 104 201 292 0
258 255 238 209 267 103 248 0
259 159 61 149 153 209 288 0
260 95 62 100 244 0
261 102 7 91 281 0
262 290 27 9 8 13 0
263 251 128 0
264 190 22 199 0
265 172 13 213 0
266 57 72 235 0
267 258 55 89 182 0
268 80 193 297 31 181 0
269 30 34 48 96 239 0
270 127 0
271 231 205 281 297 0
272 25 160 101 288 0
273 45 276 0
274 111 213 0
275 228 165 19 85 164 189 242 0
276 273 7 122 179 0
277 127 153 0
278 236 195 0
279 45 280 74 122 0
280 279 130 135 226 252 0
281 46 143 126 1 37 210 261 271 299 0
282 226 191 0
283 241 40 42 180 0
284 111 27 78 96 116 180 205 229 0
285 229 92 33 83 0
286 293 10 73 140 181 0
287 145 13 27 298 0
288 116 11 144 182 247 259 272 0
289 188 164 172 217 0
290 233 255 262 121 82 0
291 115 14 33 122 0
292 157 204 241 257 0
293 206 286 139 0
294 45 40 119 0
295 231 124 168 100 142 198 0
296 241 21 37 73 183 248 0
297 268 58 188 271 0
298 233 84 154 81 244 287 0
299 79 128 236 15 224 281 0
300 19 109 54 251 0

