300  541
1 86 135 231 104 133 0
2 78 10 82 21 108 0
3 272 154 259 0
4 172 127 90 173 0
5 247 75 231 0
6 69 249 0
7 104 132 61 129 131 218 0
8 154 49 290 0
9 48 297 0
10 2 215 225 239 252 0
11 276 0
12 25 22 86 0
13 148 58 0
14 168 25 91 0
15 204 247 0
16 271 173 284 0
17 297 236 103 202 0
18 69 62 252 0
19 154 131 0
20 297 24 128 188 0
21 167 80 2 57 110 195 221 0
22 56 269 12 32 0
23 33 208 230 251 291 0
24 20 79 133 0
25 297 252 12 14 140 0
26 230 166 0
27 94 119 51 161 199 244 0
28 154 137 0
29 87 102 223 0
30 261 234 105 219 0
31 245 218 237 292 0
32 210 22 247 0
33 56 163 23 212 100 0
34 130 41 69 300 0
35 272 299 281 220 66 36 107 126 239 255 0
36 272 88 35 108 0
37 126 0
38 195 249 209 110 128 161 164 238 0
39 129 108 280 284 0
40 280 287 0
41 108 275 34 93 250 0
42 205 178 98 81 185 0
43 279 203 0
44 241 179 75 0
45 278 166 195 0
46 69 64 0
47 136 167 0
48 222 9 66 0
49 8 170 0
50 265 209 0
51 27 76 81 114 225 0
52 225 287 266 0
53 131 55 146 0
54 65 122 177 250 0
55 280 186 251 53 127 229 0
56 158 33 22 246 292 0
57 299 263 21 162 0
58 279 13 287 0
59 85 0
60 276 172 0
61 281 151 7 105 113 0
62 18 161 0
63 272 153 96 197 0
64 153 91 173 46 0
65 294 109 54 206 279 136 0
66 35 296 48 175 299 0
67 194 277 150 0
68 116 292 0
69 294 6 190 255 46 18 184 34 0
70 288 131 297 0
71 284 124 0
72 242 198 254 0
73 284 254 0
74 125 0
75 106 5 44 0
76 175 51 290 0
77 125 167 213 0
78 107 2 0
79 292 24 242 0
80 21 175 90 114 0
81 126 42 51 147 0
82 2 170 297 0
83 216 149 289 0
84 115 0
85 297 196 248 59 87 164 0
86 288 1 268 12 249 0
87 234 29 192 85 131 253 0
88 36 140 0
89 106 272 0
90 261 4 80 215 0
91 64 14 186 0
92 229 0
93 288 41 0
94 217 27 180 205 0
95 284 152 151 0
96 63 136 0
97 136 112 203 171 0
98 42 198 264 0
99 185 224 0
100 200 33 134 0
101 297 218 0
102 117 29 105 128 160 211 251 0
103 17 275 0
104 158 7 1 0
105 30 61 102 127 182 0
106 266 198 89 75 174 255 0
107 191 78 35 108 137 196 292 0
108 130 41 2 36 39 107 189 202 295 0
109 65 287 0
110 152 238 21 38 218 0
111 233 0
112 97 126 281 0
113 258 61 201 0
114 196 256 51 80 0
115 195 84 223 0
116 185 68 0
117 278 102 0
118 170 134 230 0
119 27 201 0
120 250 186 0
121 144 293 208 229 0
122 54 160 0
123 223 0
124 292 71 236 0
125 182 280 230 77 74 0
126 264 191 81 37 35 112 0
127 4 55 105 269 0
128 216 20 38 102 228 277 0
129 160 146 39 187 7 0
130 247 108 34 289 250 270 159 0
131 134 53 7 19 70 87 244 0
132 7 0
133 193 1 24 0
134 118 131 100 0
135 1 216 0
136 174 158 266 47 97 223 65 96 0
137 275 28 107 0
138 229 298 139 283 0
139 198 160 219 239 138 0
140 252 25 88 0
141 221 283 147 0
142 265 240 161 156 246 0
143 191 150 289 0
144 195 199 121 165 0
145 232 190 284 295 0
146 129 53 173 0
147 220 81 141 0
148 246 276 13 0
149 83 0
150 143 67 0
151 61 95 0
152 95 110 164 263 0
153 63 181 258 64 174 0
154 288 8 28 19 3 0
155 196 185 211 0
156 142 0
157 215 0
158 136 56 104 165 188 0
159 272 130 0
160 139 129 102 122 184 0
161 142 27 38 62 298 0
162 209 57 0
163 33 271 0
164 232 38 85 152 180 0
165 158 169 144 0
166 196 26 45 235 0
167 230 21 242 47 77 214 0
168 198 14 212 0
169 165 0
170 217 118 49 82 0
171 181 97 0
172 272 233 4 60 0
173 64 4 16 146 266 0
174 136 297 237 229 106 153 188 0
175 80 76 66 202 295 0
176 195 0
177 261 222 54 0
178 42 0
179 44 181 0
180 94 164 0
181 153 171 179 0
182 237 125 285 105 0
183 243 0
184 69 160 0
185 155 116 99 42 0
186 55 214 91 120 0
187 129 300 200 0
188 297 20 158 174 0
189 268 291 108 239 0
190 69 227 145 0
191 126 107 143 0
192 87 0
193 297 195 282 133 0
194 293 67 286 0
195 193 288 144 38 176 115 21 45 267 0
196 85 272 225 155 166 114 107 0
197 63 0
198 106 168 139 72 98 246 0
199 144 27 0
200 230 100 187 0
201 119 113 261 293 0
202 298 17 108 175 248 292 0
203 97 274 43 248 295 296 0
204 247 217 15 267 0
205 94 42 209 0
206 65 246 0
207 290 0
208 259 23 121 274 0
209 38 162 50 205 0
210 244 32 0
211 299 102 155 0
212 33 168 238 0
213 266 77 250 0
214 186 167 0
215 237 157 241 10 90 239 0
216 280 226 83 128 135 0
217 204 94 260 170 0
218 233 7 31 101 110 0
219 139 30 0
220 35 147 0
221 287 141 21 292 0
222 177 48 0
223 136 123 29 115 267 0
224 225 99 0
225 196 52 265 224 245 10 51 254 0
226 216 244 0
227 190 252 0
228 245 259 128 0
229 174 138 235 92 55 121 0
230 125 200 167 26 23 118 0
231 1 5 0
232 281 164 145 0
233 172 262 218 111 287 0
234 30 87 245 279 0
235 229 166 298 0
236 17 124 0
237 174 182 215 31 239 0
238 110 38 212 0
239 139 10 35 189 215 237 0
240 142 0
241 215 44 0
242 167 72 79 0
243 294 183 253 266 0
244 226 210 27 131 255 0
245 225 228 31 234 0
246 206 148 56 142 198 289 0
247 272 204 130 5 15 32 276 0
248 85 202 203 0
249 38 6 86 0
250 130 120 41 54 213 254 0
251 55 23 102 0
252 25 140 10 18 227 0
253 298 87 243 0
254 73 72 225 250 0
255 69 35 106 244 271 0
256 114 0
257 269 0
258 153 113 285 0
259 228 208 3 0
260 217 266 0
261 264 177 30 90 267 201 0
262 233 0
263 57 152 0
264 297 126 261 98 0
265 225 142 50 0
266 136 106 294 213 278 52 173 243 260 0
267 261 195 204 223 0
268 86 189 0
269 22 257 127 0
270 130 0
271 163 16 255 0
272 196 35 63 247 172 159 36 3 89 294 0
273 279 0
274 203 208 0
275 41 137 103 0
276 148 11 60 247 0
277 67 128 0
278 266 45 117 0
279 65 43 58 273 234 286 0
280 125 216 55 40 39 0
281 35 232 61 112 0
282 193 0
283 141 138 0
284 299 95 73 71 16 39 145 0
285 182 258 0
286 194 279 0
287 52 221 40 58 109 233 0
288 195 86 154 70 93 0
289 130 83 143 246 0
290 8 207 76 0
291 189 23 0
292 68 124 79 31 56 107 202 221 0
293 121 194 295 201 0
294 266 65 69 243 272 0
295 293 108 145 175 203 0
296 66 203 0
297 174 85 193 25 264 20 17 188 101 9 70 82 0
298 138 202 253 161 235 0
299 35 284 57 211 66 0
300 187 34 0

