300  2572
1 260 294 19 21 32 183 194 200 249 262 270 0
2 162 211 16 33 46 80 82 87 93 124 129 144 156 165 178 180 200 262 0
3 38 175 19 191 93 281 232 21 27 75 78 83 94 116 133 139 141 164 170 171 186 234 261 0
4 56 109 15 16 17 25 36 44 53 92 146 155 212 217 259 279 283 0
5 76 300 31 33 49 63 67 97 103 114 121 160 0
6 281 27 37 82 95 109 124 143 171 199 206 218 220 227 233 237 239 240 265 280 291 0
7 111 91 16 20 33 63 80 107 124 136 153 199 204 227 242 249 266 278 0
8 162 30 16 22 38 80 128 129 133 139 141 156 182 190 192 219 223 261 284 288 290 293 0
9 212 231 43 78 80 88 93 96 114 154 181 185 189 239 240 267 280 0
10 162 217 245 16 36 46 47 53 79 147 167 176 192 244 294 296 0
11 17 190 24 28 30 32 44 73 92 110 151 157 215 259 260 268 285 0
12 77 22 63 93 120 128 133 161 163 194 197 202 211 256 264 0
13 244 124 209 119 273 107 172 184 186 258 262 266 0
14 222 19 20 42 53 76 164 184 231 265 276 0
15 69 4 32 34 35 61 71 72 81 83 85 87 115 118 137 140 143 149 169 205 222 230 276 277 282 0
16 10 2 4 7 8 31 67 69 75 93 152 153 171 173 179 184 189 201 213 217 251 253 271 274 0
17 145 214 11 235 4 39 70 85 92 151 173 204 205 223 284 297 0
18 43 274 282 41 63 166 121 56 81 82 122 132 134 135 145 149 275 283 0
19 3 117 289 1 14 28 44 80 89 94 98 138 142 150 154 175 200 236 257 268 284 285 0
20 22 251 7 14 29 39 49 50 52 84 97 102 106 120 121 151 159 168 222 239 0
21 3 116 1 28 35 40 45 55 99 102 135 142 154 164 224 249 287 292 0
22 146 20 8 12 29 71 94 99 116 131 136 183 216 221 272 281 283 288 0
23 111 31 46 99 143 180 213 242 249 261 263 277 282 288 300 0
24 28 90 11 27 32 41 49 96 111 132 147 156 166 169 170 180 219 221 243 272 276 280 286 287 0
25 126 287 4 27 35 58 96 105 116 136 161 164 188 204 234 273 0
26 244 61 85 92 124 129 201 219 247 252 259 285 290 294 0
27 52 219 3 6 24 25 40 49 91 103 129 142 164 167 185 203 220 230 232 258 0
28 229 120 263 250 24 11 19 21 32 35 45 51 126 136 164 197 208 255 273 0
29 274 20 22 51 65 110 130 166 171 181 213 220 223 225 245 257 299 0
30 8 11 37 53 79 99 119 126 146 183 201 209 231 267 270 285 289 297 0
31 143 5 16 23 47 84 174 190 224 272 284 0
32 237 1 11 15 24 28 89 168 220 226 227 230 235 244 0
33 261 2 5 7 46 103 118 130 162 164 181 186 212 224 227 239 241 245 247 285 0
34 50 172 15 45 65 71 72 73 87 120 129 138 176 198 206 286 0
35 145 218 15 21 25 28 113 180 192 196 209 243 258 266 268 0
36 181 4 10 63 108 111 148 154 194 205 212 218 0
37 140 170 6 30 73 94 107 135 138 152 187 201 278 280 292 0
38 143 259 3 260 85 50 222 237 270 8 48 53 57 75 80 115 131 160 209 228 277 294 0
39 121 17 20 45 61 82 85 88 110 122 169 185 196 199 201 246 250 252 0
40 134 21 27 50 54 58 61 64 74 98 114 141 143 151 172 180 192 207 220 260 265 272 292 0
41 18 164 194 52 141 24 43 48 70 81 89 96 100 138 140 144 186 188 214 239 267 0
42 268 14 47 68 69 75 106 122 136 148 180 190 244 252 261 273 0
43 260 18 72 163 9 41 60 74 94 116 129 141 143 158 160 221 232 240 282 297 0
44 49 128 4 11 19 55 64 68 78 112 121 143 144 157 162 195 257 270 290 297 0
45 91 21 28 34 39 80 124 129 141 170 204 210 217 222 227 256 260 0
46 269 161 2 10 23 33 48 49 67 83 93 173 187 210 235 256 270 278 0
47 65 10 31 42 57 89 125 164 248 258 272 286 294 296 0
48 152 38 41 46 50 61 69 72 81 87 143 153 209 224 227 231 256 280 0
49 298 83 280 44 5 20 24 27 46 84 102 108 111 117 137 166 197 206 228 263 270 290 293 0
50 38 162 229 34 20 40 48 66 84 167 233 235 269 278 290 0
51 197 28 29 52 86 88 104 132 174 210 222 231 238 241 247 249 263 268 293 295 297 298 0
52 41 68 122 27 20 51 74 82 93 102 120 121 126 128 134 166 194 196 283 292 0
53 206 4 10 14 30 38 67 69 86 93 108 119 123 132 138 142 155 159 163 167 193 200 215 220 223 228 241 253 277 0
54 99 115 40 77 89 95 104 126 132 143 146 211 215 227 241 246 247 279 299 0
55 292 223 286 21 44 79 86 105 125 126 180 184 203 284 297 298 0
56 178 4 227 284 96 18 80 124 152 160 168 177 253 268 281 0
57 194 38 47 79 80 102 136 162 188 191 220 237 252 0
58 185 25 40 119 124 178 198 202 205 211 234 242 252 261 263 273 282 0
59 104 61 74 106 108 112 121 123 130 135 139 199 203 223 242 252 254 267 294 295 0
60 197 43 82 86 92 108 245 267 273 280 0
61 85 168 295 15 26 39 40 48 59 101 116 128 132 134 140 141 225 0
62 178 68 155 166 167 196 217 245 256 262 272 298 0
63 18 213 64 5 7 12 36 75 87 127 139 150 163 166 176 188 217 226 231 241 243 262 267 0
64 63 40 44 67 76 77 78 125 127 156 161 167 183 187 246 248 270 0
65 183 47 29 34 71 77 91 107 108 120 129 154 156 190 191 212 222 226 252 296 0
66 272 50 113 129 132 144 163 178 180 210 212 228 229 240 241 0
67 236 189 5 16 46 53 64 73 81 126 127 136 151 172 216 218 224 238 239 249 254 0
68 52 271 42 44 62 86 102 109 134 210 216 263 278 293 0
69 282 15 226 16 42 48 53 119 131 159 196 243 279 280 283 0
70 294 240 132 17 41 97 127 128 148 182 223 245 0
71 158 15 22 34 65 73 91 100 125 148 152 188 190 193 206 244 282 0
72 43 238 192 149 15 34 48 101 115 130 175 183 196 253 264 265 278 296 0
73 137 11 34 37 67 71 81 109 115 124 129 132 166 228 235 255 256 271 275 279 282 288 0
74 90 40 43 52 59 104 112 132 152 171 183 224 244 258 0
75 260 183 148 99 210 239 3 16 38 42 63 79 129 151 164 174 176 189 190 194 205 211 214 215 245 253 291 0
76 178 197 5 296 14 64 86 105 124 152 155 160 164 207 266 271 274 297 0
77 85 12 54 64 65 90 111 119 161 197 216 227 279 0
78 90 3 9 44 64 109 111 121 136 143 182 184 185 206 209 261 0
79 89 230 10 30 55 57 75 107 113 119 121 128 210 233 253 270 271 281 0
80 263 2 7 8 9 19 38 45 56 57 81 100 114 131 133 139 207 240 255 284 287 0
81 216 15 18 41 48 67 73 80 83 98 101 119 121 122 124 165 172 186 192 208 221 268 272 0
82 172 2 6 18 39 52 60 92 126 141 159 163 187 206 234 249 0
83 49 3 15 46 81 113 131 174 223 235 240 243 255 299 0
84 205 92 20 31 49 50 103 115 120 128 162 170 206 247 254 263 267 287 293 0
85 38 266 77 61 248 176 157 15 17 26 39 106 110 117 136 171 186 207 219 242 260 263 274 277 295 298 0
86 244 51 53 55 60 68 76 152 194 203 242 254 284 287 289 0
87 124 2 15 34 48 63 88 96 137 148 151 177 180 188 194 200 264 294 297 0
88 102 279 9 39 51 87 96 139 149 162 174 224 266 280 0
89 253 272 220 204 243 134 79 19 32 41 47 54 109 116 146 167 199 228 240 241 249 276 0
90 24 78 74 77 123 231 235 249 274 286 0
91 7 45 27 65 71 95 98 137 154 174 184 206 214 227 248 0
92 84 131 4 11 17 26 60 82 97 105 115 122 126 135 167 189 216 223 245 257 292 0
93 3 2 9 12 16 46 52 53 121 148 169 175 214 221 227 236 297 0
94 215 3 19 22 37 43 99 133 151 165 167 174 203 214 250 0
95 266 200 6 54 91 114 124 136 146 179 187 199 215 216 217 231 235 255 0
96 56 9 24 25 41 87 88 125 134 137 150 158 187 211 227 234 269 275 288 0
97 175 5 20 70 92 106 108 120 178 184 188 201 207 228 262 264 284 294 0
98 266 19 40 81 91 110 112 117 122 146 150 210 219 225 237 250 259 273 0
99 75 54 290 21 22 23 30 94 124 136 177 178 181 193 200 286 0
100 168 108 41 71 80 112 130 145 163 170 172 182 191 209 211 213 221 222 224 242 283 296 298 0
101 274 61 72 81 113 127 161 172 206 222 256 272 273 0
102 282 113 268 88 20 21 49 52 57 68 109 140 148 180 217 248 253 256 278 300 0
103 173 5 27 33 84 166 174 196 212 235 252 264 0
104 145 59 51 54 74 118 119 201 206 223 224 227 229 234 284 0
105 124 25 55 76 92 113 117 148 159 161 162 169 183 186 213 219 259 267 273 287 293 0
106 164 20 42 59 85 97 120 124 146 174 220 224 263 275 293 0
107 271 7 13 37 65 79 109 114 148 151 162 185 213 237 267 0
108 100 36 49 53 59 60 65 97 125 133 135 146 206 219 236 253 293 0
109 4 242 265 6 68 73 78 89 102 107 118 122 146 158 203 207 217 225 236 241 246 273 281 0
110 111 11 29 39 85 98 121 128 141 163 179 186 208 218 269 281 0
111 146 7 23 110 24 36 49 77 78 119 129 133 159 182 186 214 216 232 261 275 0
112 199 44 59 74 98 100 124 152 160 188 189 190 234 263 0
113 102 180 35 66 79 83 101 105 132 152 157 163 169 196 206 207 227 236 238 255 260 279 291 0
114 126 147 5 9 40 80 95 107 144 157 175 182 194 196 230 244 246 251 265 277 289 295 297 0
115 54 15 38 72 73 84 92 182 196 230 253 270 289 0
116 21 3 22 25 43 61 89 127 141 168 173 220 262 285 298 0
117 19 49 85 98 105 130 154 195 210 218 239 248 264 279 283 0
118 143 15 33 104 109 149 186 187 214 224 243 293 0
119 13 30 53 58 69 77 79 81 104 111 180 216 276 282 0
120 28 299 12 20 34 52 65 84 97 106 128 147 205 223 243 258 265 276 277 280 287 0
121 18 39 5 20 44 52 59 78 79 81 93 110 142 153 173 199 208 221 264 292 0
122 52 18 39 42 81 92 98 109 142 176 178 202 221 230 232 233 239 265 266 283 287 294 0
123 226 53 59 90 126 133 161 200 266 268 290 0
124 13 87 258 105 2 6 7 26 45 56 58 73 76 81 95 99 106 112 134 140 171 209 241 273 278 295 0
125 162 47 55 64 71 96 108 138 150 160 253 259 260 291 0
126 145 127 193 25 114 28 30 52 54 55 67 82 92 123 130 137 194 220 221 224 297 0
127 126 150 63 64 67 70 101 116 129 141 152 202 203 212 236 265 266 288 299 0
128 44 255 8 12 52 61 70 79 84 110 120 180 181 201 217 227 228 237 256 258 269 270 289 0
129 143 2 8 26 27 34 43 45 65 66 73 75 111 127 149 168 186 193 226 258 264 293 0
130 145 29 33 59 72 100 117 126 166 173 207 210 221 234 251 258 271 275 295 0
131 92 22 38 69 80 83 134 173 238 278 283 287 0
132 70 18 24 51 53 54 61 66 73 74 113 138 142 147 148 193 206 211 217 239 0
133 143 3 8 12 80 94 108 111 123 166 172 184 225 245 254 281 0
134 89 40 207 228 18 52 61 68 96 124 131 222 252 291 0
135 271 18 21 37 59 92 108 145 158 170 177 187 212 240 0
136 209 7 22 25 28 42 57 67 78 85 95 99 187 192 200 214 236 253 0
137 253 277 73 15 49 87 91 96 126 149 151 155 158 179 184 197 205 216 226 248 261 274 297 0
138 146 19 34 37 41 53 125 132 156 160 163 194 242 246 271 0
139 164 3 8 59 63 80 88 142 143 146 160 171 193 212 221 236 263 0
140 260 37 15 41 61 102 124 149 163 174 240 241 259 264 291 0
141 41 3 8 40 43 45 61 82 110 116 127 144 165 187 199 222 279 298 0
142 243 19 21 27 53 121 122 132 139 162 173 195 204 262 274 300 0
143 38 253 275 145 236 118 133 31 293 129 6 15 23 40 43 44 48 54 78 139 144 204 218 254 258 0
144 260 153 2 41 44 66 114 141 143 145 165 168 185 190 193 201 214 243 0
145 143 126 35 17 130 104 246 18 100 135 144 153 195 209 212 219 241 243 245 251 261 285 0
146 274 111 138 22 297 4 30 54 89 95 98 106 108 109 139 180 224 235 0
147 114 10 24 120 132 158 235 238 253 266 273 0
148 75 36 42 70 71 87 93 102 105 107 132 196 219 223 240 284 290 293 295 296 298 0
149 72 155 15 18 88 118 129 137 140 174 208 218 225 238 255 256 283 0
150 127 198 234 19 63 96 98 125 154 190 194 224 254 256 260 269 294 0
151 189 196 224 11 17 20 40 67 75 87 94 107 137 186 194 211 220 240 261 268 276 277 0
152 236 48 16 37 56 71 74 76 86 112 113 127 170 172 181 187 203 208 225 248 268 294 299 0
153 144 7 16 48 121 145 173 187 213 240 255 257 266 0
154 212 179 9 19 21 36 65 91 117 150 165 216 245 253 258 0
155 149 4 53 62 76 137 157 158 160 169 185 190 191 221 225 258 287 0
156 225 2 8 24 64 65 138 211 224 230 266 290 0
157 85 11 44 113 114 155 189 210 239 287 296 0
158 292 185 160 71 43 96 109 135 137 147 155 170 171 187 278 0
159 262 20 53 69 82 105 111 171 195 208 235 252 277 0
160 158 249 256 5 38 43 56 76 112 125 138 139 155 169 179 215 252 274 277 288 297 0
161 46 12 25 64 77 101 105 123 171 173 190 219 222 246 0
162 50 8 10 2 125 33 44 57 84 88 105 107 142 187 194 199 225 250 266 273 288 0
163 43 187 12 53 63 66 82 100 110 113 138 140 178 259 283 0
164 41 106 139 3 14 21 25 27 28 33 47 75 76 169 187 231 237 241 269 0
165 299 2 81 94 141 144 154 200 209 212 218 231 255 257 282 295 0
166 18 24 29 49 52 62 63 73 103 130 133 203 227 253 264 275 0
167 168 10 27 50 53 62 64 89 92 94 186 202 0
168 61 100 167 20 32 56 116 129 144 201 222 225 231 232 256 300 0
169 229 15 24 39 93 105 113 155 160 164 174 176 194 202 215 234 260 263 269 270 287 0
170 37 3 24 45 84 100 135 152 158 174 201 203 216 217 224 237 247 257 268 273 0
171 277 3 6 16 29 74 85 124 139 158 159 161 172 174 177 226 233 267 292 0
172 34 82 215 13 40 67 81 100 101 133 152 171 176 206 211 233 238 247 257 270 0
173 263 103 16 17 46 116 121 130 131 142 153 161 178 190 192 218 222 223 226 238 269 279 0
174 193 31 51 75 83 88 91 94 103 106 140 149 169 170 171 214 248 255 287 295 0
175 3 97 19 72 93 114 214 239 250 254 256 257 275 286 0
176 85 10 34 63 75 122 169 172 227 269 273 296 298 0
177 212 233 56 87 99 135 171 179 203 205 206 214 234 240 242 291 293 0
178 269 76 56 62 2 58 66 97 99 122 163 173 224 231 234 241 242 267 0
179 154 16 95 110 137 160 177 239 243 279 282 288 299 0
180 113 208 2 23 24 35 40 42 55 66 87 102 119 128 146 187 191 226 270 289 0
181 274 36 9 29 33 99 128 152 209 218 236 239 280 289 294 295 298 0
182 294 8 70 78 100 111 114 115 270 292 0
183 75 65 291 1 22 30 64 72 74 105 211 243 246 261 270 284 288 289 0
184 189 13 14 16 55 78 91 97 133 137 0
185 158 288 58 9 27 39 78 107 144 155 203 241 262 0
186 198 3 13 33 41 81 85 105 110 111 118 129 151 167 207 228 233 258 274 283 285 286 288 0
187 163 37 46 64 82 95 96 118 135 136 141 152 153 158 162 164 180 202 240 247 250 267 271 295 0
188 284 25 41 57 63 71 87 97 112 248 251 253 273 292 0
189 67 151 184 9 16 75 92 112 157 191 194 215 228 266 272 0
190 11 8 31 42 65 71 75 112 144 150 155 161 173 216 219 273 0
191 3 57 65 100 155 180 189 192 226 247 254 257 269 272 0
192 72 264 8 10 35 40 81 136 173 191 198 209 277 288 0
193 126 174 53 71 99 129 132 139 144 216 274 0
194 41 57 261 1 12 36 52 75 86 87 114 126 138 150 151 162 169 189 218 220 270 273 292 0
195 281 44 117 142 145 159 196 206 233 245 257 265 266 289 290 0
196 151 35 39 52 62 69 72 103 113 114 115 148 195 230 234 276 0
197 76 60 51 12 28 49 77 137 219 220 254 264 274 281 0
198 150 186 34 58 192 251 255 270 299 0
199 229 112 201 254 6 7 39 59 89 95 121 141 162 209 219 275 0
200 95 1 2 19 53 87 99 123 136 165 202 204 259 261 263 264 274 286 0
201 199 16 26 30 37 39 97 104 128 144 168 170 215 216 229 233 244 298 0
202 261 12 58 122 127 167 169 187 200 226 228 241 243 0
203 244 27 55 59 86 94 109 127 152 166 170 177 185 255 281 0
204 89 7 17 25 45 142 143 200 220 228 272 274 288 0
205 266 84 15 17 36 58 75 120 137 177 229 232 243 289 298 0
206 253 53 6 34 49 71 78 82 84 91 101 104 108 113 132 172 177 195 208 234 236 242 257 276 0
207 134 241 40 76 80 85 97 109 113 130 186 217 226 257 272 0
208 180 28 81 110 121 149 152 159 206 256 274 0
209 13 136 30 35 38 48 78 100 124 145 165 181 192 199 218 239 0
210 75 45 46 51 66 68 79 98 117 130 157 219 240 269 281 0
211 2 12 54 58 75 96 100 132 151 156 172 183 215 253 281 282 292 0
212 260 9 177 154 4 33 36 65 66 103 127 135 139 145 165 226 294 0
213 63 16 23 29 100 105 107 153 214 230 231 236 253 270 274 0
214 17 216 41 75 91 93 94 111 118 136 144 174 175 177 213 224 239 247 263 0
215 172 94 11 53 54 75 95 160 169 189 201 211 218 0
216 214 81 22 67 68 77 92 95 111 119 137 154 170 190 193 201 242 252 255 266 270 274 280 292 0
217 10 262 221 4 16 45 62 63 95 102 109 128 132 170 207 228 229 230 250 263 296 0
218 35 6 36 67 110 117 143 149 165 173 181 194 209 215 223 237 262 264 285 293 0
219 27 8 24 26 85 98 105 108 145 148 161 190 197 199 210 267 0
220 89 6 27 29 32 40 53 57 106 116 126 151 194 197 204 247 254 262 271 274 287 0
221 217 22 24 43 81 93 100 121 122 126 130 139 155 228 280 284 0
222 38 14 15 20 45 51 65 100 101 134 141 161 168 173 237 275 0
223 55 8 17 29 53 59 70 83 92 104 120 148 173 218 240 299 0
224 151 21 31 33 48 67 74 88 100 104 106 118 126 146 150 156 170 178 214 265 279 283 0
225 291 156 29 61 98 109 133 149 152 155 162 168 0
226 69 123 32 63 65 129 137 171 173 180 191 202 207 212 229 249 274 0
227 56 6 7 32 33 45 48 54 77 91 93 96 104 113 128 166 176 236 246 260 291 294 0
228 134 38 49 53 66 73 89 97 128 186 189 202 204 217 221 233 242 246 248 268 281 0
229 50 28 199 169 66 104 201 205 217 226 251 253 266 0
230 79 15 27 32 114 115 122 156 196 213 217 290 0
231 9 14 30 48 51 63 90 95 164 165 168 178 213 235 236 245 256 276 0
232 3 27 43 111 122 168 205 255 288 0
233 177 6 50 79 122 171 172 186 195 201 228 235 253 256 276 0
234 150 3 25 58 82 96 104 112 130 169 177 178 196 206 241 247 260 284 0
235 17 32 46 50 73 83 90 95 103 146 147 159 231 233 0
236 143 67 152 19 93 108 109 113 127 136 139 181 206 213 227 231 240 0
237 38 32 6 57 98 107 128 164 170 218 222 257 274 287 300 0
238 72 51 67 113 131 147 149 172 173 252 265 282 295 0
239 75 267 6 9 20 33 41 67 117 122 132 157 175 179 181 209 214 273 277 0
240 70 6 9 43 66 80 83 89 135 140 148 151 153 177 187 210 223 236 249 262 271 290 0
241 207 33 51 53 54 63 66 89 109 124 140 145 164 178 185 202 234 257 264 273 276 283 0
242 109 278 7 23 58 59 85 86 100 138 177 178 206 216 228 250 259 261 285 288 289 291 295 0
243 89 142 276 252 24 35 63 69 83 118 120 144 145 179 183 202 205 269 280 0
244 282 13 203 86 26 10 32 42 71 74 114 201 264 0
245 10 29 33 60 62 70 75 92 133 145 154 195 231 250 277 0
246 145 39 54 64 109 114 138 161 183 227 228 0
247 249 285 26 33 51 54 84 170 172 187 191 214 220 234 254 259 261 272 273 276 0
248 85 47 64 91 102 117 137 152 174 188 228 295 0
249 160 247 1 7 21 23 51 67 82 89 90 226 240 251 285 295 298 0
250 28 39 94 98 162 175 187 217 242 245 263 278 0
251 20 16 114 130 145 188 198 229 249 252 257 0
252 243 26 39 42 57 58 59 65 103 134 159 160 216 238 251 279 281 0
253 143 89 137 206 16 53 56 72 75 79 102 108 115 125 136 147 154 166 188 211 213 229 233 255 273 285 0
254 199 59 67 84 86 133 143 150 175 191 197 220 247 278 283 287 0
255 128 28 73 80 83 95 113 149 153 165 174 198 203 216 232 253 0
256 160 12 45 46 48 62 73 101 102 128 149 150 168 175 208 231 233 293 297 0
257 296 19 29 44 92 153 165 170 172 175 191 195 206 207 237 241 251 289 291 0
258 124 13 27 35 47 74 120 128 129 130 143 154 155 186 0
259 38 4 11 26 98 105 125 140 163 200 242 247 288 0
260 38 43 292 140 75 144 1 212 11 40 45 85 113 125 150 169 227 234 0
261 194 33 202 3 8 23 42 58 78 111 137 145 151 183 200 242 247 268 270 293 0
262 217 283 159 1 2 13 62 63 97 116 142 185 218 220 240 264 267 279 285 0
263 28 173 80 23 49 51 58 68 84 85 106 112 139 169 200 214 217 250 300 0
264 192 12 72 87 97 103 117 121 129 140 166 197 200 218 241 244 262 289 0
265 109 6 14 40 72 114 120 122 127 195 224 238 267 272 288 294 0
266 85 205 95 98 7 13 35 76 88 122 123 127 147 153 156 162 189 195 216 229 300 0
267 239 9 30 41 59 60 63 84 105 107 171 178 187 219 262 265 0
268 102 42 11 19 35 51 56 81 123 151 152 170 228 261 0
269 282 178 46 50 96 110 128 150 164 169 173 176 191 210 243 279 0
270 38 1 30 44 46 49 64 79 115 128 169 172 180 182 183 194 198 213 216 261 282 283 297 300 0
271 68 135 107 16 73 76 79 130 138 187 220 240 287 300 0
272 89 66 22 24 31 40 47 62 81 101 189 191 204 207 247 265 277 278 282 284 0
273 13 25 28 42 58 60 98 101 105 109 124 147 162 170 176 188 190 194 239 241 247 253 289 299 0
274 18 298 146 101 181 29 16 76 85 90 137 142 160 186 193 197 200 204 208 213 216 220 226 237 296 0
275 143 18 73 96 106 111 130 166 175 199 222 296 0
276 243 14 15 24 89 119 120 151 196 206 231 233 241 247 279 281 284 0
277 137 171 15 23 38 53 85 114 120 151 159 160 192 239 245 272 0
278 242 7 37 46 50 68 72 102 124 131 158 250 254 272 300 0
279 88 4 54 69 73 77 113 117 141 173 179 224 252 262 269 276 280 294 0
280 49 6 9 24 37 48 60 69 88 120 181 216 221 243 279 298 0
281 3 6 195 22 56 79 109 110 133 197 203 210 211 228 252 276 300 0
282 18 269 102 69 244 15 23 43 58 71 73 119 165 179 211 238 270 272 0
283 262 4 18 22 52 69 100 117 122 131 149 163 186 224 241 254 270 295 0
284 56 188 8 17 19 31 55 80 86 97 104 148 183 221 234 272 276 290 291 0
285 247 11 19 26 30 33 116 145 186 218 242 249 253 262 287 296 0
286 55 24 34 47 90 99 175 186 200 0
287 25 21 24 80 84 86 105 120 122 131 155 157 169 174 220 237 254 271 285 0
288 185 8 22 23 73 96 127 160 162 179 183 186 192 204 232 242 259 265 299 0
289 19 30 86 114 115 128 180 181 183 195 205 242 257 264 273 0
290 99 8 26 44 49 50 123 148 156 195 230 240 284 0
291 183 225 6 75 113 125 134 140 177 227 242 257 284 0
292 260 158 55 21 37 40 52 92 121 171 182 188 194 211 216 295 0
293 143 8 49 51 68 84 105 106 108 118 129 148 177 218 256 261 0
294 1 70 182 10 26 38 47 59 87 97 122 150 152 181 212 227 265 279 0
295 61 51 59 85 114 124 130 148 165 174 181 187 238 242 248 249 283 292 0
296 76 257 10 47 65 72 100 148 157 176 217 274 275 285 0
297 146 17 30 43 44 51 55 76 87 93 114 126 137 160 256 270 300 0
298 274 49 51 55 62 85 100 116 141 148 176 181 201 205 249 280 0
299 120 165 29 54 83 127 152 179 198 223 273 288 0
300 5 23 102 142 168 237 263 266 270 271 278 281 297 0

