50  57
1 24 10 0
2 45 0
3 46 0
4 44 27 47 35 18 23 49 0
5 7 0
6 48 0
7 32 16 48 14 5 0
8 17 0
9 28 38 0
10 1 0
11 22 28 46 21 12 0
12 17 11 0
13 35 43 0
14 7 31 42 0
15 48 0
16 7 41 0
17 45 12 8 0
18 4 0
19 45 0
20 32 50 0
21 11 0
22 44 45 11 34 47 0
23 4 40 0
24 44 1 0
25 44 32 0
26 46 0
27 4 30 0
28 11 9 29 0
29 28 0
30 27 0
31 14 0
32 25 7 20 0
33 35 48 0
34 22 0
35 4 13 33 0
36 44 42 0
37 41 0
38 47 9 0
39 46 0
40 23 43 0
41 16 37 0
42 36 14 0
43 13 50 40 0
44 25 22 4 36 24 49 0
45 22 17 19 2 0
46 11 39 26 3 0
47 4 38 22 0
48 7 6 15 33 0
49 4 44 0
50 43 20 0

