50  172
1 21 13 23 15 33 0
2 41 39 31 45 0
3 21 47 45 9 10 20 24 25 31 34 37 38 0
4 47 26 8 10 19 41 43 44 0
5 32 13 22 0
6 18 20 21 30 36 39 43 45 0
7 26 13 29 33 36 0
8 19 4 12 18 24 28 39 44 48 0
9 32 24 3 12 20 31 0
10 46 3 4 23 31 0
11 32 13 16 25 36 37 40 41 0
12 14 27 8 9 13 23 26 40 0
13 1 35 5 7 11 12 17 22 24 29 41 0
14 33 12 18 29 47 0
15 40 1 0
16 30 11 20 27 29 49 0
17 30 13 19 20 47 48 0
18 36 50 6 8 14 28 31 32 47 0
19 36 8 4 17 40 47 0
20 24 3 6 9 16 17 25 0
21 36 3 38 1 6 33 42 0
22 32 31 28 5 13 35 36 0
23 1 10 12 44 0
24 9 20 29 3 8 13 48 0
25 48 3 11 20 27 32 33 34 39 42 49 50 0
26 4 7 12 42 45 49 50 0
27 12 16 25 40 45 0
28 22 8 18 0
29 24 7 13 14 16 31 36 42 46 0
30 50 16 43 17 6 31 32 0
31 22 33 2 3 9 10 18 29 30 36 38 46 48 0
32 36 22 44 9 5 11 18 25 30 0
33 31 14 1 7 21 25 36 38 0
34 49 3 25 42 46 0
35 13 22 46 0
36 32 19 21 18 48 40 6 7 11 22 29 31 33 44 46 0
37 46 3 11 40 49 0
38 21 42 3 31 33 41 50 0
39 2 6 8 25 0
40 36 15 11 12 19 27 37 0
41 48 2 4 11 13 38 47 0
42 38 21 25 26 29 34 0
43 30 4 6 49 0
44 32 4 8 23 36 0
45 3 2 6 26 27 0
46 48 10 37 29 31 34 35 36 49 0
47 3 4 14 17 18 19 41 0
48 36 41 46 25 8 17 24 31 49 0
49 50 34 16 25 26 37 43 46 48 0
50 18 49 30 25 26 38 0

