50  62
1 42 31 15 17 0
2 29 3 27 0
3 2 21 0
4 19 39 8 0
5 29 32 0
6 38 14 24 12 48 0
7 25 0
8 4 15 0
9 21 12 0
10 11 22 0
11 42 10 38 13 25 28 0
12 9 6 0
13 11 40 47 42 0
14 6 30 35 34 0
15 1 8 45 0
16 29 0
17 32 1 0
18 32 0
19 29 43 4 41 0
20 26 0
21 3 9 0
22 10 0
23 34 0
24 6 0
25 11 49 33 45 7 0
26 39 20 0
27 2 0
28 11 29 0
29 2 42 19 5 16 28 31 0
30 14 0
31 1 29 0
32 5 18 17 0
33 25 46 0
34 45 23 14 46 0
35 14 0
36 38 41 0
37 43 50 0
38 11 6 36 41 0
39 4 26 46 0
40 13 0
41 38 19 36 0
42 29 1 11 13 0
43 19 37 0
44 45 0
45 25 34 44 15 0
46 33 34 39 0
47 13 48 0
48 47 6 0
49 25 0
50 37 0

