50  110
1 38 4 20 34 0
2 42 11 13 44 0
3 40 7 16 0
4 1 44 5 33 41 42 0
5 48 4 12 46 0
6 27 17 26 46 0
7 3 16 24 26 32 0
8 9 50 35 21 28 38 0
9 12 8 25 22 39 47 48 0
10 48 14 32 26 36 37 43 0
11 41 23 36 31 24 30 2 25 27 0
12 16 9 40 47 5 17 42 46 0
13 22 2 35 38 0
14 10 42 45 18 19 23 0
15 48 39 0
16 18 48 12 3 7 25 40 50 0
17 46 6 12 24 25 0
18 46 29 22 16 26 14 38 0
19 46 49 14 0
20 1 0
21 38 41 27 8 0
22 18 13 9 28 0
23 11 14 28 0
24 11 7 17 0
25 9 37 11 16 17 42 0
26 18 34 6 7 10 0
27 21 6 11 0
28 49 8 22 23 40 0
29 18 38 43 33 39 40 0
30 11 50 0
31 11 0
32 10 7 0
33 29 4 36 38 42 49 0
34 26 1 43 0
35 8 13 0
36 11 10 33 0
37 25 10 40 0
38 29 21 1 8 13 18 33 0
39 29 9 15 0
40 12 3 16 28 29 37 0
41 21 11 4 0
42 14 2 4 12 25 33 0
43 29 10 34 47 0
44 4 2 0
45 14 46 47 0
46 18 19 17 5 6 12 45 0
47 12 9 43 45 0
48 16 10 15 5 9 0
49 19 28 33 0
50 8 16 30 0

