600  1478
1 451 403 62 78 0
2 422 18 352 67 105 343 0
3 296 212 238 461 528 0
4 353 143 504 591 0
5 480 502 0
6 312 57 101 190 0
7 441 547 0
8 79 199 0
9 378 383 206 430 0
10 545 64 0
11 350 168 245 115 200 329 361 0
12 326 50 27 445 181 462 0
13 458 50 83 452 494 543 0
14 30 397 202 486 542 0
15 583 159 318 319 355 0
16 268 436 0
17 200 363 434 170 488 152 154 350 0
18 2 388 86 322 451 0
19 434 66 565 466 186 298 543 0
20 52 360 370 297 344 525 0
21 281 0
22 521 234 35 190 200 259 363 0
23 184 102 175 274 457 484 0
24 510 97 186 317 0
25 303 96 439 523 578 0
26 234 374 50 184 285 429 562 0
27 12 171 84 425 0
28 421 71 38 275 0
29 421 269 375 583 0
30 547 14 430 580 38 332 0
31 368 465 0
32 64 189 192 277 286 0
33 192 233 49 374 397 522 0
34 38 149 61 204 266 305 313 421 496 519 522 0
35 579 549 22 60 263 516 0
36 51 59 99 176 241 352 420 0
37 350 427 548 295 538 377 436 542 0
38 295 34 28 30 313 347 533 0
39 85 153 315 324 0
40 66 514 0
41 481 186 373 584 0
42 547 335 494 0
43 558 183 336 569 0
44 449 0
45 548 364 350 533 581 0
46 350 242 300 0
47 363 272 190 297 302 411 551 585 0
48 326 56 175 0
49 33 105 235 337 0
50 12 293 371 13 26 83 284 288 328 496 572 0
51 81 36 447 0
52 235 20 134 593 430 0
53 369 240 105 436 556 0
54 452 587 316 206 446 0
55 154 281 569 0
56 48 592 490 267 373 426 598 0
57 424 6 96 142 365 537 0
58 144 277 293 0
59 207 270 36 472 504 512 554 589 0
60 110 92 35 264 0
61 78 34 209 416 0
62 523 1 180 263 590 0
63 371 68 301 576 0
64 363 32 322 550 10 135 361 591 0
65 480 80 170 458 0
66 19 40 444 585 158 210 253 279 402 556 586 0
67 266 2 104 105 135 257 416 0
68 581 404 63 0
69 110 480 219 256 336 454 516 524 0
70 128 204 301 539 0
71 28 0
72 361 82 98 506 0
73 485 77 193 387 400 460 575 0
74 110 161 425 0
75 540 87 558 0
76 204 382 464 274 286 297 387 0
77 341 73 211 294 476 0
78 570 61 1 107 557 588 0
79 501 8 305 403 507 559 569 0
80 548 242 65 344 351 469 0
81 196 51 129 265 402 584 0
82 311 72 160 424 540 0
83 233 282 13 50 0
84 459 27 0
85 116 97 39 325 425 135 261 320 488 513 0
86 471 336 251 472 18 138 170 0
87 475 75 187 285 354 0
88 113 139 485 206 311 456 495 576 578 0
89 335 98 0
90 345 533 0
91 576 175 292 412 446 0
92 60 175 0
93 204 191 0
94 135 141 247 0
95 563 157 263 0
96 474 241 25 57 409 0
97 85 600 24 459 0
98 89 208 72 180 230 0
99 210 36 103 167 363 371 377 568 0
100 497 147 545 0
101 579 184 424 6 293 574 0
102 399 23 511 0
103 203 183 99 398 443 0
104 489 67 0
105 287 203 297 2 49 53 67 117 145 245 470 497 567 0
106 436 336 429 0
107 548 78 313 0
108 205 189 456 528 547 0
109 524 191 253 310 0
110 576 192 69 116 433 60 74 429 373 0
111 206 167 370 0
112 123 177 314 463 515 549 0
113 458 88 117 187 184 0
114 420 140 120 267 0
115 460 11 202 274 364 0
116 110 85 412 0
117 113 105 0
118 250 335 346 571 0
119 320 222 321 0
120 206 114 286 296 372 555 0
121 343 145 279 406 495 516 0
122 429 573 532 0
123 532 112 173 552 0
124 518 407 356 0
125 142 250 0
126 167 398 446 453 0
127 392 139 321 333 425 0
128 324 560 70 137 0
129 154 81 289 0
130 354 218 0
131 551 463 163 0
132 304 551 306 164 205 420 0
133 204 591 0
134 52 268 311 0
135 200 284 471 579 513 94 438 64 67 85 264 387 446 0
136 558 231 359 419 0
137 128 150 501 0
138 278 468 402 86 182 266 285 397 0
139 88 535 127 183 515 0
140 114 176 445 507 0
141 429 94 359 434 448 465 489 0
142 413 174 125 543 265 57 453 558 0
143 4 228 300 552 0
144 519 58 248 418 0
145 339 105 121 266 0
146 386 159 473 318 175 0
147 205 100 172 311 386 598 0
148 511 483 288 158 320 0
149 34 369 0
150 471 290 574 442 137 429 430 0
151 515 354 283 357 473 0
152 223 17 156 251 437 511 0
153 39 537 263 452 471 0
154 211 432 453 55 129 17 173 320 424 437 0
155 194 220 0
156 299 152 296 0
157 95 265 461 0
158 66 148 171 206 273 447 452 0
159 146 289 253 15 304 349 379 440 449 0
160 301 82 247 431 0
161 74 195 0
162 235 211 390 532 0
163 520 201 181 267 131 364 574 596 0
164 192 269 132 248 253 284 312 377 386 0
165 511 348 499 320 0
166 334 554 0
167 360 126 99 111 473 533 0
168 11 309 234 237 310 360 0
169 588 518 0
170 17 452 570 65 86 378 432 574 0
171 27 158 213 459 0
172 198 147 527 0
173 410 123 154 444 539 0
174 142 0
175 380 514 23 48 91 92 146 201 317 336 340 532 0
176 140 36 181 394 429 0
177 440 599 112 512 523 0
178 420 426 566 0
179 305 0
180 576 353 523 400 346 62 98 319 327 433 460 0
181 163 12 176 205 313 0
182 353 138 0
183 103 43 139 242 481 495 517 0
184 101 23 26 113 206 387 398 0
185 291 376 400 558 0
186 527 19 24 41 199 319 430 511 0
187 113 87 211 271 567 0
188 200 421 594 0
189 421 32 108 594 0
190 576 559 6 22 47 372 0
191 192 259 93 109 309 521 0
192 110 33 224 357 191 164 223 32 217 0
193 334 73 0
194 197 553 155 195 233 353 448 547 567 0
195 361 319 161 194 211 0
196 489 294 81 0
197 421 194 220 331 511 0
198 235 260 467 172 257 259 337 435 450 493 0
199 8 186 0
200 324 17 350 405 135 188 300 11 22 402 584 0
201 163 175 346 406 502 0
202 14 484 337 115 343 0
203 105 528 103 245 0
204 372 581 563 76 516 133 93 34 70 307 497 0
205 480 213 206 435 147 108 236 132 181 285 408 573 0
206 205 120 111 9 54 88 158 184 400 0
207 335 59 280 461 0
208 98 363 509 0
209 560 61 483 0
210 295 423 99 66 554 570 0
211 350 154 455 77 162 187 195 307 308 322 329 433 498 0
212 350 3 233 570 0
213 205 521 409 470 171 259 0
214 451 259 297 572 0
215 490 384 298 390 543 0
216 329 385 437 0
217 530 192 321 0
218 369 130 331 428 0
219 69 227 307 315 0
220 539 155 197 313 483 550 0
221 447 378 0
222 430 474 119 299 373 0
223 192 152 325 0
224 192 0
225 294 311 237 391 434 455 533 0
226 532 289 338 496 0
227 219 257 0
228 310 143 523 534 0
229 331 566 252 539 574 0
230 433 98 561 0
231 350 416 136 281 423 578 596 0
232 238 0
233 33 83 296 349 194 212 404 524 0
234 22 524 437 26 168 392 475 0
235 363 198 554 52 457 540 162 49 532 0
236 205 275 515 0
237 331 168 225 312 0
238 350 372 345 286 232 3 329 500 0
239 574 250 468 517 0
240 53 508 0
241 96 36 429 557 0
242 80 46 183 317 0
243 369 287 277 282 455 480 0
244 397 289 357 0
245 11 105 203 281 314 0
246 413 356 373 520 0
247 515 94 160 344 401 497 0
248 144 164 343 372 0
249 332 417 0
250 581 118 125 239 424 0
251 86 152 296 0
252 229 404 0
253 159 66 109 164 0
254 436 345 0
255 568 473 0
256 301 69 0
257 227 544 67 198 265 0
258 424 352 475 485 0
259 191 22 198 213 214 0
260 198 361 342 459 515 590 0
261 412 85 372 414 416 590 0
262 422 365 463 0
263 95 35 62 153 493 504 580 0
264 328 60 135 442 0
265 142 81 157 257 0
266 286 67 34 138 145 453 531 0
267 163 56 114 329 334 0
268 576 16 134 446 538 0
269 164 29 0
270 59 0
271 548 458 380 539 187 327 526 0
272 47 449 0
273 372 158 0
274 424 498 23 76 115 464 0
275 348 28 236 279 367 0
276 511 438 0
277 243 32 58 0
278 363 138 0
279 283 66 121 275 345 489 0
280 416 207 356 398 540 0
281 55 21 231 245 370 0
282 83 243 346 0
283 350 279 408 151 0
284 135 410 504 50 164 288 335 352 494 0
285 392 26 87 138 205 465 0
286 238 378 428 266 32 76 120 403 535 560 0
287 243 561 105 432 460 0
288 148 50 284 557 574 575 0
289 159 129 226 244 322 336 0
290 150 440 357 538 0
291 519 344 185 306 307 371 386 517 0
292 487 91 299 504 595 0
293 50 58 101 521 0
294 196 225 77 466 484 0
295 37 210 38 541 377 524 0
296 233 3 120 156 251 325 347 0
297 105 20 47 76 214 357 541 0
298 343 19 215 576 0
299 480 156 222 292 323 0
300 200 46 143 451 513 0
301 563 256 160 63 70 486 0
302 557 47 402 423 0
303 322 25 0
304 458 308 132 159 429 524 0
305 79 179 34 321 478 511 0
306 132 291 0
307 219 204 211 291 573 0
308 304 542 211 0
309 168 191 444 0
310 558 447 503 228 109 168 579 0
311 225 82 88 134 147 463 0
312 557 6 164 237 493 0
313 489 365 376 34 38 107 181 220 440 555 0
314 519 112 245 371 420 0
315 460 39 219 0
316 54 390 597 0
317 402 24 175 242 452 0
318 146 15 0
319 195 15 180 186 0
320 165 119 525 85 148 154 554 0
321 524 119 127 217 305 459 582 0
322 64 505 303 18 211 289 0
323 576 420 506 299 326 354 0
324 576 200 128 39 368 473 0
325 85 223 296 467 555 0
326 576 48 12 323 456 585 0
327 490 393 180 271 0
328 414 389 264 50 0
329 547 216 11 211 238 267 0
330 451 341 508 354 449 0
331 368 367 229 534 237 390 197 218 352 415 0
332 411 249 30 466 0
333 479 385 526 127 478 0
334 554 166 193 267 343 430 556 0
335 492 419 207 89 42 118 284 459 0
336 86 43 69 106 175 289 0
337 202 586 49 198 368 456 562 0
338 479 379 226 354 416 544 0
339 350 500 145 484 0
340 515 175 0
341 330 77 413 0
342 260 425 499 0
343 423 591 121 298 2 202 248 334 490 587 0
344 291 448 20 80 247 386 453 532 541 0
345 238 90 254 279 512 600 0
346 180 118 201 282 364 452 0
347 588 38 296 0
348 165 275 415 475 0
349 233 567 159 523 540 0
350 200 238 489 37 11 339 211 283 46 231 212 578 17 45 0
351 417 80 359 0
352 2 36 258 284 331 491 528 544 0
353 180 575 4 182 194 0
354 151 130 87 323 330 338 0
355 369 15 382 0
356 470 124 246 280 0
357 192 456 151 244 290 297 0
358 360 389 0
359 381 136 141 351 572 0
360 20 167 358 168 521 579 0
361 260 195 72 11 64 0
362 568 439 0
363 17 235 278 47 64 22 99 208 394 406 0
364 45 115 163 346 469 489 0
365 313 494 57 262 502 0
366 486 519 0
367 331 583 275 494 0
368 480 331 31 324 337 458 508 575 0
369 420 243 355 53 218 149 438 0
370 20 449 111 281 484 0
371 50 63 99 291 314 432 0
372 238 413 204 273 120 190 248 261 498 0
373 110 41 56 222 246 387 0
374 26 33 0
375 405 29 0
376 313 185 0
377 37 477 99 164 295 0
378 286 9 170 221 0
379 338 159 0
380 271 175 476 524 538 581 596 0
381 561 359 387 465 485 0
382 76 469 417 355 514 566 0
383 9 0
384 215 552 0
385 333 216 0
386 399 146 147 164 291 344 414 539 0
387 462 395 73 76 135 184 373 381 442 525 0
388 18 582 0
389 328 358 0
390 331 162 215 316 0
391 557 225 430 0
392 492 478 564 285 127 234 0
393 327 0
394 547 176 363 466 545 0
395 387 500 0
396 507 439 0
397 14 244 33 138 0
398 126 103 184 280 496 596 0
399 471 386 102 0
400 180 73 185 206 516 535 569 0
401 415 247 434 0
402 138 406 317 66 81 200 302 0
403 1 79 286 432 528 540 596 0
404 68 233 252 0
405 200 558 375 589 0
406 402 121 201 363 576 0
407 124 448 510 0
408 283 205 0
409 213 479 96 535 0
410 284 173 543 0
411 422 443 332 47 0
412 116 596 261 91 461 481 0
413 372 142 246 341 0
414 564 568 328 261 386 0
415 348 401 331 420 543 0
416 231 280 61 67 261 338 461 0
417 382 351 249 573 0
418 490 144 422 510 0
419 335 460 136 462 0
420 323 436 369 178 482 114 36 132 314 415 504 0
421 188 197 29 28 189 34 437 0
422 575 262 2 411 418 437 516 0
423 210 343 588 231 302 0
424 101 57 258 274 82 154 250 546 0
425 85 27 74 127 342 0
426 178 56 0
427 37 492 0
428 286 218 0
429 110 122 141 26 106 150 176 241 304 0
430 30 222 9 52 150 186 334 391 0
431 579 160 488 0
432 154 170 287 371 403 0
433 110 230 180 211 581 0
434 17 509 19 577 141 225 401 519 0
435 205 198 0
436 420 254 106 16 37 53 474 494 0
437 234 590 152 154 216 421 422 471 600 0
438 135 527 276 369 0
439 599 25 362 396 0
440 290 177 159 313 474 0
441 500 7 593 0
442 150 522 264 387 599 0
443 411 103 579 0
444 66 597 173 309 0
445 12 140 447 598 0
446 457 54 91 126 135 268 548 0
447 310 221 51 158 445 0
448 344 141 194 407 562 0
449 370 44 159 272 330 509 0
450 494 198 0
451 521 330 1 214 18 300 0
452 170 54 13 153 158 317 346 522 0
453 154 126 142 266 344 583 0
454 457 69 0
455 211 552 225 243 588 0
456 357 88 108 326 337 0
457 235 454 446 23 542 594 0
458 271 113 304 515 519 13 65 368 0
459 260 84 97 171 321 335 0
460 419 115 315 73 180 287 0
461 462 3 157 207 412 416 0
462 509 461 387 12 419 535 589 0
463 131 497 112 262 311 0
464 76 274 532 0
465 561 31 141 285 381 467 557 0
466 19 294 332 394 0
467 198 325 465 0
468 138 239 566 575 0
469 382 80 364 480 586 0
470 213 356 105 0
471 135 86 150 399 584 153 437 0
472 86 59 0
473 146 151 167 255 324 498 0
474 222 96 436 440 0
475 348 87 234 258 517 0
476 380 530 77 0
477 377 564 0
478 392 507 305 333 0
479 409 338 333 583 0
480 69 205 368 299 5 65 243 469 0
481 538 41 594 183 412 501 0
482 420 0
483 148 209 220 0
484 202 23 294 339 370 521 0
485 88 73 529 258 381 560 582 0
486 14 366 301 582 585 0
487 541 292 577 0
488 17 85 431 591 0
489 350 196 511 313 104 141 279 364 546 0
490 56 215 418 327 343 550 0
491 538 495 352 0
492 427 335 392 520 595 0
493 575 198 263 312 518 0
494 365 450 13 42 284 367 436 0
495 491 88 121 183 0
496 566 34 50 226 398 551 0
497 463 100 105 204 247 0
498 274 512 211 372 473 0
499 165 342 584 0
500 339 441 238 395 569 598 0
501 515 79 137 481 0
502 5 201 365 513 579 0
503 310 0
504 284 4 59 263 292 420 0
505 322 0
506 323 532 72 0
507 478 396 79 140 524 571 0
508 330 240 368 555 0
509 434 462 510 208 449 566 0
510 509 545 24 407 418 0
511 489 165 148 562 276 102 152 186 197 305 0
512 498 59 177 345 0
513 135 85 300 502 0
514 175 40 382 566 0
515 458 151 340 501 247 112 139 236 260 0
516 204 35 69 121 400 422 539 0
517 579 183 239 291 475 0
518 583 124 169 493 0
519 458 314 546 571 291 144 34 366 434 0
520 554 163 572 246 492 535 0
521 213 451 22 191 293 360 484 0
522 442 33 34 452 528 0
523 180 62 25 177 228 349 0
524 234 321 109 69 233 295 304 380 507 0
525 320 20 387 0
526 333 271 597 0
527 438 186 172 567 0
528 203 531 3 108 352 403 522 0
529 485 542 0
530 476 217 0
531 528 266 0
532 506 123 226 122 162 175 235 344 464 538 563 0
533 90 38 45 167 225 0
534 331 228 0
535 139 286 400 409 462 520 0
536 548 0
537 153 57 0
538 37 481 491 268 290 380 532 580 0
539 271 220 70 173 229 386 516 0
540 235 75 82 280 349 403 0
541 295 487 297 344 0
542 308 14 37 457 529 0
543 142 13 19 215 410 415 0
544 257 338 352 0
545 510 10 100 394 0
546 519 424 489 0
547 576 30 394 329 42 7 108 194 0
548 37 45 271 557 536 80 107 446 569 591 0
549 35 112 0
550 64 220 490 0
551 132 131 47 496 0
552 455 123 143 384 0
553 194 0
554 235 334 520 59 166 210 320 0
555 571 120 313 325 508 0
556 598 53 66 334 0
557 548 391 312 302 78 241 288 465 582 0
558 405 310 43 136 75 142 185 0
559 190 79 0
560 128 209 286 485 0
561 287 381 465 595 230 0
562 511 26 337 448 0
563 204 95 301 532 0
564 392 414 477 567 580 0
565 19 0
566 229 496 178 382 468 509 514 580 0
567 349 105 187 194 527 564 0
568 414 255 362 99 0
569 55 43 79 400 500 548 580 0
570 170 78 210 212 0
571 519 555 118 507 0
572 520 50 214 359 0
573 122 205 307 417 0
574 150 239 101 163 170 229 288 579 0
575 353 422 493 73 288 368 468 0
576 324 91 110 326 180 323 547 268 190 63 88 298 406 0
577 434 487 0
578 350 25 88 231 0
579 135 101 598 35 517 431 310 360 443 502 574 0
580 30 263 538 564 566 569 0
581 204 250 68 45 380 433 0
582 388 321 485 486 557 0
583 367 518 15 29 453 479 0
584 471 41 81 200 499 0
585 66 47 326 486 0
586 337 66 469 0
587 54 343 0
588 423 169 347 78 455 0
589 405 59 462 594 0
590 437 62 260 261 0
591 343 4 64 133 488 548 0
592 56 0
593 52 441 0
594 481 188 189 457 589 0
595 561 292 492 0
596 412 163 231 380 398 403 0
597 444 316 526 0
598 579 556 56 147 445 500 0
599 177 439 442 0
600 97 345 437 0

600  1550
1 327 107 101 368 579 0
2 454 244 534 49 161 182 347 587 0
3 196 181 159 60 94 179 236 408 0
4 396 257 289 423 0
5 255 21 450 111 547 586 0
6 58 196 118 174 35 23 121 136 267 382 0
7 413 17 70 152 353 414 592 0
8 184 53 178 400 410 474 508 535 0
9 529 596 0
10 283 120 123 0
11 211 43 60 239 307 451 0
12 239 156 87 334 0
13 515 37 176 355 574 0
14 391 264 40 159 276 313 0
15 365 536 542 572 0
16 458 0
17 68 7 21 33 361 469 0
18 170 438 105 160 237 0
19 275 76 102 0
20 490 151 205 301 558 0
21 5 17 141 436 0
22 158 57 122 280 331 416 486 0
23 6 49 134 286 303 353 474 0
24 191 415 31 202 229 565 46 475 535 0
25 336 486 528 218 429 0
26 123 29 88 103 101 0
27 255 168 149 283 0
28 64 585 31 78 502 588 0
29 26 470 475 110 336 348 427 504 0
30 252 54 513 536 0
31 24 28 70 121 383 417 578 0
32 88 331 176 543 242 552 0
33 221 17 194 291 370 584 0
34 441 287 310 469 568 0
35 6 526 0
36 283 229 310 0
37 132 13 348 375 406 420 492 0
38 508 299 232 337 354 579 0
39 161 58 322 458 566 0
40 293 445 14 459 493 505 0
41 308 213 169 350 107 140 391 0
42 64 193 406 56 284 341 444 0
43 584 11 130 168 284 0
44 436 472 145 331 424 0
45 66 64 494 0
46 469 24 125 250 352 547 0
47 372 454 0
48 143 304 232 159 257 303 0
49 190 161 2 23 133 350 549 0
50 496 91 365 562 0
51 469 411 497 526 572 0
52 228 165 173 180 398 0
53 136 564 132 8 210 585 0
54 291 30 283 575 0
55 157 58 123 569 165 359 306 337 357 504 0
56 422 347 573 42 130 486 541 0
57 498 22 474 0
58 55 191 6 584 544 39 293 326 483 524 542 0
59 82 72 155 0
60 426 162 3 11 81 450 599 0
61 211 552 114 196 577 581 0
62 327 83 248 116 119 165 392 560 0
63 573 84 273 558 0
64 76 42 327 28 525 45 231 421 0
65 382 127 170 284 0
66 353 45 293 450 0
67 133 168 295 445 504 0
68 520 490 301 474 236 17 93 265 387 544 599 0
69 140 339 511 197 267 369 481 525 0
70 422 119 7 31 84 0
71 369 0
72 315 74 59 366 386 437 514 559 0
73 478 172 224 279 390 567 0
74 72 102 270 404 0
75 419 81 518 0
76 422 64 582 185 325 19 310 557 0
77 415 109 172 213 527 0
78 355 28 464 544 0
79 535 328 93 267 0
80 128 157 292 0
81 242 60 75 198 488 0
82 312 59 124 241 456 0
83 62 273 208 584 0
84 521 63 70 221 412 0
85 194 449 582 0
86 243 201 496 135 223 237 0
87 12 223 0
88 26 190 32 364 506 151 180 242 430 477 517 0
89 259 282 0
90 420 117 94 212 0
91 196 247 404 50 225 408 546 0
92 200 297 0
93 79 68 125 164 210 0
94 551 431 3 90 172 410 0
95 337 172 433 570 0
96 183 339 0
97 170 222 350 415 462 0
98 560 166 0
99 415 138 228 254 271 304 308 550 0
100 257 117 145 221 265 372 389 452 0
101 26 1 442 509 0
102 326 280 19 74 0
103 26 309 218 384 206 280 408 0
104 200 204 335 514 591 0
105 582 237 442 18 517 0
106 328 592 291 306 435 541 572 0
107 1 41 229 266 294 409 427 0
108 435 150 287 0
109 425 375 77 279 535 568 0
110 538 163 29 429 582 0
111 371 5 174 280 550 586 591 0
112 344 358 376 588 529 158 589 0
113 184 208 465 0
114 61 391 497 571 0
115 251 261 119 216 0
116 176 62 0
117 90 100 271 0
118 6 270 283 488 223 0
119 70 62 115 189 258 375 509 0
120 347 160 539 10 239 248 282 328 0
121 415 182 290 6 31 245 368 410 0
122 340 22 191 316 498 585 0
123 55 26 320 559 391 589 10 0
124 391 82 0
125 499 468 441 46 93 427 0
126 230 419 557 0
127 420 334 65 148 409 0
128 376 80 453 0
129 213 257 0
130 310 235 43 56 547 551 594 0
131 513 196 211 0
132 53 37 213 360 0
133 195 67 49 420 0
134 370 23 319 472 0
135 557 212 436 381 86 330 496 0
136 157 329 373 344 476 53 408 6 570 0
137 535 457 253 586 0
138 99 229 591 0
139 490 380 535 0
140 439 69 41 400 536 578 0
141 595 21 285 457 590 0
142 551 220 277 384 538 541 556 0
143 586 48 172 247 399 502 537 554 581 0
144 552 330 0
145 458 551 194 44 100 371 445 0
146 520 254 506 541 552 0
147 587 289 591 0
148 520 434 127 235 474 585 0
149 545 27 314 577 0
150 108 155 207 363 409 541 0
151 447 20 88 181 258 0
152 560 374 297 7 242 289 299 0
153 391 233 241 248 326 364 442 512 514 553 0
154 247 257 568 307 309 459 0
155 376 59 150 0
156 12 516 549 186 384 0
157 55 136 393 198 407 369 220 80 277 482 498 0
158 212 251 256 22 112 211 480 0
159 3 14 48 371 0
160 120 18 178 214 0
161 49 39 368 2 182 298 344 463 0
162 60 0
163 110 224 250 300 336 0
164 368 93 302 0
165 55 231 52 62 195 254 268 580 0
166 98 209 248 376 0
167 183 0
168 27 43 67 340 0
169 41 505 0
170 422 353 97 459 531 18 65 188 301 0
171 296 246 350 0
172 384 73 77 94 95 143 364 433 0
173 389 52 181 300 503 0
174 6 495 111 363 0
175 449 317 414 0
176 32 116 446 13 0
177 476 498 388 410 545 568 0
178 332 8 160 293 333 0
179 537 481 189 180 572 3 239 0
180 179 352 52 88 235 287 0
181 3 228 598 151 173 305 446 0
182 121 2 161 290 424 476 0
183 200 167 96 462 502 0
184 241 113 8 0
185 76 313 430 454 571 585 0
186 335 156 248 259 354 463 0
187 476 561 439 503 0
188 324 170 414 425 0
189 179 119 316 321 0
190 88 49 0
191 58 24 221 203 122 251 309 359 509 0
192 527 401 454 0
193 42 510 261 356 389 479 0
194 145 85 33 328 0
195 370 133 249 165 354 428 0
196 6 91 452 3 426 550 61 131 412 0
197 215 69 554 0
198 157 372 81 310 0
199 229 266 494 292 338 443 0
200 393 183 92 492 104 512 0
201 86 270 543 0
202 24 0
203 191 0
204 487 207 460 104 319 452 0
205 292 20 517 0
206 302 227 103 0
207 204 574 150 369 438 0
208 423 385 83 113 290 392 458 460 0
209 166 233 0
210 309 53 93 515 0
211 486 61 354 11 131 158 215 390 428 538 593 0
212 135 581 158 482 90 425 0
213 41 129 77 132 304 337 487 505 597 0
214 547 513 160 380 494 0
215 559 489 197 211 350 428 536 0
216 353 115 532 0
217 405 249 396 0
218 103 25 330 0
219 349 221 231 415 0
220 157 142 0
221 191 395 33 84 100 219 372 440 488 0
222 522 97 322 0
223 118 293 555 86 87 425 493 566 0
224 314 523 73 163 0
225 407 91 292 342 518 0
226 548 258 558 0
227 206 273 0
228 181 52 99 0
229 24 199 313 36 107 138 317 424 579 0
230 538 126 384 596 0
231 165 252 64 219 245 472 0
232 48 38 243 0
233 153 443 209 0
234 238 305 369 380 0
235 130 292 148 180 242 252 322 0
236 68 3 260 348 0
237 105 18 86 384 471 513 565 0
238 375 234 251 278 475 564 0
239 364 12 330 11 120 179 339 557 574 0
240 566 465 491 493 497 0
241 153 184 82 438 562 0
242 566 267 81 32 88 152 235 249 454 0
243 520 86 232 0
244 2 261 411 577 0
245 527 121 231 348 388 0
246 326 583 171 301 430 459 492 0
247 91 154 429 143 256 331 508 520 0
248 62 120 153 166 186 252 432 465 597 0
249 195 217 242 314 317 437 0
250 463 46 163 368 371 399 0
251 158 115 191 238 288 452 531 0
252 231 30 235 248 0
253 379 137 328 475 0
254 344 428 99 146 165 354 542 0
255 270 5 27 373 529 0
256 158 247 285 467 480 561 576 0
257 154 100 4 48 129 0
258 439 119 151 226 309 360 0
259 425 361 89 186 527 0
260 538 236 0
261 115 193 244 339 0
262 326 586 280 365 0
263 569 471 485 534 0
264 14 515 0
265 341 68 100 416 466 0
266 199 107 0
267 242 6 69 79 315 0
268 368 165 323 415 478 0
269 577 421 552 0
270 118 255 548 493 323 512 74 201 299 0
271 418 99 117 308 323 521 0
272 355 553 0
273 83 63 227 392 453 0
274 377 296 287 383 0
275 423 19 400 0
276 331 351 14 0
277 357 142 157 332 409 0
278 478 238 0
279 380 73 109 398 0
280 102 22 103 111 262 283 352 361 363 0
281 564 465 519 355 415 0
282 308 89 120 410 496 0
283 118 380 10 36 27 54 280 289 442 0
284 520 42 43 65 310 505 0
285 430 141 256 305 374 543 0
286 546 23 0
287 274 34 108 180 0
288 358 590 251 0
289 362 4 147 152 283 347 423 546 0
290 121 182 208 521 540 0
291 544 54 33 106 377 404 0
292 235 205 80 199 225 0
293 223 40 58 66 178 511 532 0
294 510 107 363 0
295 305 67 308 391 0
296 274 171 501 0
297 152 92 438 556 0
298 367 161 327 480 0
299 38 152 270 473 563 0
300 526 163 173 580 0
301 68 451 20 170 246 0
302 402 206 456 164 515 522 0
303 466 576 311 23 48 458 0
304 48 99 213 431 515 0
305 503 295 181 234 285 432 0
306 554 55 106 0
307 545 11 154 357 0
308 326 41 578 282 99 271 295 409 426 0
309 103 210 154 191 258 395 471 0
310 498 130 416 34 36 76 198 284 0
311 303 582 0
312 331 319 82 0
313 229 501 14 185 498 0
314 478 224 587 149 249 0
315 361 72 267 451 581 599 0
316 320 122 189 546 580 588 0
317 455 175 229 249 324 456 0
318 568 534 558 0
319 312 134 204 473 0
320 123 439 430 316 517 375 426 470 587 0
321 390 189 0
322 484 39 222 235 0
323 270 562 268 271 324 398 0
324 525 188 378 317 323 0
325 76 0
326 373 102 336 308 246 262 399 427 58 153 517 563 0
327 64 62 1 298 504 0
328 79 106 120 194 253 394 429 543 578 0
329 136 404 0
330 239 135 144 218 0
331 32 546 276 312 22 44 247 0
332 518 333 178 277 515 0
333 332 541 178 0
334 127 12 0
335 591 186 104 447 464 528 0
336 326 405 25 29 163 555 0
337 468 95 38 55 213 0
338 475 504 199 0
339 69 522 96 239 261 569 0
340 497 122 168 388 593 0
341 415 265 432 42 384 0
342 522 225 0
343 524 0
344 136 112 557 473 345 254 161 392 445 534 0
345 344 588 0
346 425 509 522 0
347 56 538 120 2 289 384 475 503 0
348 514 29 37 236 245 537 546 0
349 476 520 499 219 404 0
350 41 49 97 171 215 533 0
351 276 396 596 437 0
352 180 46 280 517 530 553 572 0
353 170 402 216 66 7 23 512 0
354 211 38 186 195 254 531 0
355 547 272 78 13 281 357 394 412 0
356 455 193 531 0
357 448 277 55 307 355 364 492 0
358 112 412 288 375 463 465 0
359 55 191 365 423 0
360 388 593 132 258 468 570 0
361 259 315 17 280 0
362 450 594 289 544 549 0
363 439 532 150 174 280 294 442 0
364 88 239 153 172 357 515 0
365 548 15 50 262 359 0
366 464 72 427 458 524 0
367 563 298 0
368 161 480 164 477 410 268 1 121 250 376 0
369 157 71 69 207 234 0
370 439 195 134 33 0
371 588 502 111 145 159 250 448 0
372 198 479 47 100 221 377 564 0
373 136 326 462 547 575 255 443 0
374 152 285 0
375 109 238 37 119 320 358 0
376 112 560 128 155 500 166 368 598 0
377 462 274 291 372 478 0
378 324 390 394 398 591 0
379 435 600 253 471 501 0
380 283 279 139 214 234 394 0
381 135 394 0
382 412 65 6 522 0
383 274 31 0
384 103 172 142 156 230 237 341 347 490 0
385 208 401 0
386 395 72 527 0
387 487 599 68 403 0
388 177 360 245 340 418 577 0
389 546 553 173 100 193 0
390 575 321 73 211 378 421 427 0
391 123 153 124 14 41 114 295 548 585 0
392 452 62 208 273 344 421 455 0
393 157 478 508 435 200 414 460 533 546 0
394 587 328 355 378 380 381 493 0
395 221 386 484 540 309 0
396 351 4 217 530 543 0
397 588 437 546 0
398 450 52 279 323 378 0
399 326 143 250 445 0
400 458 8 140 275 511 584 0
401 385 192 0
402 353 302 507 527 0
403 559 570 387 0
404 91 74 291 329 349 416 463 0
405 336 217 537 545 539 0
406 42 514 37 0
407 157 225 0
408 136 3 91 103 0
409 415 107 127 150 277 308 0
410 368 8 94 121 177 282 589 0
411 470 51 244 427 0
412 358 382 84 196 355 422 0
413 425 7 536 0
414 393 524 7 175 188 489 0
415 24 424 535 121 99 341 77 409 97 219 268 281 492 0
416 310 22 265 404 420 453 459 0
417 468 571 485 31 444 475 487 570 0
418 535 271 388 0
419 569 75 542 126 0
420 532 515 127 90 37 133 416 469 0
421 475 64 269 390 392 0
422 470 76 170 56 70 412 460 0
423 462 275 208 4 289 359 0
424 415 44 182 229 0
425 476 259 109 413 346 188 212 223 467 0
426 196 60 308 320 430 0
427 326 29 107 125 366 390 411 0
428 254 195 211 215 476 593 0
429 247 25 110 328 556 0
430 320 536 285 88 185 246 426 0
431 94 304 0
432 341 248 305 0
433 531 95 172 560 0
434 148 0
435 393 518 379 108 483 106 0
436 135 44 21 567 0
437 351 72 249 397 520 0
438 18 207 241 297 0
439 320 140 363 370 258 187 0
440 482 221 0
441 125 34 0
442 105 444 101 153 283 363 467 522 0
443 233 199 373 475 506 544 0
444 442 42 417 0
445 40 67 145 344 399 465 555 561 0
446 176 181 562 0
447 529 151 579 335 456 546 0
448 537 509 357 371 449 0
449 554 175 85 448 482 0
450 5 398 362 60 66 0
451 301 11 315 0
452 196 392 100 204 251 511 0
453 455 128 273 416 524 0
454 561 2 47 185 192 242 503 592 0
455 557 453 317 356 392 539 0
456 302 82 317 447 0
457 137 141 0
458 478 145 400 16 39 208 303 366 564 0
459 170 40 154 246 416 460 503 534 0
460 204 208 393 422 459 474 574 0
461 557 591 521 0
462 373 377 487 423 97 183 0
463 478 250 161 186 358 404 590 0
464 588 366 78 335 0
465 281 113 240 248 358 445 489 0
466 520 303 265 0
467 485 256 425 442 506 0
468 125 337 417 360 530 577 591 0
469 561 46 51 17 34 420 0
470 29 422 411 320 534 0
471 513 237 263 309 379 0
472 44 134 231 0
473 344 299 319 541 567 0
474 68 8 23 57 148 460 0
475 29 421 338 24 238 253 347 417 443 0
476 136 425 187 349 177 533 182 428 574 0
477 368 88 0
478 393 314 458 278 73 463 268 377 0
479 372 193 557 0
480 368 158 256 298 0
481 179 69 0
482 212 440 157 449 507 555 0
483 435 58 0
484 395 322 579 0
485 417 467 263 0
486 25 211 22 56 0
487 462 204 387 213 417 0
488 118 81 221 0
489 215 414 465 0
490 68 595 20 139 384 0
491 508 240 573 0
492 200 37 246 357 415 528 546 571 0
493 270 503 40 223 240 394 542 0
494 199 45 214 0
495 174 0
496 86 50 135 282 502 0
497 515 340 51 114 240 0
498 177 310 57 122 157 313 519 597 0
499 349 125 566 0
500 376 513 0
501 313 296 379 0
502 371 28 143 183 496 518 0
503 493 305 173 187 347 454 459 538 0
504 338 29 55 67 327 0
505 169 530 40 213 284 0
506 88 146 443 467 570 0
507 402 580 482 517 0
508 393 38 491 8 247 521 0
509 448 101 119 191 346 0
510 193 294 580 0
511 69 293 400 452 0
512 270 153 200 353 545 0
513 214 471 131 30 237 500 558 0
514 406 348 72 104 153 544 0
515 420 497 13 210 264 302 304 332 364 569 577 0
516 156 526 0
517 320 88 105 205 326 352 507 0
518 435 332 75 225 502 571 0
519 281 498 0
520 349 466 146 284 243 148 68 247 437 0
521 461 84 271 290 508 537 0
522 339 342 222 302 346 382 442 538 0
523 224 563 0
524 414 343 58 366 453 0
525 64 324 69 0
526 544 300 35 51 516 572 0
527 402 192 245 77 259 386 546 0
528 25 335 492 0
529 112 447 9 255 557 593 0
530 505 352 396 468 547 0
531 170 433 251 354 356 0
532 363 420 216 293 590 0
533 476 350 393 0
534 2 263 318 344 459 470 569 0
535 415 79 137 418 8 24 109 139 0
536 430 15 30 140 215 413 0
537 405 448 179 143 348 521 0
538 347 110 230 260 142 211 503 522 0
539 120 405 455 0
540 395 290 567 0
541 333 56 106 142 146 150 473 0
542 419 15 58 254 493 0
543 32 201 285 328 396 560 0
544 58 577 526 291 68 78 362 443 514 0
545 405 149 307 177 512 0
546 331 286 389 91 289 316 348 393 397 447 492 527 0
547 373 214 355 5 46 130 530 0
548 270 365 226 391 564 590 0
549 156 49 362 0
550 196 99 111 572 0
551 145 142 94 558 130 0
552 61 144 32 146 269 600 0
553 389 153 272 352 0
554 569 306 449 143 197 557 0
555 223 336 445 482 0
556 571 142 297 429 0
557 344 455 461 135 76 126 239 479 529 554 0
558 551 597 20 63 226 318 513 0
559 123 403 215 72 578 0
560 376 98 152 62 433 543 0
561 187 469 454 256 445 0
562 323 50 241 446 0
563 587 367 299 326 523 589 0
564 53 281 238 372 458 548 0
565 24 237 0
566 499 242 240 39 223 594 0
567 592 73 436 473 540 582 0
568 154 318 34 109 177 592 0
569 55 419 263 554 339 515 534 0
570 403 95 136 360 417 506 0
571 417 556 114 185 492 518 0
572 179 15 51 106 352 526 550 596 0
573 56 63 491 0
574 207 13 239 460 476 0
575 373 390 54 0
576 303 256 0
577 544 269 61 149 244 388 468 515 592 0
578 308 31 140 328 559 0
579 447 1 38 229 484 0
580 507 165 300 316 510 0
581 212 61 143 315 0
582 76 105 85 110 311 567 0
583 246 0
584 58 43 33 83 400 0
585 28 53 122 148 185 391 0
586 262 143 5 111 137 0
587 314 147 563 394 2 320 0
588 112 464 371 397 28 316 345 0
589 123 112 410 563 0
590 288 141 463 532 548 0
591 461 335 104 111 138 147 378 468 0
592 106 567 7 454 568 577 0
593 360 211 340 428 529 600 0
594 362 130 566 0
595 490 141 0
596 351 9 230 572 0
597 558 213 248 498 0
598 181 376 0
599 387 60 68 315 0
600 379 552 593 0

