600  2268
1 243 57 49 0
2 574 105 193 212 217 230 282 308 329 478 520 579 0
3 328 44 83 93 151 297 581 587 0
4 557 253 73 119 153 159 255 347 352 405 0
5 115 492 47 55 110 317 546 0
6 161 34 151 198 218 324 395 558 0
7 136 482 561 0
8 480 493 111 118 162 234 328 366 458 0
9 321 36 538 347 45 239 493 0
10 392 138 326 446 0
11 113 472 229 249 331 445 479 491 0
12 119 151 152 229 330 346 421 0
13 560 243 300 54 106 139 173 292 494 569 0
14 399 96 190 192 158 250 494 530 0
15 218 51 71 210 229 500 0
16 408 159 306 468 0
17 598 22 21 59 152 399 316 271 327 342 494 535 0
18 62 262 308 297 413 500 525 0
19 495 267 244 34 126 255 367 395 401 552 0
20 173 231 407 531 561 0
21 17 445 165 497 54 146 178 267 542 568 0
22 17 179 39 67 87 183 221 324 346 374 379 561 0
23 298 118 158 471 0
24 139 36 117 168 186 0
25 173 368 425 93 96 244 389 574 0
26 92 291 33 387 540 440 217 497 0
27 496 196 139 186 248 384 480 514 582 0
28 460 86 255 136 278 304 381 504 0
29 536 103 371 404 416 438 500 532 0
30 419 102 107 192 341 452 507 587 0
31 42 38 48 84 283 363 412 540 562 0
32 447 141 245 281 286 322 415 544 0
33 26 535 166 127 274 221 44 279 298 412 421 557 582 0
34 506 6 19 253 263 351 0
35 259 41 0
36 9 217 38 24 208 311 322 418 0
37 486 158 219 234 245 259 396 450 590 0
38 36 128 578 31 187 259 309 548 585 0
39 22 451 537 175 109 154 0
40 219 140 193 316 405 539 584 590 0
41 514 35 137 163 170 178 192 207 258 350 471 0
42 442 31 253 291 385 413 419 468 480 0
43 560 195 232 265 316 494 0
44 243 207 94 3 33 155 218 277 312 503 588 0
45 502 9 113 119 126 155 186 248 278 348 416 0
46 372 502 265 185 101 134 221 362 386 429 0
47 54 5 53 57 157 228 0
48 290 31 157 174 283 0
49 1 516 57 129 141 307 0
50 368 82 112 212 234 287 351 495 0
51 171 15 124 204 255 386 0
52 263 511 194 170 74 237 265 388 401 485 509 0
53 381 47 338 348 391 466 0
54 355 47 13 21 122 194 500 0
55 126 5 0
56 557 88 61 178 295 480 515 0
57 1 468 284 47 49 95 505 579 592 0
58 319 330 334 384 309 161 335 441 592 0
59 17 412 223 229 263 350 391 590 595 0
60 270 403 251 404 246 268 348 369 370 386 408 496 537 562 0
61 541 369 56 127 162 173 257 395 437 0
62 560 18 99 107 93 105 138 189 229 230 262 535 547 0
63 474 245 466 0
64 581 340 221 251 335 387 491 578 587 0
65 348 241 243 336 0
66 263 200 361 545 0
67 391 473 414 22 296 436 517 562 0
68 590 436 177 411 416 487 563 570 0
69 531 111 93 186 284 514 0
70 535 164 477 502 553 599 0
71 407 15 418 463 0
72 173 205 160 238 201 317 279 352 451 475 553 0
73 115 4 206 312 448 460 480 552 0
74 562 437 52 179 332 393 0
75 119 125 136 153 168 309 493 0
76 150 581 303 115 330 0
77 122 353 195 80 230 387 557 0
78 180 294 95 220 228 568 0
79 241 230 242 320 454 527 0
80 479 77 98 222 412 0
81 148 202 388 425 442 0
82 265 50 89 266 465 524 0
83 536 3 277 380 395 0
84 563 31 105 204 240 381 408 442 486 531 588 0
85 558 545 586 593 0
86 28 313 89 91 398 427 482 489 0
87 162 22 247 0
88 56 422 278 306 353 0
89 150 565 82 86 116 286 310 433 567 0
90 318 296 110 125 256 265 294 353 380 0
91 225 86 151 320 0
92 319 531 173 131 26 156 257 354 105 547 97 242 288 310 372 528 559 0
93 581 142 3 25 62 69 103 162 238 517 0
94 44 122 246 254 512 555 578 0
95 78 57 165 181 225 245 301 304 515 0
96 14 25 122 135 198 451 528 535 0
97 243 245 524 92 148 172 250 267 295 297 307 354 502 0
98 333 80 135 166 179 331 344 351 363 497 0
99 62 336 386 500 380 301 527 508 566 580 0
100 202 114 135 273 403 542 545 565 0
101 407 575 203 46 169 322 379 409 490 589 0
102 359 30 180 201 248 290 361 593 0
103 29 93 226 284 291 379 566 0
104 348 123 251 310 338 0
105 92 222 2 62 84 210 225 393 447 528 569 0
106 291 333 13 248 328 380 517 594 0
107 62 30 173 199 322 424 0
108 574 146 290 361 567 0
109 238 39 135 175 480 498 0
110 90 5 181 0
111 69 8 143 199 370 0
112 120 383 50 182 184 340 376 508 0
113 270 122 11 45 227 322 443 517 596 0
114 231 100 116 189 329 424 520 556 583 0
115 76 572 5 73 140 181 315 345 419 465 483 538 578 0
116 582 89 114 134 214 323 0
117 375 24 251 298 541 598 0
118 23 174 394 528 8 402 443 533 581 0
119 511 12 75 522 532 4 45 136 503 517 0
120 435 112 446 172 175 389 410 532 596 0
121 328 346 405 0
122 113 77 442 488 452 54 94 96 343 408 476 485 583 0
123 290 104 154 202 263 311 314 588 0
124 149 339 51 182 221 325 389 487 503 0
125 177 75 90 195 274 280 327 363 390 433 459 0
126 419 55 299 507 19 45 174 191 441 465 476 481 0
127 33 61 151 154 310 489 522 595 0
128 38 213 289 347 433 571 0
129 193 475 465 49 142 319 0
130 496 459 510 182 415 567 579 0
131 92 557 318 215 503 583 0
132 443 166 416 418 587 0
133 582 424 141 207 329 0
134 181 46 116 140 145 197 238 556 0
135 479 552 377 96 98 100 109 143 413 536 0
136 574 7 28 75 119 187 232 319 392 600 0
137 296 41 161 222 0
138 158 477 10 62 357 533 0
139 560 24 252 431 13 27 277 282 324 0
140 435 40 115 134 173 268 269 425 0
141 372 293 32 49 133 301 375 383 0
142 93 176 129 168 178 299 350 410 452 570 0
143 279 181 111 135 151 259 388 400 409 585 0
144 501 344 364 274 0
145 505 134 229 238 290 428 440 450 452 0
146 531 21 108 179 240 505 527 548 0
147 257 172 308 398 414 446 564 0
148 466 81 240 97 172 364 545 0
149 267 124 194 581 586 0
150 321 76 520 279 89 205 305 390 471 502 548 550 0
151 171 3 6 12 91 127 143 230 244 558 0
152 17 12 555 588 0
153 158 558 199 4 75 174 448 552 0
154 599 438 39 123 127 171 0
155 347 44 45 396 484 541 597 0
156 92 188 198 335 364 491 0
157 225 47 48 179 182 229 449 455 470 0
158 270 153 273 138 568 230 14 23 37 351 357 397 0
159 260 441 4 16 168 235 288 389 425 461 467 518 0
160 72 432 184 346 436 0
161 321 587 6 58 137 181 193 234 419 448 479 544 589 0
162 599 417 584 87 343 8 61 93 564 586 0
163 417 359 260 184 282 41 212 411 494 520 528 0
164 426 70 246 588 0
165 21 95 181 199 476 478 481 529 535 544 597 0
166 33 218 310 98 132 321 537 0
167 558 184 228 361 561 0
168 584 533 24 75 142 159 195 220 246 258 371 459 517 520 0
169 441 101 285 355 470 0
170 52 41 375 538 0
171 297 362 398 51 209 151 295 154 230 305 557 0
172 403 97 120 147 148 244 310 583 0
173 92 348 72 25 20 13 61 107 140 413 458 571 0
174 118 48 126 153 236 263 430 0
175 39 109 120 222 249 447 511 0
176 142 544 282 395 464 510 536 0
177 342 536 474 125 68 226 274 323 347 496 556 594 0
178 290 197 268 213 21 41 56 142 516 525 0
179 22 545 463 182 74 98 146 157 238 262 377 425 573 0
180 270 78 462 102 184 0
181 143 134 95 110 115 161 165 326 522 545 569 0
182 179 112 124 130 157 271 381 544 0
183 417 574 582 419 22 336 448 485 527 554 590 0
184 163 375 112 160 167 180 199 277 280 321 361 407 489 525 0
185 46 238 255 336 345 490 557 0
186 511 24 27 45 69 202 0
187 319 38 136 244 357 418 426 436 592 0
188 387 156 193 298 388 476 484 0
189 219 62 114 309 504 563 0
190 14 291 380 540 564 0
191 236 126 193 455 535 556 0
192 14 30 41 382 384 468 511 0
193 348 288 447 129 2 40 161 188 191 509 0
194 52 427 54 149 274 298 358 392 444 526 0
195 77 43 125 168 250 331 447 0
196 27 245 464 497 0
197 178 374 134 542 0
198 573 6 96 156 243 344 384 395 419 552 0
199 153 107 111 165 184 269 302 395 593 0
200 403 541 551 66 367 388 484 502 570 0
201 72 102 214 348 422 461 585 0
202 579 100 81 123 186 257 296 302 369 477 505 522 0
203 101 438 531 0
204 349 290 467 51 84 205 395 399 0
205 72 150 204 238 523 0
206 263 73 384 430 0
207 44 525 41 133 210 364 459 512 565 0
208 484 36 232 242 337 441 588 0
209 171 393 265 530 557 0
210 288 15 105 207 380 582 0
211 588 273 277 0
212 217 416 2 50 163 399 438 591 0
213 178 128 255 0
214 597 546 116 201 237 326 331 344 413 0
215 417 131 275 381 537 0
216 488 454 240 420 434 0
217 36 212 283 453 2 26 413 513 0
218 166 15 6 44 262 424 454 496 559 0
219 553 361 189 40 37 222 449 469 0
220 538 277 421 78 168 307 341 0
221 33 22 46 64 124 358 437 518 541 566 590 593 0
222 105 80 137 175 219 467 541 0
223 59 276 291 406 468 483 529 553 558 0
224 416 374 479 499 542 0
225 581 157 91 95 105 282 398 575 0
226 486 103 177 310 373 380 428 0
227 368 113 479 556 587 0
228 598 466 236 323 47 78 167 250 378 469 502 572 0
229 348 289 11 12 15 59 62 145 157 410 454 0
230 158 2 62 77 79 151 171 432 446 465 560 0
231 308 320 114 20 358 440 0
232 276 513 43 136 208 270 357 504 0
233 503 353 400 420 444 0
234 288 8 37 50 161 345 382 394 436 0
235 378 385 159 381 590 0
236 228 470 191 174 311 416 481 0
237 475 52 214 262 354 458 0
238 72 109 93 134 145 179 185 205 270 351 572 581 0
239 595 481 9 405 0
240 148 84 146 216 282 284 401 448 492 0
241 598 79 312 65 397 433 522 523 0
242 401 79 92 208 286 367 452 501 587 0
243 13 1 44 97 65 198 296 0
244 19 25 151 172 187 528 543 0
245 97 32 37 63 95 196 297 466 0
246 385 60 94 164 168 279 447 0
247 477 87 264 283 481 0
248 506 27 45 102 106 310 447 536 559 0
249 322 11 175 400 567 0
250 262 554 14 97 195 228 311 326 0
251 60 64 104 117 420 467 580 593 0
252 139 576 383 411 454 0
253 4 34 42 363 395 481 0
254 443 94 273 399 0
255 28 4 19 51 185 213 331 379 401 584 0
256 585 90 335 0
257 92 405 519 147 61 202 323 470 504 0
258 349 41 168 308 364 410 502 518 0
259 298 35 37 38 143 265 325 404 435 439 476 559 0
260 163 435 159 382 508 316 344 458 490 518 0
261 285 294 347 374 465 600 0
262 18 250 322 62 179 218 237 331 0
263 348 52 66 402 206 34 59 123 174 277 0
264 531 247 448 524 0
265 46 478 82 43 52 90 209 259 372 406 499 0
266 289 82 395 0
267 19 149 21 97 0
268 178 60 140 531 589 592 0
269 468 140 199 358 474 546 0
270 560 113 158 60 180 232 238 308 530 0
271 17 182 338 380 0
272 336 339 487 513 0
273 158 457 456 100 211 254 301 364 583 0
274 33 379 125 144 177 194 331 579 0
275 576 215 390 495 527 548 0
276 417 332 561 553 542 600 232 223 421 558 0
277 220 44 83 139 184 211 263 432 472 544 0
278 463 28 45 88 432 0
279 150 143 33 72 246 299 303 385 565 0
280 357 125 184 410 592 0
281 599 534 32 290 321 582 0
282 163 2 139 176 225 240 320 467 563 0
283 217 31 48 247 399 441 476 558 0
284 57 69 103 240 423 0
285 386 357 261 169 407 0
286 446 32 89 242 341 381 484 570 0
287 380 50 0
288 193 234 210 92 159 475 516 0
289 229 266 128 416 439 0
290 204 178 48 123 102 108 145 281 397 0
291 26 106 491 443 42 103 190 223 359 569 0
292 363 13 366 462 497 0
293 141 327 418 431 444 456 525 0
294 78 90 261 325 411 466 480 0
295 171 56 97 350 385 571 0
296 90 137 67 202 243 359 437 572 0
297 18 171 455 3 97 245 412 460 578 593 0
298 571 23 259 33 117 188 194 366 371 376 591 0
299 126 142 279 314 443 0
300 13 550 357 471 518 0
301 99 95 141 273 415 481 525 0
302 536 199 202 392 596 0
303 76 461 279 423 457 548 591 598 0
304 336 28 95 348 397 430 560 0
305 346 505 306 150 171 324 521 0
306 305 16 88 315 321 340 493 545 579 580 0
307 382 49 97 220 385 454 550 0
308 18 231 2 147 258 270 521 0
309 58 38 75 189 438 445 0
310 166 415 89 92 104 127 172 226 248 386 403 0
311 557 36 123 236 250 477 583 0
312 241 521 44 73 332 376 428 471 555 0
313 86 423 522 554 559 596 0
314 392 123 299 316 386 486 494 548 0
315 462 115 306 416 467 478 0
316 17 40 43 260 314 576 0
317 72 501 5 424 0
318 131 90 334 387 0
319 599 92 58 376 187 129 136 328 508 550 577 0
320 231 79 91 282 350 401 0
321 560 9 150 161 166 184 281 306 410 0
322 262 249 32 36 101 107 113 469 599 0
323 228 476 116 177 257 594 0
324 469 6 22 139 305 351 0
325 509 124 259 294 438 467 0
326 346 486 588 10 181 214 250 393 502 509 0
327 459 17 125 293 363 595 0
328 368 3 121 8 106 319 330 331 452 459 475 508 570 598 0
329 436 2 114 133 393 432 492 574 0
330 58 595 12 76 328 421 435 558 0
331 353 11 98 195 214 255 262 274 328 592 0
332 276 409 74 312 370 378 395 412 588 0
333 106 98 453 596 0
334 58 318 420 507 0
335 473 58 64 156 256 376 432 466 542 0
336 99 304 272 65 183 185 341 470 0
337 476 208 496 579 0
338 494 53 104 271 0
339 124 272 479 522 0
340 64 112 306 519 0
341 574 355 370 30 220 286 336 387 428 540 581 0
342 359 177 17 484 0
343 162 122 383 445 555 572 0
344 144 98 198 214 260 520 534 0
345 470 115 185 234 376 394 0
346 574 305 326 396 12 22 121 160 553 563 0
347 9 372 155 4 128 177 261 484 532 566 0
348 173 363 263 229 193 65 352 104 589 45 53 60 201 304 478 490 568 0
349 560 563 204 494 258 370 474 576 0
350 557 41 59 142 295 320 498 540 555 570 577 0
351 572 34 50 98 158 238 324 469 536 0
352 348 566 4 72 479 0
353 77 331 88 90 233 0
354 92 506 97 237 369 0
355 341 54 169 392 434 471 598 0
356 537 471 547 600 0
357 285 280 138 158 187 232 300 380 389 436 490 509 0
358 537 194 221 231 269 401 482 533 563 568 0
359 163 342 590 102 291 296 396 443 0
360 363 0
361 219 66 102 108 167 184 506 0
362 171 46 379 474 587 0
363 348 571 570 360 292 31 98 125 253 327 366 0
364 144 148 156 207 258 273 496 515 537 545 0
365 571 0
366 386 8 292 298 363 406 520 539 0
367 571 19 200 242 433 479 0
368 25 328 50 227 469 0
369 61 373 60 202 354 376 576 596 0
370 341 555 60 111 332 349 376 401 436 546 573 577 0
371 582 29 168 298 420 0
372 347 46 141 389 92 265 396 409 474 481 501 578 0
373 369 548 226 424 432 503 524 0
374 197 22 224 261 599 0
375 184 117 141 170 478 550 585 0
376 319 410 112 298 312 335 345 369 370 406 452 464 0
377 135 179 502 503 0
378 511 235 228 332 415 421 424 500 0
379 274 480 22 101 103 255 362 409 448 496 558 561 566 0
380 99 287 518 83 90 106 190 210 226 271 357 452 482 0
381 445 53 28 84 182 215 235 286 425 516 592 0
382 260 307 192 234 415 428 495 582 0
383 112 141 252 343 409 441 0
384 58 27 192 198 206 448 472 540 0
385 235 483 246 42 279 295 307 449 469 535 0
386 99 285 366 46 51 60 310 314 533 0
387 26 580 188 64 77 318 341 409 414 463 0
388 491 52 81 143 188 200 423 526 592 0
389 372 25 120 124 159 357 506 522 0
390 591 125 150 275 474 596 0
391 479 67 523 53 59 448 552 0
392 598 426 10 314 136 194 302 355 513 529 0
393 209 74 105 326 329 599 0
394 118 490 234 345 405 538 545 560 0
395 427 6 19 61 83 176 198 199 204 253 266 332 404 430 0
396 346 37 155 359 372 596 0
397 506 158 241 290 304 519 0
398 171 86 147 225 434 0
399 17 14 204 212 254 283 0
400 512 143 233 249 544 0
401 482 242 19 52 240 255 320 358 370 0
402 263 585 118 0
403 60 482 200 172 100 310 0
404 60 29 259 395 549 0
405 257 4 40 121 239 394 407 432 521 535 550 0
406 590 549 223 265 366 376 458 588 0
407 512 101 594 71 20 184 285 405 586 0
408 435 16 60 84 122 0
409 332 101 143 372 379 383 387 0
410 376 120 142 229 258 280 321 413 440 593 0
411 491 460 428 68 163 252 294 413 454 467 0
412 59 31 33 80 297 332 452 592 0
413 540 18 42 135 173 214 217 410 411 456 475 0
414 67 147 387 0
415 310 32 130 301 378 382 433 539 0
416 212 514 224 29 45 68 132 236 289 315 479 544 0
417 162 276 503 163 598 183 215 464 0
418 503 36 71 132 187 293 421 446 482 0
419 183 126 509 30 567 42 115 161 198 582 592 0
420 442 216 233 251 334 371 515 530 0
421 220 530 12 33 276 330 378 418 0
422 88 201 432 471 493 0
423 493 284 303 313 388 508 0
424 133 107 114 218 317 373 378 593 0
425 25 81 140 159 179 381 447 586 0
426 392 164 187 529 539 542 0
427 194 395 86 485 492 0
428 411 504 145 226 312 341 382 431 536 0
429 440 46 435 524 0
430 599 174 206 304 395 478 0
431 139 293 428 450 451 0
432 160 230 277 278 329 335 373 405 422 0
433 536 89 125 128 241 367 415 503 509 0
434 597 216 355 398 516 600 0
435 260 120 408 140 259 330 429 508 0
436 68 329 67 160 187 234 357 370 462 545 0
437 74 61 221 296 0
438 154 29 203 212 309 325 0
439 565 259 289 528 590 0
440 26 429 145 231 410 0
441 159 169 58 126 208 283 383 481 0
442 122 42 420 81 84 463 0
443 291 485 254 132 113 118 299 359 551 0
444 564 194 233 293 0
445 21 381 11 309 343 477 488 0
446 120 499 286 10 147 230 418 0
447 193 32 105 175 195 246 248 425 505 527 0
448 578 73 153 161 183 240 264 379 384 391 482 0
449 593 157 219 385 451 504 537 0
450 463 562 37 145 431 480 518 591 0
451 39 72 96 431 449 569 0
452 122 30 142 145 242 328 376 380 412 462 542 556 0
453 217 333 464 492 494 511 576 0
454 216 79 218 229 252 307 411 468 0
455 297 157 191 583 0
456 273 293 413 0
457 273 303 0
458 511 8 173 237 260 406 508 0
459 130 327 125 168 207 328 464 529 591 593 0
460 411 28 73 297 590 0
461 303 159 201 522 0
462 180 315 292 436 452 480 495 536 0
463 179 450 278 71 387 442 485 559 0
464 417 176 196 376 453 459 508 0
465 129 82 115 126 230 261 0
466 228 148 53 63 245 294 335 518 535 0
467 204 159 222 251 282 315 325 411 0
468 57 269 16 42 192 223 454 498 0
469 517 324 219 228 322 351 368 385 500 550 595 0
470 236 345 157 169 257 336 512 0
471 570 23 41 150 300 312 355 356 422 512 0
472 11 277 384 0
473 67 335 577 0
474 177 63 269 349 362 372 390 521 529 0
475 129 237 72 288 328 413 552 0
476 323 515 337 122 126 165 188 259 283 502 0
477 138 247 70 202 311 445 0
478 265 2 165 315 348 375 430 516 584 0
479 599 579 135 80 391 11 161 224 227 339 352 367 416 484 563 567 595 0
480 379 487 8 27 42 56 73 109 294 450 462 0
481 239 126 165 236 247 253 301 372 441 0
482 403 401 539 7 86 358 380 418 448 549 556 578 0
483 385 115 223 540 0
484 556 208 155 188 200 286 342 347 479 507 530 554 575 0
485 443 52 122 183 427 463 522 590 0
486 326 37 226 84 314 0
487 480 68 124 272 512 583 0
488 122 216 445 0
489 540 596 86 127 184 508 548 0
490 394 101 185 260 348 357 0
491 291 411 388 11 64 156 0
492 5 559 592 240 329 427 453 510 546 557 0
493 8 423 9 75 306 422 0
494 349 338 13 14 17 43 163 314 453 588 0
495 542 19 50 275 382 462 600 0
496 542 130 27 60 177 218 337 364 379 562 0
497 21 26 98 196 292 0
498 579 109 350 468 0
499 446 224 265 543 0
500 99 15 18 29 54 378 469 507 508 512 586 0
501 317 144 242 372 0
502 46 45 70 97 150 200 228 258 326 377 476 0
503 417 418 233 44 119 124 131 373 377 433 592 0
504 428 28 189 232 257 449 0
505 305 145 591 57 146 202 447 0
506 354 248 397 34 586 361 389 512 0
507 126 30 334 484 500 0
508 260 99 112 319 328 423 435 458 464 489 500 525 583 0
509 419 325 52 193 326 357 433 544 0
510 130 176 492 0
511 52 378 458 119 186 175 192 453 0
512 529 407 543 400 94 207 470 471 487 500 506 0
513 232 564 217 272 392 0
514 416 41 27 69 0
515 476 56 95 364 420 0
516 49 178 288 381 434 478 0
517 531 469 67 93 106 113 119 168 535 0
518 380 159 221 258 260 300 450 466 0
519 257 340 397 0
520 150 2 114 163 168 344 366 0
521 312 305 308 405 474 0
522 119 127 181 202 241 313 339 389 461 485 526 0
523 391 205 241 0
524 97 82 264 373 429 0
525 207 18 178 184 293 301 508 0
526 565 194 388 522 598 0
527 99 79 146 183 275 447 0
528 118 92 96 105 163 244 439 0
529 598 512 165 223 392 426 459 474 0
530 421 14 209 270 420 484 0
531 92 69 583 517 264 569 146 20 84 203 268 546 0
532 119 29 120 347 0
533 168 118 138 358 386 0
534 281 344 0
535 33 70 17 62 96 165 191 385 405 466 517 0
536 177 29 433 83 302 135 176 248 351 428 462 0
537 39 356 358 60 166 215 364 449 0
538 9 220 115 170 394 559 0
539 482 40 366 415 426 588 0
540 26 413 489 31 190 341 350 384 483 0
541 200 61 117 155 221 222 560 565 586 0
542 276 496 495 21 100 197 224 335 426 452 0
543 512 244 499 0
544 176 32 161 165 182 277 400 416 509 557 0
545 179 66 85 100 148 181 306 364 394 436 574 592 0
546 214 5 269 370 492 531 587 0
547 92 62 356 594 0
548 373 38 146 150 275 303 314 489 0
549 406 404 482 0
550 300 150 307 319 375 405 469 0
551 200 443 0
552 135 19 73 153 198 391 475 0
553 276 219 70 72 223 346 0
554 250 183 313 484 570 0
555 370 94 152 312 343 350 0
556 561 484 114 134 177 191 227 452 482 560 0
557 131 56 311 4 350 33 77 171 185 209 492 544 0
558 153 85 167 6 151 223 276 283 330 379 0
559 492 92 218 248 259 313 463 538 592 0
560 599 321 349 13 62 270 139 43 230 304 394 541 556 591 0
561 276 556 7 20 22 167 379 586 0
562 450 74 31 60 67 496 572 0
563 349 593 84 68 189 282 346 358 479 0
564 513 444 147 162 190 596 0
565 89 439 526 100 207 279 541 0
566 352 99 103 221 347 379 587 0
567 419 89 108 130 249 479 0
568 158 21 78 348 358 0
569 531 13 105 181 291 451 581 0
570 363 471 68 142 200 286 328 350 554 0
571 363 298 367 573 365 128 173 295 0
572 115 351 228 238 296 343 562 0
573 571 198 179 370 579 0
574 183 341 346 108 136 2 25 329 545 597 600 0
575 101 225 484 0
576 252 275 316 349 369 453 596 0
577 583 319 350 370 473 0
578 38 448 64 94 115 297 372 482 583 598 0
579 479 202 498 2 57 130 274 306 337 573 590 0
580 387 99 251 306 0
581 76 93 225 64 3 118 149 238 341 569 0
582 183 116 133 371 27 33 210 281 382 419 0
583 531 577 114 122 131 172 273 311 455 487 508 578 0
584 162 168 40 255 478 0
585 402 256 38 143 201 375 0
586 506 85 149 162 407 425 500 541 561 0
587 161 3 30 64 132 227 242 362 546 566 0
588 326 211 44 84 123 152 164 208 332 406 494 539 0
589 348 101 161 268 0
590 359 406 68 37 40 59 183 221 235 439 460 485 579 0
591 505 390 212 298 303 450 459 560 0
592 492 57 58 187 268 280 331 381 388 412 419 503 545 559 0
593 563 449 85 102 199 221 251 297 410 424 459 0
594 407 106 177 323 547 0
595 330 239 59 127 327 469 479 0
596 489 113 120 302 313 333 369 390 396 564 576 0
597 599 214 434 155 165 574 0
598 417 529 17 241 228 392 117 303 328 355 526 578 0
599 319 162 560 479 154 281 597 430 70 322 374 393 0
600 276 136 261 356 434 495 574 0

600  2318
1 120 410 192 194 297 409 448 0
2 88 333 343 374 428 597 0
3 467 28 175 304 386 481 497 0
4 77 61 147 228 247 357 449 0
5 309 42 188 207 255 265 267 320 354 385 394 536 0
6 563 366 197 521 0
7 572 275 49 65 90 122 302 338 382 528 0
8 522 109 395 412 432 584 0
9 163 25 405 404 467 561 0
10 479 61 180 215 241 347 473 474 530 0
11 338 190 321 556 571 116 192 330 453 478 514 0
12 346 32 106 119 182 187 467 537 594 0
13 345 15 107 189 240 311 517 527 0
14 22 429 29 357 147 156 163 0
15 403 77 153 103 13 49 102 250 426 462 486 0
16 193 418 62 590 147 199 282 327 363 369 476 0
17 301 572 119 129 0
18 540 42 53 71 135 227 240 268 278 422 430 0
19 502 597 54 285 312 330 431 495 505 540 557 0
20 397 295 113 171 203 385 510 583 0
21 149 434 583 150 23 37 54 116 141 163 278 333 407 536 0
22 111 14 102 298 423 137 146 183 227 319 389 544 546 579 583 0
23 290 497 21 155 189 288 321 406 0
24 126 159 220 317 391 0
25 9 172 78 31 32 548 0
26 100 451 143 246 276 421 547 0
27 226 29 33 48 186 213 247 293 303 340 433 584 586 0
28 276 379 3 29 138 196 202 382 534 572 0
29 14 27 28 241 433 521 0
30 451 121 210 223 288 383 508 0
31 111 547 25 81 126 185 341 428 503 0
32 408 455 72 346 247 546 12 25 48 342 0
33 566 259 27 214 477 586 0
34 186 78 105 207 275 283 329 446 0
35 589 568 341 367 400 435 469 472 530 597 0
36 190 161 488 430 133 189 257 279 346 380 0
37 441 21 190 275 409 588 0
38 559 233 276 292 465 0
39 346 103 185 228 354 371 510 515 0
40 553 226 79 85 406 589 0
41 91 307 72 168 289 319 404 0
42 127 67 89 5 18 59 77 427 446 503 549 0
43 125 365 64 161 244 390 525 0
44 352 97 291 329 480 519 597 0
45 47 115 143 505 66 88 249 392 430 523 0
46 498 90 0
47 198 368 45 336 358 234 49 149 383 392 480 509 510 0
48 545 179 27 32 304 359 549 560 0
49 522 412 7 15 47 53 362 398 483 545 568 0
50 391 327 86 133 174 390 418 510 539 595 0
51 548 101 393 583 0
52 521 93 86 100 121 124 284 390 498 504 516 592 0
53 233 18 49 96 191 279 303 386 0
54 558 19 21 92 318 353 462 468 596 0
55 148 71 402 561 0
56 386 82 277 381 481 521 0
57 515 109 140 187 260 381 398 481 0
58 409 123 193 255 272 371 440 457 0
59 360 42 477 500 551 0
60 548 63 279 359 415 474 0
61 97 109 4 10 244 0
62 16 263 326 140 580 0
63 591 318 187 320 155 60 83 204 465 466 584 0
64 548 319 43 68 74 157 244 0
65 478 7 71 120 201 243 272 334 340 355 361 408 449 501 529 565 0
66 485 493 207 45 74 83 94 270 277 0
67 42 82 184 192 214 362 496 562 0
68 509 562 64 161 181 353 477 561 0
69 548 341 561 82 207 269 316 344 403 423 455 504 0
70 441 156 261 401 0
71 469 18 55 65 233 289 338 451 464 504 0
72 32 41 163 269 422 428 543 0
73 223 121 294 466 0
74 80 553 64 66 105 151 506 0
75 97 340 265 401 0
76 135 323 196 214 456 461 486 0
77 15 495 4 42 94 178 206 212 262 295 327 508 532 574 0
78 25 34 104 189 267 293 365 411 422 576 0
79 434 40 108 444 458 0
80 129 74 101 469 82 242 317 386 0
81 258 31 279 334 379 424 525 0
82 102 472 56 67 69 80 140 482 0
83 180 63 66 84 317 492 528 585 586 0
84 436 83 215 245 255 313 350 433 0
85 113 40 92 162 166 265 395 433 497 576 593 0
86 223 533 50 52 191 363 488 0
87 348 92 133 155 357 429 554 0
88 336 411 2 45 104 253 294 359 0
89 42 104 340 354 374 427 481 0
90 207 7 46 169 230 279 556 0
91 195 41 105 147 165 299 324 578 581 0
92 460 491 473 54 85 87 216 223 293 356 507 564 0
93 52 530 149 275 0
94 319 363 66 77 216 230 239 256 518 0
95 338 227 328 304 221 250 317 378 510 515 0
96 259 53 108 300 344 423 0
97 169 75 532 61 44 228 264 270 309 412 546 0
98 451 274 296 546 0
99 214 113 216 384 396 0
100 502 26 441 256 52 129 287 324 347 424 0
101 80 51 334 572 575 0
102 22 82 15 136 170 180 234 340 343 363 450 0
103 15 394 39 221 0
104 119 78 88 89 214 361 595 0
105 408 152 34 74 91 179 229 0
106 298 274 12 121 127 243 308 433 0
107 588 13 118 193 267 444 517 0
108 546 79 96 326 346 365 437 446 0
109 61 8 57 115 132 338 0
110 467 166 351 124 168 176 350 476 521 0
111 338 22 522 517 492 31 232 270 326 337 468 0
112 548 352 585 158 166 177 337 397 0
113 316 85 20 99 167 415 467 0
114 252 489 247 306 392 488 490 547 0
115 45 302 109 187 207 270 412 475 0
116 518 11 21 230 314 403 440 496 548 551 577 0
117 498 314 507 0
118 533 107 354 447 468 0
119 345 104 334 218 12 17 129 276 284 350 369 485 548 595 0
120 192 1 563 139 65 168 513 551 582 0
121 142 160 30 52 73 106 439 526 0
122 370 565 534 7 127 431 575 0
123 490 250 58 167 179 238 306 331 356 436 473 0
124 463 223 305 52 110 196 211 505 507 0
125 329 43 280 281 324 414 415 517 0
126 579 331 400 24 377 31 239 540 553 597 0
127 149 42 229 106 122 233 560 0
128 350 478 0
129 575 80 180 506 17 100 119 201 539 0
130 386 315 174 228 249 330 389 501 548 599 0
131 178 437 238 159 272 0
132 412 136 109 257 313 390 544 562 0
133 467 36 50 87 191 207 214 575 0
134 462 288 402 524 0
135 200 407 76 18 357 368 547 548 0
136 132 102 425 0
137 318 22 251 447 0
138 214 28 150 175 268 367 482 530 0
139 120 446 166 212 266 337 367 0
140 62 57 82 259 278 454 534 537 563 0
141 182 531 21 373 407 487 0
142 200 301 198 463 460 121 308 520 443 459 474 565 0
143 45 26 234 341 385 590 0
144 599 235 146 157 182 188 236 375 437 499 0
145 325 335 417 233 434 522 0
146 517 22 144 261 544 0
147 16 4 14 91 202 213 227 259 513 0
148 323 55 186 322 374 432 522 568 0
149 321 127 570 21 204 199 383 47 93 158 162 348 381 432 482 0
150 21 138 151 187 281 458 543 557 595 597 0
151 152 74 150 158 295 540 542 580 0
152 105 151 265 272 308 338 365 400 479 488 513 0
153 15 195 257 319 324 368 473 517 0
154 464 251 463 586 0
155 63 23 87 355 371 427 0
156 328 14 70 249 492 0
157 198 213 64 144 367 381 397 492 497 0
158 444 112 149 151 229 304 425 0
159 345 582 527 24 131 169 264 279 303 309 328 443 451 479 0
160 121 259 425 451 480 0
161 36 288 43 68 205 274 530 0
162 170 85 149 0
163 354 525 233 9 291 459 402 14 21 72 222 227 586 0
164 301 462 502 0
165 249 388 91 292 343 550 0
166 110 438 85 112 139 369 564 0
167 502 560 113 123 293 530 558 0
168 591 41 110 120 386 0
169 200 97 453 347 90 159 173 249 373 473 513 0
170 209 240 162 102 180 189 221 426 454 515 0
171 510 20 455 0
172 25 569 0
173 537 513 169 215 0
174 455 50 130 241 282 434 471 557 569 0
175 245 285 3 138 325 353 455 545 0
176 283 110 273 297 301 340 358 438 461 0
177 252 112 234 260 504 0
178 314 131 77 241 353 430 520 0
179 48 105 123 233 371 0
180 129 524 83 269 191 10 102 170 299 420 451 487 0
181 326 68 296 324 474 511 534 548 0
182 344 141 419 12 144 245 341 586 0
183 184 22 219 300 597 0
184 517 278 458 183 67 220 255 291 405 514 0
185 380 31 39 369 382 574 0
186 515 34 385 27 148 232 262 293 354 435 0
187 63 205 12 57 115 150 379 492 0
188 501 486 5 144 196 317 525 0
189 233 13 23 36 78 170 206 396 471 574 0
190 11 591 286 386 36 483 37 212 348 429 478 503 546 586 596 597 0
191 180 53 86 133 218 259 395 503 512 521 542 0
192 566 599 120 431 1 11 67 370 534 540 0
193 413 16 401 311 58 107 240 282 346 353 360 394 471 0
194 346 543 1 353 512 533 536 0
195 386 91 425 271 153 341 435 0
196 328 28 76 124 188 460 462 0
197 591 297 289 6 226 309 441 464 478 0
198 142 47 575 589 157 0
199 149 16 246 252 455 0
200 408 548 142 325 169 135 383 423 436 502 0
201 587 65 129 229 268 291 383 449 514 539 0
202 460 28 147 317 357 405 444 483 0
203 503 20 339 388 570 0
204 149 63 279 501 568 0
205 187 161 481 502 508 0
206 569 77 189 304 309 360 373 0
207 66 90 5 34 69 115 133 296 388 456 0
208 376 276 459 482 553 0
209 386 211 170 439 246 448 411 461 542 595 0
210 301 551 30 229 285 387 412 479 537 560 0
211 209 586 124 429 488 548 0
212 570 77 139 190 245 335 500 552 0
213 157 270 27 147 227 356 469 589 0
214 498 138 99 33 67 76 104 133 218 368 530 0
215 566 266 10 84 173 292 310 359 0
216 426 92 94 99 279 293 460 0
217 564 386 490 0
218 119 191 214 448 496 0
219 375 576 183 292 338 459 496 0
220 325 24 184 248 270 405 424 465 553 0
221 289 95 103 170 260 0
222 502 163 297 300 466 486 0
223 124 86 73 30 92 254 458 0
224 228 348 332 432 476 499 0
225 313 243 284 306 391 439 0
226 40 536 27 197 247 261 393 514 0
227 95 329 18 22 147 163 213 232 300 416 451 548 0
228 358 224 392 4 39 97 130 237 251 309 330 385 506 517 546 0
229 127 105 158 201 210 300 573 0
230 456 90 94 116 328 518 0
231 526 270 292 309 477 0
232 579 111 186 227 296 365 0
233 163 189 53 362 38 71 127 145 179 361 363 571 576 0
234 47 102 143 177 246 306 340 343 445 544 0
235 144 400 480 498 0
236 509 144 0
237 250 228 402 472 494 0
238 131 123 246 294 397 480 563 0
239 455 94 126 408 449 479 0
240 170 13 18 193 361 411 518 580 0
241 433 10 29 174 178 325 0
242 376 80 264 337 339 358 404 445 484 0
243 390 65 106 225 327 453 515 545 560 0
244 474 43 61 64 358 0
245 249 594 324 175 84 182 212 554 560 0
246 209 26 199 234 238 519 0
247 32 584 4 27 114 226 266 336 0
248 445 220 267 299 334 339 379 423 0
249 482 165 245 465 45 130 156 169 271 280 320 363 420 590 0
250 123 237 15 95 293 359 362 415 0
251 467 137 154 228 359 385 0
252 262 177 114 199 496 510 559 0
253 491 349 88 391 476 540 0
254 338 223 329 362 365 442 465 479 491 498 541 0
255 325 5 58 84 184 294 295 379 405 439 451 0
256 100 94 381 430 478 0
257 565 36 132 153 278 301 399 403 0
258 577 81 587 0
259 33 427 96 140 147 160 191 534 592 0
260 461 57 177 221 342 0
261 588 70 146 226 396 586 0
262 267 354 252 77 186 403 0
263 62 487 371 416 426 466 0
264 454 97 159 242 0
265 368 5 75 85 152 292 326 468 507 597 0
266 215 139 247 414 560 0
267 325 262 375 330 5 78 107 248 521 568 583 0
268 504 18 138 201 429 433 448 0
269 180 69 72 299 325 0
270 213 66 97 111 115 220 231 444 0
271 195 249 290 314 390 468 529 580 0
272 406 58 65 131 152 356 518 0
273 563 176 274 323 447 456 0
274 106 98 161 273 298 402 592 0
275 7 34 37 93 292 356 372 399 504 557 0
276 460 333 457 28 26 38 119 208 335 0
277 595 56 66 348 0
278 184 18 21 140 257 397 0
279 464 507 36 53 60 81 90 159 204 216 281 289 327 418 513 569 0
280 125 249 491 552 556 0
281 309 125 150 279 385 498 0
282 450 16 174 193 375 515 557 0
283 328 496 176 34 470 502 511 0
284 347 52 119 225 411 438 515 518 588 0
285 175 294 19 210 544 0
286 190 529 432 0
287 494 100 302 517 548 599 0
288 161 23 30 134 323 380 456 0
289 197 221 41 71 279 315 354 362 432 0
290 545 23 271 300 408 411 521 585 600 0
291 163 44 184 201 308 346 0
292 522 38 165 215 219 231 265 275 348 428 504 579 0
293 482 27 78 92 167 186 216 250 458 467 514 0
294 285 73 88 238 255 299 388 411 421 468 556 582 0
295 20 500 77 151 255 376 425 457 480 488 0
296 305 428 98 181 207 232 391 451 525 0
297 197 1 176 222 359 454 0
298 22 106 557 274 483 490 562 573 0
299 303 91 180 248 269 294 420 0
300 305 96 183 222 227 229 290 309 355 501 567 0
301 142 210 566 17 164 176 257 304 308 489 527 529 583 0
302 115 7 287 559 570 0
303 424 393 299 27 53 159 315 345 541 0
304 95 442 3 48 158 206 301 351 550 0
305 124 595 600 391 300 296 355 377 442 458 537 565 0
306 518 114 123 225 234 427 490 524 0
307 41 312 340 418 425 0
308 142 552 106 152 291 301 0
309 378 444 555 5 420 281 97 159 197 206 228 231 300 368 393 598 0
310 406 215 349 452 467 578 0
311 193 13 347 516 593 0
312 481 474 19 307 379 450 0
313 355 539 225 494 84 132 438 0
314 595 178 116 117 271 376 482 535 0
315 130 289 303 386 405 406 452 513 0
316 425 113 69 323 333 527 0
317 494 24 80 83 95 188 202 499 0
318 63 381 137 54 328 369 568 0
319 64 94 424 22 41 153 0
320 63 414 5 249 337 384 483 546 0
321 11 149 484 598 567 23 322 499 566 0
322 427 148 321 506 534 0
323 76 148 273 288 316 398 517 0
324 245 91 100 125 153 181 326 480 567 0
325 200 464 502 475 452 267 145 220 255 175 241 269 368 451 0
326 62 181 108 111 265 324 0
327 50 16 77 243 279 330 362 447 502 0
328 95 283 196 156 159 230 318 405 0
329 227 125 421 34 44 254 383 447 455 585 0
330 267 11 19 130 228 327 339 341 367 373 438 470 574 0
331 126 573 123 340 413 528 529 0
332 530 224 371 486 574 591 0
333 276 415 2 21 316 413 546 596 598 0
334 119 65 81 101 248 418 546 0
335 145 212 276 0
336 47 445 88 247 390 434 504 523 0
337 506 111 112 139 242 320 467 493 573 576 0
338 408 11 95 111 450 515 406 521 254 559 7 71 109 152 219 457 527 530 591 0
339 406 345 203 242 248 330 386 518 519 520 0
340 75 27 65 89 102 176 234 307 331 470 0
341 69 403 31 35 143 182 195 330 463 593 0
342 520 32 260 563 589 0
343 511 2 102 165 234 407 0
344 490 182 569 69 96 386 600 0
345 339 119 159 587 13 303 0
346 32 39 194 12 36 108 193 291 450 0
347 169 284 554 10 100 311 449 599 0
348 224 87 149 190 277 292 463 592 0
349 253 310 421 555 0
350 548 128 84 110 119 441 0
351 110 304 442 530 0
352 112 44 473 594 0
353 512 54 68 175 178 193 194 564 0
354 262 163 5 39 89 118 186 289 589 0
355 579 313 65 155 300 305 464 508 524 0
356 464 92 123 213 272 275 369 395 443 582 0
357 14 4 87 135 202 494 534 0
358 47 228 176 242 244 525 0
359 588 48 60 88 215 250 251 297 422 435 447 0
360 467 59 193 206 427 447 500 0
361 525 65 104 233 240 447 528 538 595 0
362 233 49 67 250 254 289 327 437 556 0
363 94 387 16 86 102 233 249 582 0
364 382 509 0
365 43 78 108 152 232 254 445 0
366 6 382 0
367 599 35 138 139 157 330 470 530 0
368 47 409 265 135 153 214 309 325 507 532 578 0
369 548 16 119 166 185 318 356 437 479 501 515 0
370 492 122 192 378 481 0
371 433 470 39 58 155 179 263 332 518 582 0
372 383 275 479 0
373 450 141 169 206 330 401 572 592 600 0
374 464 2 89 148 0
375 267 219 511 144 282 0
376 378 208 242 295 314 516 0
377 126 305 412 466 0
378 504 309 384 376 95 370 448 0
379 28 81 187 248 255 312 398 409 460 528 0
380 390 185 36 288 446 452 535 595 0
381 318 56 57 149 157 256 410 423 0
382 518 364 7 28 185 366 0
383 149 372 30 47 200 201 329 0
384 378 436 99 320 408 582 0
385 186 5 20 143 228 251 281 476 514 521 556 0
386 190 195 209 130 56 3 53 80 168 217 315 339 344 508 561 587 0
387 363 210 402 465 0
388 165 203 207 294 0
389 435 22 130 438 462 479 480 0
390 481 510 380 243 43 50 52 132 271 336 398 429 0
391 305 50 24 225 253 296 487 500 0
392 228 45 47 114 478 506 0
393 303 51 226 309 0
394 103 5 193 421 445 494 0
395 521 8 85 191 356 407 492 574 0
396 447 99 189 261 471 600 0
397 452 20 574 112 157 238 278 530 0
398 416 49 57 323 379 390 432 0
399 591 426 422 580 514 257 275 472 0
400 126 35 152 235 0
401 193 70 75 373 514 0
402 163 55 134 237 274 387 431 465 576 0
403 341 15 69 116 257 262 550 0
404 9 41 242 441 554 558 593 0
405 9 184 202 220 255 315 328 508 588 0
406 338 339 310 272 542 23 40 315 449 0
407 135 528 578 550 21 141 343 395 556 564 0
408 200 338 433 32 105 65 239 290 384 437 0
409 368 540 58 1 37 379 427 0
410 1 381 454 456 496 550 0
411 88 78 209 240 284 290 294 0
412 49 132 8 97 115 210 377 568 576 0
413 463 193 485 331 333 0
414 320 125 266 470 525 569 0
415 333 60 113 125 250 420 493 543 0
416 593 398 227 263 423 425 519 0
417 145 453 0
418 16 596 50 279 307 334 429 563 0
419 182 0
420 309 180 249 299 415 584 587 0
421 329 26 294 349 394 463 573 0
422 399 18 72 78 359 0
423 22 69 96 200 248 381 416 469 533 0
424 319 303 81 100 220 477 555 0
425 195 316 545 136 158 160 295 307 416 427 476 547 0
426 399 440 216 15 170 263 468 469 513 596 0
427 259 322 42 89 155 306 360 409 425 436 446 451 487 0
428 296 2 31 72 292 536 546 600 0
429 14 87 190 211 268 390 418 431 441 595 0
430 36 18 45 178 256 558 0
431 192 19 122 402 429 489 0
432 454 8 148 149 224 286 289 398 461 0
433 408 371 241 27 29 84 85 106 268 578 0
434 21 593 79 145 174 336 437 477 482 493 529 552 0
435 549 389 35 186 195 359 479 513 587 0
436 384 84 123 200 427 566 0
437 131 108 144 362 369 408 434 600 0
438 166 176 284 313 330 389 471 0
439 209 519 121 225 255 494 495 0
440 426 58 116 573 0
441 100 70 37 197 350 404 429 482 497 517 0
442 304 523 254 305 351 454 545 0
443 548 508 541 142 159 356 550 555 0
444 309 158 79 107 202 270 509 0
445 336 248 234 242 365 394 0
446 139 34 42 108 380 427 0
447 566 396 118 137 273 327 329 359 360 361 526 0
448 209 1 218 268 378 470 516 0
449 502 4 65 201 239 347 406 548 590 0
450 338 518 481 282 373 102 312 346 502 0
451 26 98 30 71 159 160 180 227 255 296 325 427 504 573 0
452 325 397 310 315 380 540 0
453 169 558 11 243 417 597 0
454 518 476 264 432 140 170 297 410 442 510 527 0
455 32 174 239 69 171 175 199 329 474 570 0
456 587 230 76 207 273 288 410 535 0
457 276 58 295 338 0
458 184 79 150 223 293 305 531 0
459 163 142 208 219 0
460 142 276 467 92 202 196 216 379 0
461 463 260 76 176 209 432 515 537 541 544 0
462 164 134 15 54 196 389 520 0
463 142 124 461 413 154 341 348 421 0
464 325 279 356 374 154 71 197 355 0
465 249 38 63 220 254 387 402 0
466 556 63 73 222 263 377 475 582 0
467 460 526 133 110 360 251 3 9 12 113 293 310 337 551 0
468 596 54 111 118 265 271 294 426 0
469 80 71 35 213 423 426 561 0
470 371 283 330 340 367 414 448 506 0
471 587 174 189 193 396 438 556 0
472 82 35 237 399 0
473 92 10 123 153 169 352 529 531 596 0
474 312 244 10 60 142 181 455 481 547 558 0
475 325 509 115 466 518 0
476 454 16 110 224 253 385 425 527 573 0
477 540 33 59 68 231 424 434 513 598 0
478 528 65 11 128 190 197 256 392 0
479 502 10 152 159 210 239 254 369 372 389 435 0
480 599 44 47 160 235 238 295 324 389 492 594 0
481 450 390 312 3 56 57 89 205 370 474 0
482 579 293 249 577 82 138 149 208 314 434 441 589 599 0
483 190 49 202 298 320 0
484 321 549 242 501 553 0
485 413 66 119 524 533 0
486 188 15 76 222 332 0
487 263 141 180 391 427 585 0
488 36 86 114 152 211 295 491 0
489 114 301 431 491 553 0
490 518 344 123 544 114 217 298 306 509 530 0
491 92 253 254 280 488 489 550 586 0
492 111 370 83 156 157 187 395 480 587 0
493 66 337 415 434 0
494 313 287 317 237 357 394 439 500 0
495 77 19 439 580 0
496 283 67 116 218 219 252 410 0
497 23 3 85 157 441 498 552 0
498 548 214 46 117 52 235 254 281 497 521 0
499 548 144 224 317 321 577 0
500 295 59 212 360 391 494 588 0
501 590 188 65 130 204 300 369 484 515 0
502 325 579 167 100 19 479 222 449 164 200 205 283 327 450 0
503 590 203 31 42 190 191 550 0
504 591 378 268 52 69 71 177 275 292 336 451 549 559 575 0
505 45 19 124 585 0
506 129 337 74 228 322 392 470 0
507 279 92 117 124 265 368 525 543 592 0
508 443 30 77 205 355 386 405 510 574 0
509 475 236 68 47 364 444 490 541 0
510 390 171 20 39 47 50 95 252 454 508 0
511 375 343 181 283 547 571 0
512 566 353 191 194 560 569 0
513 173 120 147 152 169 279 315 426 435 477 555 0
514 399 11 184 201 226 293 385 401 565 0
515 338 186 564 57 39 95 170 243 282 284 369 461 501 0
516 576 52 311 376 448 0
517 111 184 146 13 107 125 153 228 287 323 441 0
518 450 490 454 116 382 306 581 94 230 240 272 284 339 371 475 0
519 439 44 246 339 416 595 0
520 142 342 178 339 462 0
521 338 395 52 538 6 29 56 110 191 267 290 385 498 533 0
522 111 49 292 8 145 148 0
523 442 45 336 594 0
524 180 134 306 355 485 548 594 0
525 163 361 43 81 188 296 358 414 507 534 552 0
526 467 231 121 447 547 584 0
527 159 13 301 316 338 454 476 551 0
528 407 478 7 83 331 361 379 0
529 286 65 271 301 331 434 473 561 0
530 93 332 10 35 138 161 167 214 338 351 367 397 490 544 0
531 141 458 473 539 0
532 97 77 368 546 0
533 86 118 194 423 485 521 0
534 122 28 140 181 192 259 322 357 525 589 0
535 593 314 380 456 0
536 226 5 21 194 428 0
537 585 173 12 140 210 305 461 0
538 521 361 0
539 313 50 129 201 531 574 0
540 409 477 18 19 126 151 192 253 452 0
541 443 254 303 461 509 0
542 406 151 191 209 0
543 194 72 150 415 507 561 0
544 490 22 132 146 234 285 461 530 0
545 425 290 48 49 175 243 442 0
546 32 108 22 97 98 190 228 320 333 334 428 532 578 0
547 31 26 114 135 425 474 511 526 0
548 200 112 69 64 51 350 498 369 443 60 588 499 592 25 116 119 130 135 181 211 227 287 449 524 0
549 484 435 42 48 504 0
550 407 165 304 403 410 443 491 503 0
551 210 59 116 120 467 527 0
552 308 212 280 434 497 525 0
553 74 40 126 208 220 484 489 0
554 347 87 245 404 0
555 309 349 424 443 513 0
556 11 466 90 280 294 362 385 407 471 559 0
557 298 19 150 174 275 282 0
558 453 54 167 404 430 474 0
559 338 38 252 302 504 556 591 0
560 167 48 127 210 243 245 266 512 571 0
561 69 9 55 68 386 469 529 543 600 0
562 68 67 132 298 576 0
563 120 6 273 140 238 342 418 0
564 515 217 92 166 353 407 0
565 122 257 65 142 305 514 0
566 301 33 192 215 512 447 321 436 594 0
567 321 300 324 0
568 35 49 148 204 267 318 412 0
569 344 206 172 174 279 414 512 593 0
570 149 212 203 302 455 592 0
571 11 233 511 560 0
572 17 7 28 101 373 0
573 331 229 298 337 421 440 451 476 582 0
574 397 77 185 189 330 332 395 508 539 0
575 198 129 101 122 133 504 0
576 219 516 78 85 233 337 402 412 562 0
577 482 258 116 499 596 0
578 407 91 310 368 433 546 0
579 502 482 355 126 232 22 292 0
580 399 62 151 240 271 495 0
581 518 91 584 0
582 159 120 294 356 363 371 384 466 573 0
583 21 20 22 51 267 301 0
584 247 8 27 63 420 526 581 0
585 112 537 83 290 329 487 505 588 597 0
586 211 27 33 83 154 163 182 190 261 491 0
587 345 471 456 201 258 386 420 435 492 0
588 548 107 261 359 37 284 405 500 585 597 0
589 198 35 40 213 342 354 482 534 0
590 16 503 501 143 249 449 0
591 190 197 504 63 399 168 332 338 559 0
592 548 52 259 274 348 373 507 570 0
593 434 535 416 85 311 341 404 569 0
594 245 12 352 480 523 524 566 0
595 305 314 277 50 104 119 150 209 361 380 429 519 0
596 418 468 54 190 333 426 473 577 0
597 19 2 35 44 126 150 183 190 265 453 585 588 0
598 321 309 333 477 0
599 192 480 367 144 130 287 347 482 0
600 305 290 344 373 396 428 437 561 0

