600  1450
1 544 131 405 497 540 0
2 342 58 0
3 211 122 139 351 437 0
4 535 547 84 122 0
5 377 199 284 355 371 0
6 288 70 411 473 0
7 340 220 445 0
8 510 376 516 486 9 0
9 569 8 338 0
10 472 165 549 562 0
11 561 426 0
12 95 16 27 138 149 162 442 0
13 318 81 251 76 107 265 0
14 120 42 91 162 253 566 0
15 274 20 339 146 0
16 222 595 118 12 136 234 451 527 0
17 92 480 418 559 0
18 114 368 0
19 277 435 0
20 15 515 440 520 0
21 193 91 129 405 0
22 367 328 342 455 0
23 69 217 78 166 423 0
24 256 32 46 463 0
25 70 399 351 484 593 0
26 149 304 72 463 0
27 331 12 99 148 157 0
28 592 120 475 0
29 412 0
30 158 350 111 339 396 539 0
31 109 209 150 39 446 0
32 261 266 543 326 24 112 258 402 0
33 148 393 456 497 193 590 462 110 201 270 454 0
34 190 130 207 468 0
35 190 269 293 479 555 55 431 481 0
36 174 114 179 224 534 0
37 348 137 543 0
38 65 39 166 227 0
39 594 31 38 162 313 342 0
40 293 123 270 0
41 438 364 449 520 581 0
42 212 599 264 496 398 14 100 205 237 350 365 472 480 493 0
43 233 576 175 257 429 0
44 194 250 49 0
45 288 351 368 417 0
46 183 24 391 491 593 0
47 114 577 145 448 456 592 0
48 566 218 309 493 585 0
49 243 585 324 569 44 0
50 89 513 0
51 118 229 345 418 0
52 130 505 404 74 236 297 478 0
53 341 419 490 498 0
54 560 112 249 284 450 465 357 371 0
55 518 35 263 307 371 431 0
56 98 177 469 86 0
57 103 239 0
58 244 2 181 0
59 564 411 493 590 0
60 256 98 318 78 313 453 567 591 0
61 205 533 154 299 341 501 0
62 284 531 0
63 597 162 285 301 406 0
64 509 76 161 268 365 0
65 376 38 505 0
66 241 156 509 0
67 502 283 300 0
68 581 149 413 0
69 513 23 194 200 460 0
70 261 357 25 437 119 72 6 259 264 360 0
71 282 0
72 70 93 26 151 253 279 514 0
73 184 91 249 543 0
74 407 52 233 260 320 512 0
75 371 388 461 0
76 13 64 83 113 133 270 351 570 0
77 247 388 600 0
78 492 477 23 60 234 288 341 345 0
79 316 559 0
80 243 372 0
81 13 136 144 176 254 402 485 503 0
82 212 343 345 0
83 110 539 76 327 342 515 0
84 201 4 193 466 0
85 316 441 331 345 577 0
86 567 56 115 138 565 0
87 274 115 155 402 0
88 327 358 191 427 461 472 531 0
89 112 510 411 50 291 348 442 564 0
90 447 295 210 290 466 484 560 0
91 21 14 73 135 182 319 391 0
92 560 231 348 17 0
93 72 252 0
94 570 218 464 243 214 292 313 366 373 400 442 0
95 280 12 243 472 0
96 235 224 0
97 110 348 416 417 449 0
98 60 56 417 579 0
99 306 27 176 248 512 528 0
100 192 42 126 464 0
101 412 299 455 576 0
102 194 356 330 347 373 492 563 0
103 176 320 426 57 128 251 0
104 485 476 543 0
105 295 124 472 0
106 438 579 344 0
107 13 215 515 0
108 202 219 331 357 0
109 329 31 168 387 580 0
110 362 97 83 33 116 121 500 564 0
111 112 30 132 241 0
112 54 89 181 233 397 561 337 111 32 326 568 0
113 301 76 350 369 371 0
114 200 597 47 18 36 202 410 0
115 87 201 175 359 228 86 498 0
116 133 110 149 199 370 0
117 402 134 199 451 0
118 16 51 391 0
119 70 140 215 218 408 0
120 327 14 514 383 418 28 218 427 0
121 586 220 110 196 373 0
122 524 558 3 4 167 424 0
123 40 405 0
124 592 105 150 261 323 0
125 366 390 457 570 0
126 362 537 100 416 0
127 592 213 356 367 388 415 431 0
128 103 262 263 527 545 0
129 573 21 0
130 345 52 34 153 0
131 455 1 344 0
132 536 482 111 493 0
133 544 116 76 212 0
134 117 249 335 428 0
135 185 91 496 0
136 574 468 16 81 540 0
137 37 175 271 291 0
138 183 12 86 171 181 0
139 176 3 202 412 589 0
140 119 332 474 0
141 581 0
142 169 236 394 0
143 561 257 271 597 0
144 351 167 81 271 446 477 0
145 464 294 583 47 582 585 0
146 466 461 15 196 416 437 598 0
147 155 291 0
148 472 261 222 592 33 27 171 0
149 348 26 12 68 116 330 0
150 31 124 325 335 394 531 0
151 204 72 267 357 589 0
152 361 309 306 0
153 558 130 0
154 61 237 429 564 0
155 468 147 87 0
156 66 325 336 460 550 0
157 210 27 243 0
158 366 471 30 347 357 365 423 483 0
159 301 433 0
160 225 359 474 486 0
161 419 442 64 496 0
162 63 12 14 39 237 524 546 0
163 341 205 0
164 545 219 192 235 170 298 0
165 298 296 10 271 0
166 570 273 23 38 226 318 398 404 0
167 144 122 193 244 507 0
168 412 109 174 208 279 375 384 420 0
169 219 553 142 538 259 296 372 540 0
170 257 164 202 314 0
171 392 588 138 148 316 0
172 450 206 318 512 564 0
173 175 316 412 498 586 0
174 514 36 168 185 513 0
175 115 536 173 43 137 219 0
176 585 103 139 81 99 285 0
177 56 349 341 252 557 228 473 0
178 366 267 229 338 0
179 474 36 340 356 0
180 447 419 499 0
181 112 361 58 138 0
182 478 91 206 222 340 460 555 0
183 362 289 256 560 46 138 208 0
184 377 481 73 332 379 457 568 583 0
185 481 135 174 196 0
186 491 368 269 0
187 427 366 597 0
188 464 246 451 0
189 419 225 262 0
190 362 282 35 34 511 0
191 478 575 305 88 239 304 484 523 526 0
192 164 200 100 327 345 0
193 33 21 323 84 167 234 280 538 0
194 592 44 102 499 69 320 480 591 0
195 277 280 301 422 0
196 535 422 121 146 185 283 435 0
197 214 237 201 0
198 243 201 274 523 0
199 218 467 5 116 117 266 294 344 515 0
200 192 114 271 240 69 345 359 0
201 115 84 33 197 198 302 364 372 0
202 357 420 108 114 139 170 372 511 0
203 485 434 356 474 0
204 415 151 0
205 452 61 310 432 42 163 265 303 0
206 595 172 182 223 462 0
207 255 34 335 0
208 267 276 168 183 0
209 31 374 0
210 509 157 90 246 0
211 218 3 348 416 0
212 357 42 489 446 82 133 291 0
213 257 460 127 344 358 372 408 0
214 94 197 501 0
215 586 572 107 119 554 0
216 580 232 0
217 23 248 272 433 0
218 94 199 211 48 119 120 479 0
219 164 169 328 108 175 329 0
220 121 7 377 0
221 440 508 389 445 570 0
222 148 16 423 445 182 371 513 0
223 466 206 275 0
224 494 277 36 96 324 0
225 189 160 390 556 377 550 0
226 253 166 449 0
227 470 473 38 0
228 115 177 256 300 370 0
229 373 51 178 567 0
230 255 323 519 583 0
231 92 360 242 410 310 371 411 430 0
232 512 216 437 0
233 112 520 43 280 382 74 556 563 0
234 574 448 490 16 78 193 322 449 0
235 164 96 409 533 0
236 297 542 52 142 594 0
237 197 559 42 154 162 547 0
238 339 443 0
239 380 57 191 276 328 0
240 200 378 338 0
241 298 66 334 111 0
242 231 380 476 0
243 94 49 373 80 198 95 157 520 558 0
244 513 444 253 416 58 167 268 314 438 0
245 580 291 337 0
246 331 188 210 370 600 0
247 316 535 540 77 447 556 0
248 371 287 99 217 0
249 54 415 73 134 351 0
250 44 425 0
251 13 303 336 522 103 261 512 0
252 177 93 0
253 244 226 14 72 310 574 0
254 476 81 333 352 393 0
255 478 407 230 207 431 0
256 183 60 438 24 290 228 396 447 0
257 274 213 170 43 143 572 0
258 341 292 32 0
259 533 70 169 413 0
260 348 308 74 354 0
261 148 494 32 493 369 70 544 124 251 391 0
262 189 128 280 296 334 392 424 576 0
263 521 55 128 550 0
264 42 283 401 70 519 545 0
265 13 205 457 462 0
266 32 199 460 486 0
267 178 208 151 339 459 489 0
268 466 64 244 342 0
269 35 186 436 497 0
270 407 33 40 76 0
271 200 137 143 144 165 300 0
272 349 217 529 0
273 166 291 309 453 0
274 289 87 436 257 15 594 198 0
275 543 223 578 0
276 208 239 0
277 224 485 195 414 19 473 528 0
278 366 419 574 437 0
279 436 408 552 554 72 168 458 0
280 233 95 476 193 195 262 0
281 388 0
282 190 71 330 0
283 264 67 196 0
284 54 62 5 553 0
285 587 63 176 0
286 392 0
287 248 0
288 340 6 45 78 586 0
289 183 274 478 396 452 0
290 256 346 90 308 483 546 0
291 273 89 137 147 212 245 425 538 0
292 258 94 337 429 0
293 35 302 40 507 560 0
294 145 565 297 370 299 199 448 0
295 90 105 466 0
296 165 169 262 473 0
297 294 340 236 52 499 0
298 494 241 165 551 391 164 329 367 0
299 294 307 61 101 373 525 0
300 360 67 228 271 399 410 417 474 0
301 519 113 159 63 195 310 378 500 569 585 0
302 293 201 339 370 377 0
303 251 205 376 0
304 26 191 341 0
305 191 335 0
306 309 99 152 480 0
307 299 55 331 489 565 0
308 260 290 0
309 152 306 48 273 318 0
310 205 231 253 301 350 388 432 0
311 500 0
312 453 498 387 478 485 0
313 422 39 60 94 406 520 0
314 370 170 244 334 384 515 0
315 583 384 0
316 362 472 79 85 247 171 173 488 0
317 557 532 405 543 0
318 60 13 581 166 172 309 505 0
319 474 354 454 343 91 470 0
320 103 74 194 424 493 0
321 351 504 0
322 448 530 234 367 0
323 193 124 230 385 574 0
324 49 531 224 514 0
325 526 150 156 0
326 32 112 475 0
327 592 120 88 83 192 457 529 0
328 219 22 239 0
329 369 109 219 298 0
330 282 102 149 429 479 494 510 0
331 85 246 27 108 307 449 0
332 140 184 0
333 337 254 464 0
334 241 262 314 386 507 528 0
335 479 355 134 150 207 305 492 0
336 251 156 0
337 112 333 429 245 292 343 445 494 556 561 0
338 386 9 178 240 487 535 0
339 15 238 30 267 302 387 407 0
340 297 288 7 179 182 436 0
341 177 258 528 53 163 61 78 304 538 0
342 479 2 571 22 39 83 268 559 0
343 319 82 337 460 0
344 106 131 199 213 425 0
345 453 130 51 78 82 85 192 200 485 0
346 290 438 581 0
347 436 102 158 415 0
348 92 519 149 260 37 89 97 211 544 565 0
349 177 272 473 532 0
350 30 42 113 310 0
351 25 321 144 3 45 76 249 0
352 594 254 0
353 478 0
354 319 260 0
355 335 5 467 0
356 102 127 179 203 569 574 596 0
357 70 212 509 202 428 54 108 151 158 545 0
358 88 213 0
359 115 160 200 453 508 523 0
360 231 300 70 485 0
361 181 495 152 563 0
362 183 316 366 190 110 126 403 548 0
363 587 370 590 0
364 41 201 431 0
365 421 42 64 158 487 0
366 362 278 178 466 158 125 94 187 527 0
367 451 22 127 298 322 390 550 0
368 186 424 18 45 494 0
369 261 329 113 0
370 294 314 116 228 246 302 363 0
371 551 248 75 5 54 55 113 222 231 530 0
372 80 169 201 202 213 0
373 243 229 94 102 121 299 560 576 0
374 495 488 406 209 0
375 516 409 168 454 0
376 8 65 379 303 394 583 0
377 570 184 5 220 225 302 560 0
378 240 301 409 549 0
379 376 184 0
380 520 239 402 413 242 513 0
381 464 507 0
382 233 0
383 120 470 523 0
384 417 168 314 315 552 0
385 561 524 323 405 0
386 534 338 334 566 0
387 312 109 339 0
388 75 281 502 77 127 310 517 0
389 548 221 0
390 225 125 367 424 534 548 552 0
391 298 578 46 91 118 261 497 0
392 430 171 286 262 0
393 33 513 254 0
394 565 142 150 376 0
395 507 455 545 552 0
396 289 534 30 256 464 522 0
397 112 487 545 0
398 42 166 0
399 25 300 0
400 587 568 94 457 526 540 584 0
401 264 426 0
402 380 117 431 32 81 87 486 514 0
403 593 362 0
404 52 166 0
405 123 1 21 317 385 0
406 374 63 313 0
407 255 270 74 339 567 568 0
408 279 119 213 0
409 375 235 378 429 0
410 231 114 300 477 0
411 89 593 6 59 231 0
412 545 101 168 29 139 173 422 423 0
413 380 68 259 567 570 0
414 277 577 0
415 249 204 127 347 450 598 0
416 244 97 126 146 211 422 444 0
417 98 384 45 97 300 0
418 120 580 17 51 473 0
419 278 189 161 430 435 53 180 0
420 202 598 168 423 0
421 456 365 499 0
422 196 313 195 412 416 525 0
423 222 23 158 412 420 0
424 368 122 262 320 390 486 516 574 0
425 250 291 344 0
426 103 11 401 434 0
427 593 187 88 120 437 0
428 357 134 549 566 590 0
429 337 483 43 154 292 330 409 527 535 558 0
430 419 392 458 231 459 0
431 402 582 35 55 127 255 364 444 535 0
432 205 310 0
433 452 475 159 217 516 0
434 203 426 0
435 419 19 196 511 0
436 274 279 347 525 269 340 571 0
437 70 3 146 232 278 427 549 0
438 256 41 106 244 346 0
439 501 500 0
440 20 221 0
441 85 0
442 161 12 89 94 454 0
443 562 238 0
444 244 517 416 431 0
445 222 7 221 337 0
446 212 31 144 534 0
447 592 180 90 247 256 465 539 584 594 0
448 234 455 322 47 294 0
449 553 41 97 226 234 331 0
450 54 492 172 415 544 0
451 464 367 16 117 188 552 0
452 289 205 433 482 0
453 545 312 345 550 60 273 359 0
454 319 33 375 442 0
455 448 131 22 101 395 456 0
456 33 421 47 455 0
457 561 125 184 265 327 400 463 492 0
458 430 596 279 0
459 494 267 430 592 0
460 213 69 156 182 266 343 0
461 146 75 88 528 554 0
462 33 206 265 544 0
463 567 24 26 457 0
464 94 381 145 188 451 100 333 396 0
465 54 511 447 582 0
466 366 268 491 223 146 84 90 295 484 585 0
467 199 591 355 0
468 136 155 34 519 0
469 56 0
470 383 227 319 0
471 158 0
472 316 148 570 10 42 88 95 105 0
473 227 6 177 277 296 349 418 0
474 514 179 319 140 160 203 300 0
475 433 600 28 326 549 0
476 280 254 104 242 508 584 0
477 78 144 410 487 541 0
478 289 255 353 191 500 182 52 312 539 0
479 35 342 335 218 330 0
480 17 42 194 306 503 510 0
481 184 185 35 527 597 0
482 132 589 452 0
483 429 158 290 0
484 553 25 90 191 466 0
485 277 104 203 81 312 345 360 0
486 8 160 266 402 424 0
487 397 338 365 477 519 547 0
488 374 316 563 0
489 212 267 307 0
490 234 53 563 0
491 466 186 46 518 521 0
492 450 78 102 335 457 0
493 261 529 42 48 59 132 320 589 0
494 261 224 298 459 330 337 368 0
495 361 374 505 561 0
496 42 135 161 536 0
497 33 1 269 391 590 0
498 312 53 115 173 0
499 194 180 297 421 514 0
500 478 311 110 301 439 0
501 214 439 61 0
502 388 67 527 0
503 596 81 480 507 0
504 321 534 0
505 52 65 318 495 557 0
506 577 0
507 381 395 167 293 334 503 0
508 221 359 476 526 0
509 357 210 64 66 0
510 89 8 330 480 590 0
511 465 190 202 435 0
512 513 527 232 74 99 172 251 0
513 393 512 244 69 567 50 174 222 380 0
514 120 474 174 72 324 402 499 540 0
515 20 83 107 199 314 526 0
516 8 375 424 433 0
517 444 388 0
518 533 55 491 0
519 348 301 230 264 468 487 0
520 233 380 20 41 243 313 0
521 581 263 491 0
522 251 396 0
523 383 191 198 359 0
524 385 122 162 575 582 0
525 436 299 422 0
526 592 325 566 191 400 508 515 600 0
527 512 584 16 128 366 429 481 502 540 0
528 341 99 277 334 461 0
529 493 272 327 593 600 0
530 322 371 0
531 324 62 88 150 545 0
532 317 541 349 580 0
533 61 518 259 235 0
534 396 386 36 390 446 504 0
535 247 4 196 338 429 431 0
536 175 132 496 0
537 126 548 568 0
538 169 193 291 341 0
539 83 30 447 478 0
540 247 1 136 169 400 514 527 0
541 532 477 0
542 236 0
543 32 275 37 73 104 317 0
544 261 133 1 348 450 462 0
545 592 164 453 412 128 264 357 395 397 531 0
546 548 162 290 0
547 4 237 487 0
548 537 389 546 362 390 0
549 590 10 378 428 437 475 0
550 453 156 225 263 367 0
551 298 371 0
552 279 573 384 390 395 451 0
553 169 484 449 284 0
554 279 215 461 0
555 35 182 585 0
556 225 233 247 337 0
557 177 317 505 0
558 122 153 243 429 0
559 237 17 79 342 589 0
560 183 92 54 90 293 373 377 0
561 112 385 143 457 587 11 337 495 0
562 585 443 10 0
563 361 102 233 488 490 0
564 590 59 89 110 154 172 0
565 294 394 86 307 348 0
566 526 48 14 386 428 0
567 513 463 86 60 229 407 413 0
568 400 112 184 407 537 0
569 49 9 301 356 0
570 472 94 377 166 76 125 221 413 574 0
571 342 436 0
572 215 257 0
573 552 129 0
574 278 234 586 136 253 323 356 424 570 0
575 191 524 0
576 43 101 262 373 0
577 47 506 85 414 586 0
578 391 275 0
579 106 98 0
580 418 245 216 109 532 0
581 318 68 521 141 41 346 0
582 431 145 465 524 0
583 145 315 184 230 376 0
584 527 400 447 476 0
585 49 176 562 48 145 301 466 555 591 0
586 574 215 121 173 288 577 0
587 561 400 285 363 0
588 171 0
589 482 139 151 493 559 0
590 33 564 549 59 363 428 497 510 0
591 467 60 194 585 0
592 148 545 327 194 526 447 127 28 124 47 459 596 0
593 411 403 427 25 46 529 0
594 274 352 39 236 447 0
595 16 206 0
596 458 503 356 592 0
597 114 63 143 187 481 0
598 420 146 415 0
599 42 0
600 475 77 246 526 529 0

600  1506
1 538 562 0
2 438 160 0
3 106 380 423 442 0
4 38 174 178 269 0
5 406 113 250 292 372 0
6 222 93 471 0
7 147 151 9 61 206 235 241 0
8 91 296 404 522 0
9 497 223 7 237 534 538 0
10 545 520 14 106 220 277 283 297 380 472 505 0
11 144 186 228 287 570 579 0
12 91 80 118 273 388 0
13 409 20 112 571 0
14 370 10 176 585 0
15 21 94 41 163 296 304 321 0
16 88 0
17 175 488 0
18 501 47 148 443 455 518 530 0
19 252 123 450 0
20 292 13 216 310 546 565 0
21 583 15 0
22 283 337 441 504 0
23 173 382 185 33 167 247 410 0
24 517 112 226 529 543 552 0
25 562 544 219 519 117 578 0
26 426 267 381 123 170 519 0
27 346 83 219 0
28 275 193 412 455 0
29 429 200 116 394 0
30 590 420 299 0
31 479 39 78 390 0
32 474 277 348 0
33 306 23 539 0
34 344 511 189 346 376 0
35 240 49 484 515 0
36 584 152 228 290 0
37 424 84 363 171 318 538 0
38 313 580 4 465 39 107 447 536 0
39 547 250 487 516 31 38 90 468 0
40 181 274 291 0
41 455 101 15 278 0
42 451 249 0
43 283 470 441 451 509 0
44 530 206 0
45 431 145 206 332 0
46 555 404 0
47 288 18 165 213 309 354 379 389 576 581 0
48 208 292 99 590 0
49 249 35 0
50 421 71 194 220 309 361 439 543 598 0
51 409 79 402 0
52 231 312 0
53 371 247 291 340 488 0
54 295 115 500 506 0
55 172 59 298 381 439 0
56 538 271 277 306 0
57 387 362 402 0
58 514 179 158 457 0
59 147 55 139 157 0
60 94 230 0
61 313 451 334 329 7 84 147 195 480 532 554 0
62 400 574 389 233 302 314 0
63 583 86 173 299 341 380 476 519 600 0
64 442 169 502 583 0
65 206 600 170 74 523 482 382 453 0
66 459 212 69 305 0
67 290 248 268 0
68 189 108 453 0
69 156 501 541 258 394 66 122 124 0
70 360 184 189 336 492 0
71 324 50 168 218 552 0
72 246 90 323 485 0
73 103 518 569 0
74 65 94 0
75 398 448 0
76 577 571 0
77 430 543 0
78 145 31 208 302 504 506 511 0
79 267 159 51 148 205 335 382 444 445 0
80 361 526 524 12 228 491 599 0
81 134 147 517 101 243 0
82 447 187 552 194 359 537 0
83 459 27 529 0
84 37 375 359 61 468 0
85 334 591 266 0
86 417 63 159 217 312 355 0
87 338 193 308 429 0
88 535 403 16 179 412 427 0
89 431 334 0
90 547 39 72 167 176 0
91 353 12 8 103 213 345 380 415 0
92 186 317 0
93 6 422 0
94 15 60 74 362 0
95 477 584 480 280 325 414 528 0
96 571 112 140 374 484 0
97 319 406 130 303 332 450 498 0
98 568 125 303 352 487 0
99 453 48 198 225 593 0
100 199 577 360 585 197 451 0
101 41 129 81 120 347 0
102 301 492 0
103 486 354 73 91 198 234 260 428 0
104 483 121 463 568 0
105 452 0
106 539 3 10 142 364 382 538 0
107 547 38 269 0
108 371 348 68 437 571 572 0
109 450 579 0
110 320 217 218 355 450 0
111 269 562 462 401 0
112 24 13 96 0
113 501 125 5 233 353 371 450 0
114 361 343 120 420 505 0
115 343 315 54 125 146 262 491 0
116 541 29 0
117 313 182 25 149 364 389 486 0
118 192 447 167 297 522 12 181 594 0
119 547 346 295 368 418 521 0
120 383 101 114 325 0
121 282 464 104 0
122 134 69 154 170 350 398 0
123 353 162 440 542 244 19 26 191 328 0
124 436 69 281 312 366 0
125 113 98 115 185 320 453 0
126 436 151 219 313 511 542 571 0
127 565 495 155 295 0
128 267 433 0
129 101 156 208 315 559 0
130 517 97 531 0
131 547 166 302 424 0
132 229 343 544 0
133 409 556 0
134 192 319 221 282 81 122 245 349 533 0
135 595 235 237 241 303 0
136 409 326 0
137 491 203 188 314 371 0
138 497 438 600 0
139 514 345 374 59 210 460 546 0
140 571 96 498 0
141 513 399 412 158 254 459 538 0
142 540 106 213 0
143 371 310 177 312 337 0
144 506 327 11 247 0
145 292 78 45 578 0
146 451 239 115 522 582 0
147 81 7 59 61 244 310 587 0
148 259 18 79 331 0
149 482 117 260 0
150 325 249 305 349 0
151 7 126 192 0
152 498 488 397 564 485 36 236 279 572 0
153 244 175 285 535 0
154 293 122 468 0
155 514 455 386 534 505 127 330 411 0
156 192 69 210 301 318 129 241 0
157 490 59 163 452 0
158 540 58 141 164 298 542 568 0
159 79 86 360 365 516 0
160 389 2 304 441 0
161 301 433 479 0
162 123 226 520 0
163 213 15 157 471 0
164 205 349 158 0
165 352 295 411 475 47 0
166 434 296 262 535 131 573 0
167 118 23 90 349 469 491 0
168 328 71 192 219 265 289 372 523 600 0
169 64 523 550 558 562 0
170 65 26 122 439 0
171 434 37 181 402 489 0
172 262 276 55 342 384 0
173 477 285 23 224 63 344 404 420 422 0
174 398 4 223 0
175 369 17 443 153 0
176 532 432 14 90 194 0
177 418 143 215 359 387 0
178 514 4 445 523 0
179 58 290 88 241 375 456 0
180 361 243 521 419 588 187 205 357 0
181 254 40 184 118 171 302 303 387 500 0
182 117 384 484 0
183 192 426 477 547 548 503 222 265 331 0
184 181 70 217 0
185 23 473 125 200 244 359 451 538 0
186 459 515 220 92 11 257 436 490 506 535 582 0
187 82 180 355 507 578 0
188 137 303 0
189 362 68 454 34 70 270 315 481 0
190 305 249 0
191 405 123 535 0
192 434 199 183 134 498 269 118 156 550 307 425 151 168 196 564 0
193 483 218 28 87 0
194 483 50 82 176 305 0
195 531 61 593 0
196 572 192 434 524 0
197 435 100 339 523 593 0
198 282 326 99 103 0
199 192 100 513 283 221 295 539 0
200 29 185 313 420 0
201 460 207 213 254 265 0
202 382 213 426 0
203 137 0
204 300 0
205 353 164 578 79 180 246 492 0
206 282 65 538 7 44 45 0
207 319 201 0
208 426 48 324 78 129 271 397 563 0
209 254 232 321 446 0
210 156 416 139 252 309 546 0
211 469 263 0
212 66 373 0
213 452 565 358 163 47 91 142 201 202 285 440 545 589 0
214 222 562 0
215 506 177 320 0
216 415 424 352 252 496 20 0
217 377 457 86 110 184 259 0
218 193 430 71 110 282 407 543 0
219 25 27 126 168 244 261 595 0
220 186 10 50 302 0
221 134 275 431 199 291 0
222 183 214 6 510 598 240 284 426 0
223 9 174 225 0
224 173 429 0
225 580 99 223 326 0
226 24 162 0
227 407 460 539 566 0
228 524 11 36 80 339 511 0
229 434 132 435 570 0
230 262 333 453 271 484 235 60 257 444 0
231 243 52 244 360 472 486 0
232 562 209 279 370 525 540 0
233 62 113 236 264 426 441 467 496 0
234 322 409 572 330 298 103 326 345 363 0
235 230 467 7 135 437 520 581 588 0
236 426 152 233 398 0
237 249 413 527 251 9 135 357 419 0
238 429 355 0
239 146 324 413 447 474 0
240 514 325 35 222 427 0
241 329 7 135 156 179 0
242 268 258 276 499 0
243 180 231 428 81 475 0
244 123 153 350 255 147 185 219 231 450 0
245 134 333 413 550 0
246 335 72 328 468 205 392 425 536 565 0
247 489 23 53 144 327 351 359 436 441 483 0
248 296 344 373 67 254 407 499 0
249 271 237 49 42 150 190 354 430 0
250 39 587 512 321 539 5 392 0
251 237 0
252 216 19 210 490 555 0
253 506 303 368 385 462 570 0
254 360 181 209 575 141 201 248 0
255 244 396 415 0
256 558 512 0
257 356 186 230 500 587 0
258 69 242 551 0
259 289 148 217 302 433 0
260 546 274 560 103 149 311 0
261 490 280 219 454 501 0
262 166 230 353 490 172 115 309 0
263 512 304 211 270 0
264 333 233 273 352 0
265 183 168 201 471 502 0
266 85 340 565 0
267 26 79 128 454 464 0
268 356 242 67 391 495 0
269 192 111 281 4 107 310 337 0
270 421 189 263 329 395 0
271 230 249 300 272 56 208 395 562 569 0
272 271 314 413 0
273 539 12 264 578 0
274 260 40 341 388 0
275 221 531 28 356 490 0
276 172 242 419 0
277 424 10 32 56 289 313 357 0
278 418 41 296 522 0
279 489 533 392 152 232 529 0
280 261 95 0
281 269 124 523 0
282 134 206 121 198 218 285 339 515 0
283 199 22 291 43 10 314 477 0
284 541 222 425 456 548 561 0
285 173 153 213 282 393 469 513 583 0
286 384 294 558 0
287 593 11 321 506 576 0
288 523 47 567 343 401 0
289 492 259 168 277 0
290 179 67 36 478 0
291 283 40 53 221 389 390 435 0
292 48 20 145 586 5 0
293 353 322 546 390 154 351 0
294 286 581 419 0
295 165 54 119 127 199 0
296 166 459 248 8 15 278 338 0
297 118 449 10 349 582 0
298 234 427 55 158 0
299 569 30 63 533 0
300 271 549 316 204 435 0
301 156 436 102 589 461 161 475 573 595 0
302 600 597 62 78 131 181 220 259 332 446 0
303 188 97 98 135 181 253 0
304 263 15 160 423 494 0
305 522 190 66 150 194 332 470 0
306 497 33 56 544 0
307 192 484 542 0
308 497 87 0
309 332 47 50 210 262 380 403 584 0
310 143 20 147 269 401 0
311 578 260 0
312 52 86 124 143 337 411 0
313 459 38 117 61 320 599 126 200 277 376 416 425 550 0
314 137 379 62 272 283 385 0
315 115 129 189 380 543 0
316 300 473 0
317 576 92 322 505 526 537 0
318 156 37 381 430 441 0
319 134 357 483 458 97 207 0
320 313 377 110 125 215 0
321 250 15 209 287 463 0
322 293 371 234 317 489 0
323 501 72 533 0
324 208 71 239 0
325 240 150 95 120 440 0
326 198 136 225 234 494 503 0
327 144 247 350 498 0
328 246 168 123 469 0
329 61 241 369 332 270 0
330 234 155 558 0
331 519 148 183 385 465 0
332 329 309 45 97 302 305 538 0
333 230 342 264 372 245 549 570 0
334 61 85 385 89 454 544 0
335 361 246 469 79 588 0
336 559 70 419 567 0
337 22 481 143 269 312 375 394 482 0
338 590 87 296 0
339 429 197 228 282 399 511 0
340 535 439 53 266 408 0
341 480 63 274 0
342 333 172 399 553 596 0
343 114 115 355 474 132 288 521 0
344 248 34 173 443 537 0
345 139 558 423 91 234 562 0
346 119 27 34 0
347 390 101 0
348 108 32 0
349 164 134 150 167 297 0
350 244 122 327 353 421 0
351 596 247 293 0
352 216 165 98 264 0
353 262 383 91 452 293 123 493 205 113 350 359 422 473 0
354 103 47 249 541 0
355 343 86 110 187 238 385 449 463 580 0
356 483 268 257 275 0
357 319 180 237 277 0
358 213 525 0
359 84 82 177 185 247 353 0
360 100 254 70 368 159 231 392 573 0
361 459 180 114 335 80 387 50 460 0
362 57 189 94 0
363 37 234 409 563 0
364 556 106 117 0
365 592 159 459 0
366 582 124 513 0
367 391 395 414 477 0
368 360 119 253 407 445 0
369 329 175 382 484 0
370 466 14 232 0
371 322 53 143 108 408 113 137 0
372 333 5 168 374 500 0
373 248 212 529 589 0
374 139 556 96 372 421 509 577 0
375 84 179 337 402 421 592 0
376 413 34 313 414 423 564 0
377 320 217 550 0
378 459 426 546 0
379 314 47 0
380 503 3 10 63 91 309 315 0
381 26 456 55 318 477 480 530 549 593 0
382 23 202 65 79 106 369 551 586 0
383 353 460 491 528 563 478 120 419 0
384 548 286 405 172 182 531 0
385 334 253 314 331 355 0
386 155 493 548 0
387 361 57 177 181 0
388 600 12 274 478 0
389 62 160 47 117 291 0
390 293 582 347 31 291 578 0
391 550 367 268 493 0
392 279 246 250 360 461 555 0
393 535 285 593 0
394 69 29 337 540 0
395 367 270 271 578 0
396 523 417 255 0
397 152 441 208 516 0
398 521 75 174 122 236 417 0
399 141 339 342 543 0
400 455 62 504 527 0
401 514 111 288 310 418 523 0
402 562 51 57 171 375 523 0
403 88 309 411 0
404 532 8 46 173 450 534 541 0
405 384 191 598 0
406 97 5 531 558 0
407 467 227 218 248 368 510 0
408 371 340 481 485 0
409 234 13 133 136 51 363 543 0
410 513 23 466 491 0
411 165 155 312 403 480 547 0
412 141 28 88 430 0
413 237 376 239 245 272 531 0
414 487 95 367 376 596 0
415 434 216 91 255 515 0
416 210 313 0
417 396 86 398 597 0
418 440 278 177 119 401 533 0
419 180 237 276 294 336 383 0
420 30 114 173 200 449 0
421 580 270 50 350 374 375 459 0
422 513 93 173 353 488 570 0
423 345 525 3 304 376 0
424 216 37 277 131 0
425 192 246 284 313 0
426 183 208 442 506 26 559 236 202 222 233 378 553 0
427 298 88 240 434 598 0
428 243 103 0
429 532 238 29 339 87 224 0
430 218 77 249 318 412 452 0
431 221 45 89 580 0
432 176 0
433 161 128 259 550 593 0
434 192 166 514 415 229 171 196 427 0
435 229 197 291 300 484 558 570 0
436 301 126 124 186 247 549 0
437 550 108 235 0
438 138 2 0
439 340 50 55 170 574 0
440 123 418 213 325 582 0
441 397 22 43 160 233 247 318 472 500 0
442 426 532 64 3 495 521 538 0
443 175 537 18 344 0
444 513 79 230 589 0
445 507 79 178 368 0
446 551 573 209 302 0
447 118 551 545 82 38 239 493 504 553 0
448 565 75 494 0
449 297 355 420 481 522 0
450 596 109 19 97 110 113 244 404 0
451 61 42 146 43 100 185 494 0
452 353 105 530 213 157 430 573 596 0
453 230 99 65 68 125 518 552 0
454 189 261 267 334 0
455 155 400 41 18 28 0
456 381 179 284 504 0
457 217 58 0
458 319 596 557 515 0
459 296 313 361 66 186 378 83 141 365 421 551 586 0
460 383 201 139 227 361 518 0
461 301 392 474 0
462 111 500 253 0
463 484 555 104 321 355 0
464 121 267 542 0
465 38 331 568 0
466 469 370 410 0
467 235 407 233 582 590 0
468 246 39 84 154 548 0
469 335 211 466 167 285 328 484 0
470 43 305 0
471 6 163 265 0
472 558 10 231 441 0
473 185 316 353 0
474 343 32 239 461 556 0
475 165 243 301 483 0
476 483 63 595 0
477 183 95 540 173 283 367 381 495 589 0
478 383 290 388 0
479 584 31 499 161 0
480 95 504 341 61 381 411 503 544 0
481 337 189 408 449 0
482 65 149 566 337 0
483 319 568 193 476 194 356 104 247 475 0
484 230 463 35 96 182 307 369 435 469 508 595 0
485 152 72 408 0
486 548 103 117 231 0
487 39 414 98 0
488 152 17 53 422 560 0
489 491 279 247 171 322 0
490 262 261 497 157 186 252 275 0
491 383 137 489 80 115 167 410 0
492 102 289 70 205 502 0
493 353 386 391 447 560 564 0
494 562 304 326 448 451 0
495 127 268 442 477 599 0
496 216 233 0
497 490 306 138 509 543 9 308 0
498 192 152 97 140 327 511 574 0
499 479 242 248 0
500 462 54 181 257 372 441 0
501 69 113 18 323 261 0
502 64 265 492 569 0
503 183 380 326 480 0
504 480 22 78 400 447 456 526 552 0
505 155 10 114 317 0
506 426 144 253 215 54 78 186 287 0
507 594 445 187 555 0
508 536 484 535 0
509 497 43 374 0
510 222 407 0
511 34 78 126 228 339 498 553 0
512 250 263 256 0
513 199 444 422 141 410 285 366 0
514 434 155 401 139 240 58 178 594 0
515 186 35 282 415 458 0
516 39 159 397 0
517 81 24 130 554 0
518 73 18 453 460 543 0
519 25 331 26 63 557 0
520 10 162 235 523 0
521 180 398 119 343 442 0
522 118 305 8 146 278 449 531 0
523 65 288 396 168 169 178 197 281 401 402 520 0
524 80 228 196 0
525 423 232 358 0
526 80 317 504 0
527 237 400 537 0
528 383 95 0
529 580 569 24 83 279 373 0
530 452 44 18 381 0
531 275 592 195 130 384 406 413 522 0
532 442 429 176 404 61 0
533 279 134 299 323 418 0
534 155 9 404 0
535 166 88 340 393 153 186 191 508 542 549 0
536 569 508 38 246 0
537 443 82 317 344 527 0
538 206 1 56 9 37 106 141 185 332 442 0
539 250 106 273 33 199 227 569 0
540 477 158 142 232 394 0
541 69 116 284 354 404 0
542 123 576 126 158 307 464 535 0
543 497 24 50 77 218 315 399 409 518 550 0
544 25 132 306 334 480 0
545 447 10 213 582 0
546 293 260 20 139 210 378 0
547 183 39 107 119 131 90 411 573 574 0
548 183 486 384 284 386 468 0
549 300 333 381 436 535 0
550 192 391 437 169 245 313 377 433 543 0
551 447 446 594 258 382 459 0
552 82 24 71 453 504 0
553 594 342 426 447 511 0
554 600 583 61 517 578 0
555 463 46 252 392 507 0
556 374 364 133 474 577 0
557 458 519 0
558 345 256 472 169 286 330 406 435 0
559 426 336 129 0
560 260 488 493 0
561 573 284 0
562 111 25 494 402 232 1 169 214 271 345 0
563 383 208 363 0
564 152 192 376 493 0
565 213 448 127 20 246 266 0
566 482 227 0
567 288 336 0
568 483 98 104 158 465 0
569 529 590 536 299 73 271 502 539 0
570 229 11 253 333 422 435 0
571 593 140 96 13 76 108 126 0
572 234 196 108 152 0
573 446 561 166 301 360 452 547 0
574 62 439 498 547 0
575 254 582 0
576 542 317 47 287 0
577 100 76 374 556 0
578 205 311 25 145 187 273 390 395 554 0
579 593 11 109 0
580 38 225 421 529 355 431 0
581 294 47 235 585 0
582 390 366 146 186 297 440 467 545 575 0
583 554 21 63 64 285 0
584 95 479 36 309 597 0
585 100 14 581 0
586 292 382 459 0
587 250 147 257 0
588 180 235 335 0
589 301 213 373 444 477 0
590 569 30 338 48 467 0
591 85 0
592 531 365 375 0
593 596 571 579 287 99 195 197 381 393 433 0
594 551 507 553 595 118 514 0
595 594 135 219 301 476 484 0
596 458 593 450 351 342 414 452 0
597 302 417 584 0
598 222 50 405 427 0
599 313 80 495 0
600 65 302 554 388 63 138 168 0

