600  2411
1 138 579 102 135 154 263 360 453 501 544 0
2 303 136 492 302 55 114 163 183 411 500 589 0
3 42 495 339 0
4 134 90 316 451 544 548 0
5 219 491 339 22 146 278 306 315 0
6 312 38 156 238 260 389 438 483 0
7 192 30 28 48 158 226 395 502 549 578 0
8 423 81 434 102 126 295 337 485 543 560 0
9 496 276 34 65 283 446 527 0
10 324 231 242 0
11 554 41 162 181 256 306 501 530 0
12 567 69 343 397 431 536 550 578 0
13 51 79 540 113 222 493 541 578 0
14 447 141 523 541 0
15 146 105 208 209 251 292 422 0
16 60 466 83 86 240 515 0
17 488 88 210 330 430 557 587 0
18 338 206 58 169 470 565 0
19 313 40 99 218 333 464 536 600 0
20 496 327 405 577 0
21 573 80 38 288 379 459 466 510 0
22 178 5 50 123 153 328 351 362 493 0
23 148 259 311 393 576 0
24 123 501 0
25 562 127 75 325 362 0
26 490 154 163 173 185 203 273 281 335 362 507 0
27 533 31 278 455 510 595 0
28 494 7 368 559 0
29 444 45 48 255 300 388 484 551 0
30 7 600 113 482 523 535 0
31 92 90 422 27 96 106 108 398 461 483 488 575 595 0
32 514 371 379 391 537 0
33 538 56 356 0
34 78 9 64 296 384 434 590 0
35 397 196 224 68 152 443 475 65 87 351 476 519 0
36 155 138 184 453 0
37 405 185 256 290 0
38 6 57 21 39 72 146 164 253 391 400 429 543 0
39 471 160 71 38 54 177 182 220 296 316 521 582 0
40 526 530 516 19 222 353 412 533 0
41 162 11 94 522 583 0
42 423 504 583 3 76 164 317 485 0
43 488 138 581 0
44 573 63 319 366 484 528 0
45 105 29 88 149 167 211 240 296 335 431 470 490 510 0
46 514 156 249 416 466 599 0
47 120 104 291 83 271 328 587 0
48 481 266 448 107 7 29 188 342 462 0
49 429 129 212 292 432 433 544 0
50 241 22 225 0
51 249 86 13 55 144 149 152 284 346 355 381 420 422 448 0
52 86 115 171 313 410 600 0
53 572 346 451 475 544 0
54 570 221 39 135 163 168 231 285 411 423 540 569 579 0
55 51 510 2 150 314 398 438 503 525 554 580 0
56 192 547 163 33 242 404 0
57 38 154 278 335 374 597 0
58 508 18 421 457 0
59 532 254 333 399 473 588 0
60 481 542 16 215 493 66 109 371 527 552 0
61 252 545 107 167 291 342 569 0
62 472 234 263 285 454 494 0
63 78 388 44 203 295 357 411 425 482 483 0
64 537 395 34 106 445 536 0
65 560 298 9 35 182 215 219 318 364 430 461 499 0
66 434 246 60 219 262 394 410 0
67 445 142 68 102 131 159 203 240 370 583 0
68 35 67 239 484 499 0
69 70 12 120 259 405 513 547 571 595 0
70 402 69 455 87 285 383 429 516 521 0
71 39 203 94 324 336 387 446 475 526 0
72 540 38 127 414 499 584 0
73 232 81 181 261 327 435 458 581 0
74 568 85 262 275 295 418 574 0
75 445 403 209 534 25 210 243 0
76 42 270 158 222 332 440 523 543 0
77 89 117 269 329 440 566 589 0
78 428 285 63 34 287 427 478 0
79 13 98 133 222 342 0
80 21 133 356 449 484 486 531 572 0
81 8 344 277 73 272 293 384 469 524 556 0
82 452 192 193 399 404 425 0
83 374 260 132 407 16 47 279 281 321 327 469 568 589 0
84 263 148 180 241 394 399 410 0
85 363 74 89 187 222 431 548 572 597 0
86 51 52 16 519 0
87 168 251 35 70 233 498 0
88 372 17 45 157 163 367 384 0
89 590 77 482 85 108 195 538 0
90 31 4 95 124 339 380 456 540 0
91 171 229 401 461 478 558 0
92 225 272 338 597 31 145 108 198 527 0
93 555 154 195 267 0
94 368 41 71 275 329 349 355 489 547 597 0
95 110 90 206 328 395 398 515 0
96 486 186 31 115 318 345 0
97 235 371 159 325 103 0
98 303 79 188 217 362 423 435 515 0
99 318 19 115 129 309 354 371 498 517 0
100 140 225 294 354 529 532 0
101 424 171 176 246 338 421 518 0
102 557 1 8 67 269 316 327 360 380 456 459 0
103 136 363 97 239 0
104 47 554 183 248 292 371 412 464 0
105 121 45 406 15 124 244 267 311 337 459 0
106 130 384 31 64 182 321 390 406 432 506 515 588 591 0
107 48 61 196 237 413 444 571 0
108 382 488 199 31 89 92 144 203 346 447 466 546 564 0
109 393 60 141 243 258 294 344 369 0
110 190 95 348 581 390 270 340 364 375 481 574 0
111 596 152 0
112 462 354 410 453 584 0
113 355 440 345 13 30 257 322 456 588 0
114 487 2 151 187 271 0
115 202 557 52 96 99 211 523 535 0
116 189 304 332 335 422 533 0
117 446 77 135 157 171 224 272 318 441 494 569 581 0
118 260 280 181 182 194 600 0
119 186 159 160 207 376 440 536 0
120 237 47 449 69 260 276 441 467 514 567 0
121 270 105 164 221 258 290 300 477 556 593 0
122 123 438 150 303 373 494 579 0
123 481 24 574 122 22 143 561 0
124 597 441 90 105 228 302 417 463 536 0
125 210 168 324 349 466 535 549 0
126 355 8 144 208 260 332 428 590 0
127 25 72 161 297 321 412 0
128 319 558 451 305 348 489 599 0
129 485 576 240 49 99 191 288 322 417 559 567 0
130 333 106 340 359 451 513 561 0
131 532 67 194 0
132 83 176 212 223 244 257 310 345 408 413 415 0
133 452 79 80 284 399 455 0
134 490 4 304 325 420 432 0
135 314 305 1 54 117 175 360 545 583 591 0
136 2 483 103 173 191 211 436 565 0
137 333 186 370 586 0
138 400 1 36 43 258 494 509 0
139 549 496 149 546 0
140 181 100 359 468 435 498 557 0
141 314 14 109 145 318 441 528 546 0
142 67 567 154 219 249 292 338 352 373 564 576 589 0
143 377 123 0
144 492 51 108 126 162 174 183 261 285 291 360 0
145 92 590 141 191 295 524 549 555 563 0
146 423 15 353 471 5 38 496 517 577 0
147 578 231 510 0
148 344 23 586 84 195 351 353 0
149 319 45 51 139 177 438 442 500 572 580 0
150 450 376 473 55 122 245 340 382 458 503 552 0
151 237 114 311 328 471 0
152 35 51 111 249 308 311 344 363 376 0
153 568 559 22 204 206 367 494 0
154 314 230 346 236 1 26 57 93 142 170 281 309 359 0
155 212 36 431 218 231 379 414 0
156 395 6 46 194 279 286 292 310 325 426 497 533 568 0
157 303 88 117 254 313 419 460 548 0
158 399 253 7 76 285 430 0
159 97 461 368 293 67 119 173 184 189 236 0
160 39 365 326 119 366 425 439 488 560 0
161 262 127 374 519 546 579 0
162 183 414 41 11 144 208 251 316 402 471 503 541 551 0
163 56 2 26 54 88 191 445 0
164 42 223 404 38 121 203 232 347 537 562 0
165 237 357 328 193 176 181 368 552 555 0
166 287 314 319 505 523 0
167 539 45 61 312 314 416 535 0
168 324 470 318 320 494 87 54 125 358 393 544 572 588 0
169 255 18 307 433 590 0
170 241 429 154 0
171 420 91 349 52 101 117 195 337 442 559 0
172 295 365 383 565 582 0
173 471 26 136 159 263 374 0
174 315 144 328 363 378 382 570 0
175 402 484 446 135 202 271 450 533 586 0
176 582 101 132 165 210 422 555 0
177 250 39 149 237 303 318 337 464 540 582 0
178 428 22 260 331 335 356 471 0
179 348 186 440 517 592 0
180 458 84 197 202 513 0
181 208 237 140 11 73 118 165 424 463 556 572 0
182 281 39 65 106 118 335 495 560 0
183 423 162 502 2 104 144 216 0
184 427 419 36 159 468 0
185 476 356 265 26 37 370 511 550 0
186 96 119 137 179 354 487 553 0
187 356 85 114 319 436 470 515 576 0
188 208 48 98 328 402 461 465 484 0
189 471 267 116 159 0
190 549 110 550 503 213 392 540 593 0
191 541 129 136 145 163 256 0
192 208 304 257 56 7 321 82 391 427 526 0
193 165 82 329 413 573 0
194 549 118 131 156 408 548 566 0
195 219 89 93 148 171 243 246 289 373 576 0
196 35 398 497 107 207 392 399 428 592 0
197 354 444 295 508 432 180 215 319 368 474 0
198 589 361 92 450 454 482 0
199 108 594 211 229 507 559 0
200 447 276 339 351 531 597 0
201 271 252 381 455 525 0
202 304 330 115 375 234 175 180 208 223 249 369 446 477 514 563 0
203 71 26 63 67 108 164 395 0
204 476 153 316 475 478 482 0
205 377 462 463 549 0
206 18 95 153 221 279 364 444 455 494 0
207 495 233 119 196 243 341 344 388 465 588 0
208 549 382 181 450 192 188 15 126 162 202 279 396 509 0
209 75 360 523 15 406 435 0
210 219 125 17 75 176 253 278 314 326 336 375 431 486 525 537 0
211 443 45 115 136 199 339 421 462 512 537 0
212 319 155 369 49 132 287 295 327 359 436 540 0
213 427 190 452 479 574 590 0
214 496 498 266 289 294 483 489 537 0
215 60 65 197 242 455 510 582 0
216 364 183 422 519 569 0
217 395 98 383 0
218 303 225 19 155 335 386 411 428 455 0
219 362 210 555 297 5 195 65 66 142 223 440 449 485 0
220 443 39 247 286 510 536 549 599 0
221 54 121 206 430 451 578 592 0
222 451 13 40 76 79 85 295 353 388 591 0
223 164 132 202 219 224 311 420 571 577 0
224 35 562 271 599 117 223 329 389 0
225 218 92 452 533 50 100 360 590 0
226 445 7 274 310 541 0
227 420 374 315 359 413 589 0
228 356 124 257 284 0
229 435 91 199 263 333 372 476 574 0
230 154 392 577 586 594 0
231 255 10 54 147 155 295 312 315 378 438 490 574 0
232 424 73 164 320 465 565 0
233 207 87 393 399 416 447 496 512 571 0
234 202 62 271 501 539 549 0
235 359 97 578 342 319 0
236 154 159 370 371 515 518 537 574 591 0
237 181 476 428 410 120 165 241 436 460 151 454 107 177 251 267 393 458 0
238 542 474 307 6 286 325 475 526 566 572 0
239 254 366 68 103 286 387 408 579 589 0
240 129 283 16 45 67 388 389 408 541 546 0
241 237 331 170 437 50 289 84 359 413 598 600 0
242 358 10 56 215 281 442 560 596 0
243 497 75 109 195 207 458 520 536 0
244 458 105 132 271 377 441 461 516 531 570 0
245 271 150 355 363 570 0
246 66 101 195 439 490 0
247 312 392 220 308 351 371 452 465 597 0
248 324 535 104 283 0
249 423 51 570 46 142 152 202 438 499 0
250 423 334 177 382 492 584 0
251 87 531 15 162 237 274 445 557 0
252 282 394 61 201 268 460 471 0
253 158 38 210 310 315 0
254 580 239 520 59 157 339 511 516 551 0
255 469 231 584 169 29 331 347 349 358 426 522 0
256 432 11 37 191 332 428 502 546 0
257 192 278 113 132 228 275 530 0
258 333 109 121 138 389 510 581 0
259 324 343 23 69 323 356 542 555 578 0
260 83 118 6 120 126 178 289 566 567 0
261 475 73 144 369 405 0
262 423 456 459 161 66 74 268 277 333 481 548 0
263 505 84 1 62 173 229 383 502 589 0
264 315 268 335 502 0
265 185 577 277 398 563 0
266 48 214 288 428 452 527 574 582 596 0
267 189 93 105 237 442 597 0
268 382 252 262 264 400 474 516 523 533 0
269 279 77 102 312 420 432 542 0
270 76 121 110 333 401 461 524 554 586 0
271 224 335 245 201 47 114 175 234 244 279 374 392 0
272 92 81 117 375 398 535 0
273 506 26 0
274 330 226 251 358 381 394 411 444 0
275 462 74 94 257 280 322 363 432 532 0
276 9 120 200 450 0
277 81 262 265 343 398 517 0
278 257 5 27 57 210 304 338 368 0
279 480 269 83 156 206 208 271 302 310 325 361 404 0
280 118 275 0
281 568 536 396 364 182 26 83 154 242 299 476 493 560 600 0
282 447 252 298 307 462 0
283 240 9 248 319 391 424 496 593 0
284 487 51 133 228 450 490 521 522 563 0
285 78 54 62 70 144 158 330 331 453 0
286 355 156 220 238 239 437 0
287 494 166 78 212 337 408 504 516 538 563 0
288 470 21 129 266 482 573 0
289 241 195 214 260 358 540 556 0
290 361 37 121 306 330 414 482 0
291 47 61 144 350 351 387 414 451 0
292 301 314 15 49 104 142 156 327 549 594 0
293 159 81 379 390 512 590 0
294 514 100 109 214 297 338 462 466 595 0
295 197 467 402 172 389 8 63 74 145 212 222 231 371 381 459 0
296 382 341 515 34 39 45 340 0
297 219 127 294 334 396 397 522 0
298 65 282 335 438 537 591 0
299 417 281 0
300 552 29 121 468 0
301 508 292 501 575 597 0
302 2 124 279 425 490 0
303 583 2 218 529 157 98 122 177 411 431 598 0
304 192 309 202 116 134 278 458 538 560 0
305 135 128 377 587 0
306 373 425 5 11 290 474 548 568 0
307 238 528 169 282 343 489 492 0
308 515 152 247 324 325 403 410 489 0
309 304 99 154 358 393 583 0
310 373 132 156 226 253 279 357 463 521 549 0
311 551 23 105 151 152 223 341 384 423 432 460 0
312 397 543 247 6 167 231 269 357 394 0
313 524 19 52 157 344 413 502 0
314 292 141 154 135 55 166 167 210 454 0
315 423 362 174 264 5 227 231 253 531 562 0
316 516 4 39 102 162 204 323 390 451 488 491 514 555 556 0
317 42 465 512 549 0
318 168 99 65 96 117 141 177 432 515 521 0
319 330 212 149 128 44 166 187 197 235 283 346 435 448 487 522 533 545 579 0
320 168 383 572 486 232 332 334 537 540 585 0
321 192 83 106 127 335 406 412 487 555 580 0
322 562 113 129 275 329 416 444 511 0
323 581 259 316 330 349 375 419 421 448 0
324 537 168 539 248 10 259 71 125 308 332 357 381 390 515 563 0
325 97 25 134 156 238 279 308 445 591 0
326 160 210 351 437 595 0
327 20 526 73 83 102 212 292 531 564 0
328 165 22 47 95 151 174 188 509 0
329 406 77 94 193 224 322 383 404 420 464 515 0
330 202 319 274 17 285 290 323 338 364 497 598 0
331 241 178 255 285 377 436 516 593 0
332 538 76 116 126 256 320 324 499 502 0
333 580 130 481 532 137 258 19 59 229 262 270 545 568 0
334 250 297 320 421 422 499 563 0
335 271 26 45 57 116 178 182 218 264 298 321 338 377 465 588 0
336 411 513 71 210 340 371 440 469 0
337 442 350 8 105 171 177 287 341 473 560 0
338 92 18 347 101 142 278 294 330 335 384 492 0
339 5 3 90 200 211 254 366 392 489 0
340 424 110 130 150 296 336 460 461 598 0
341 296 207 311 337 374 408 469 553 0
342 235 48 61 79 404 553 580 0
343 259 12 277 307 441 462 482 521 536 561 588 0
344 81 148 109 152 207 313 387 432 0
345 113 96 132 506 546 562 0
346 154 51 53 108 319 384 419 469 573 0
347 338 164 255 571 0
348 110 179 391 128 479 0
349 171 94 125 255 323 502 564 0
350 337 525 291 503 519 0
351 387 426 22 35 148 200 247 291 326 373 461 0
352 507 142 536 540 0
353 146 485 546 405 40 148 222 0
354 537 197 420 568 99 100 112 186 406 429 511 576 0
355 402 514 113 286 126 591 51 94 245 401 419 0
356 185 187 228 512 33 80 178 259 401 509 0
357 165 63 310 312 324 362 504 0
358 504 242 168 255 274 289 309 405 453 0
359 140 235 130 154 212 227 241 362 369 385 416 490 506 0
360 209 1 102 135 144 225 405 443 576 0
361 198 290 279 439 441 586 0
362 315 219 22 25 26 98 357 359 0
363 103 85 152 174 245 275 447 0
364 281 216 65 110 206 330 435 0
365 160 172 371 550 0
366 239 44 160 339 414 444 561 575 597 0
367 400 88 153 405 0
368 159 94 28 165 197 278 381 0
369 212 109 202 261 359 392 552 0
370 568 67 137 185 236 445 537 0
371 97 32 60 99 104 236 247 295 336 365 388 404 559 561 0
372 495 88 229 0
373 402 463 310 306 122 142 195 351 492 548 0
374 227 83 57 161 173 271 341 387 444 0
375 202 110 210 272 323 388 465 597 0
376 150 119 152 406 562 0
377 423 551 143 205 244 305 331 335 443 544 557 0
378 409 174 231 460 535 0
379 580 21 32 155 293 487 0
380 532 90 102 0
381 518 51 201 274 295 324 368 430 529 0
382 208 108 296 268 150 174 250 490 0
383 320 70 172 217 263 329 436 478 513 0
384 106 478 34 81 88 311 338 346 452 592 0
385 471 359 521 565 571 0
386 440 218 408 518 0
387 509 351 71 239 291 344 374 444 475 0
388 63 548 29 207 222 240 371 375 493 525 541 568 0
389 295 6 224 240 258 0
390 110 106 293 316 324 504 510 0
391 348 32 38 192 283 538 577 0
392 247 190 196 230 271 339 369 436 499 510 0
393 573 109 23 168 233 237 309 448 510 558 580 0
394 252 66 84 274 312 568 589 0
395 64 217 156 7 95 203 479 577 0
396 281 208 297 466 468 518 543 564 578 590 0
397 537 35 312 12 297 487 493 496 558 0
398 196 31 55 95 265 272 277 453 531 0
399 487 479 158 59 82 84 133 196 233 501 570 0
400 495 417 138 367 433 38 268 558 0
401 402 91 270 355 356 497 0
402 295 373 175 355 70 401 421 162 188 0
403 75 308 485 539 576 0
404 164 56 82 279 329 342 371 427 498 0
405 353 37 20 69 261 358 360 367 508 588 0
406 105 329 106 209 321 354 376 437 0
407 83 465 520 525 538 548 0
408 539 132 194 239 240 287 341 386 0
409 428 573 472 378 442 449 453 474 532 551 0
410 237 556 52 66 84 112 308 455 568 0
411 537 336 2 54 63 218 274 303 457 465 527 586 0
412 599 40 104 127 321 0
413 558 107 132 193 227 241 313 439 453 513 0
414 162 544 72 155 290 291 366 440 479 485 0
415 495 132 418 464 555 575 0
416 452 46 167 233 322 359 498 536 0
417 400 299 124 129 465 0
418 496 442 74 415 528 532 540 590 0
419 184 157 323 346 355 437 481 0
420 354 227 171 51 134 223 269 329 439 579 0
421 402 58 101 211 323 334 448 518 530 0
422 31 15 51 116 176 216 334 481 486 0
423 450 42 146 447 183 249 250 377 8 262 315 54 98 311 479 566 0
424 428 232 101 340 181 283 544 582 0
425 306 63 82 160 302 0
426 351 156 255 587 0
427 550 184 213 78 192 404 428 0
428 237 424 409 178 78 511 126 196 218 256 266 427 461 512 561 0
429 170 553 49 38 70 354 490 594 0
430 549 464 575 17 65 158 221 381 0
431 155 12 45 85 210 303 574 0
432 197 256 49 106 134 269 275 311 318 344 518 0
433 400 49 169 472 552 565 567 0
434 8 66 34 598 0
435 442 229 73 98 140 209 319 364 0
436 237 136 187 212 331 383 392 478 0
437 241 286 326 406 419 0
438 122 6 55 149 231 249 298 458 459 0
439 450 160 246 361 413 420 575 588 0
440 113 386 76 77 119 179 219 336 414 447 453 479 507 0
441 124 117 120 141 244 343 361 538 0
442 418 337 435 149 171 242 267 409 0
443 35 211 220 360 377 505 539 589 0
444 197 469 29 107 206 274 322 366 374 387 451 509 552 0
445 476 67 75 226 64 163 251 325 370 466 489 0
446 175 117 9 71 202 536 0
447 423 14 282 458 200 571 108 233 363 440 486 576 589 0
448 48 595 51 319 323 393 421 591 0
449 120 80 219 409 484 0
450 208 423 580 150 587 439 588 175 198 276 284 558 0
451 128 222 4 53 130 221 291 316 444 0
452 225 82 133 416 213 247 266 384 555 0
453 556 1 36 112 285 358 398 409 413 440 507 547 0
454 237 62 198 314 460 565 573 591 0
455 70 27 133 201 206 215 218 410 487 0
456 262 564 90 102 113 477 515 569 0
457 504 58 411 577 592 0
458 447 244 180 73 150 237 243 304 438 0
459 262 21 102 105 295 438 0
460 237 507 157 252 311 340 378 454 549 551 0
461 159 31 65 91 188 244 270 340 351 428 535 566 577 0
462 490 275 506 112 48 205 211 282 294 343 507 517 595 0
463 373 124 181 205 310 498 0
464 430 19 104 177 329 415 0
465 564 188 207 232 247 317 335 375 407 411 417 481 496 0
466 16 500 21 46 108 125 294 396 445 593 0
467 295 120 0
468 140 184 300 396 528 0
469 444 255 81 83 336 341 346 479 568 586 0
470 168 487 288 18 45 187 0
471 146 385 39 189 173 151 162 178 252 0
472 409 62 433 0
473 150 59 337 502 517 0
474 238 197 268 306 409 581 0
475 35 261 53 71 204 238 387 476 505 507 521 0
476 237 445 185 582 204 35 229 281 475 0
477 579 121 202 456 577 0
478 384 78 91 204 383 436 0
479 399 213 348 395 414 423 440 469 537 544 564 0
480 550 279 569 592 515 532 0
481 333 60 123 509 48 110 262 419 422 465 549 580 0
482 89 30 63 198 204 288 290 343 550 0
483 136 6 31 63 214 561 590 0
484 175 563 29 44 68 80 188 449 499 531 0
485 353 129 8 42 219 403 414 568 0
486 320 96 80 210 422 447 519 0
487 470 284 114 399 186 319 321 379 397 455 494 559 0
488 108 43 17 566 31 160 316 534 589 0
489 510 94 128 214 307 308 339 445 598 0
490 574 462 134 26 499 45 231 246 284 302 359 382 429 493 570 0
491 5 316 582 0
492 2 144 250 307 338 373 0
493 60 521 13 22 281 388 397 490 527 0
494 168 541 287 28 62 117 122 138 153 206 487 527 0
495 3 400 207 415 589 372 182 535 555 0
496 139 20 418 9 214 593 146 233 283 397 465 497 574 0
497 196 243 156 330 401 496 568 0
498 214 87 99 140 404 416 463 545 596 0
499 490 65 68 72 249 332 334 392 484 591 0
500 466 2 149 0
501 24 598 1 11 234 301 399 516 0
502 183 7 256 263 264 313 332 349 473 576 0
503 190 561 55 150 162 350 0
504 42 519 358 457 287 357 390 527 560 0
505 542 263 166 443 475 547 0
506 462 273 106 345 359 589 0
507 460 352 26 199 440 453 462 475 586 0
508 197 58 301 405 518 0
509 481 387 585 138 208 328 356 444 0
510 55 489 21 27 45 147 215 220 258 390 392 393 0
511 428 185 254 322 354 0
512 356 211 233 293 317 428 592 0
513 336 69 130 180 383 413 0
514 355 32 46 294 120 202 316 575 587 0
515 296 308 16 95 98 106 187 236 318 324 329 456 480 0
516 40 316 70 244 254 268 287 331 501 0
517 551 99 146 179 277 462 473 0
518 524 381 101 236 386 396 421 432 508 533 0
519 504 35 86 161 216 350 486 569 0
520 254 243 407 553 559 0
521 493 39 70 284 310 318 343 385 475 0
522 533 41 255 284 297 319 0
523 209 14 30 76 115 166 268 561 569 0
524 543 518 313 81 145 270 526 0
525 350 55 201 210 388 407 0
526 327 40 71 192 238 524 579 0
527 583 9 60 92 266 411 493 494 504 599 0
528 307 44 141 418 468 0
529 303 538 100 381 545 590 0
530 40 11 257 421 531 0
531 251 80 200 244 315 327 398 484 530 0
532 333 131 380 59 100 275 409 418 480 579 0
533 225 522 27 40 116 156 175 268 319 518 564 566 0
534 75 488 551 0
535 248 30 115 125 167 272 378 461 495 0
536 281 12 19 64 119 124 220 243 343 352 416 446 539 0
537 549 64 397 560 324 354 411 32 164 210 211 214 236 298 320 370 479 0
538 529 33 332 89 287 304 391 407 441 545 0
539 324 408 167 234 403 443 536 0
540 13 596 72 54 90 177 190 212 289 320 352 418 546 0
541 494 191 13 14 162 226 240 388 0
542 60 238 505 259 269 584 0
543 312 524 8 38 76 396 548 549 0
544 414 1 4 49 53 168 377 424 479 0
545 61 135 319 333 498 529 538 548 584 585 0
546 353 108 139 141 161 240 256 345 540 0
547 56 69 94 453 505 0
548 388 4 85 157 194 262 306 373 407 543 545 0
549 537 208 190 194 139 430 7 125 145 205 220 234 292 310 317 460 481 543 0
550 190 480 427 12 185 365 482 568 0
551 377 311 517 29 162 254 409 460 534 590 0
552 554 300 60 150 165 369 433 444 0
553 429 186 341 342 520 0
554 104 552 11 55 270 0
555 219 93 145 165 176 259 316 321 415 452 495 559 0
556 410 453 81 121 181 289 316 0
557 115 102 17 140 251 377 559 0
558 128 413 91 393 397 400 450 0
559 153 28 129 171 199 371 487 520 555 557 0
560 537 65 8 160 182 242 281 304 337 504 0
561 503 123 130 343 366 371 428 483 523 591 0
562 224 25 322 164 315 345 376 0
563 484 145 202 265 284 287 324 334 0
564 456 465 108 142 327 349 396 479 533 0
565 578 18 136 172 232 385 433 454 586 0
566 488 77 194 238 260 423 461 533 0
567 142 12 120 129 260 433 0
568 354 74 370 281 153 83 156 306 333 388 394 410 469 485 497 550 0
569 480 54 61 117 216 456 519 523 0
570 249 54 174 244 245 399 490 576 0
571 447 69 107 223 233 347 385 581 0
572 320 53 80 85 149 168 181 238 0
573 409 21 393 44 193 288 346 454 0
574 123 490 74 110 213 229 231 236 266 431 496 0
575 430 31 301 366 415 439 514 0
576 129 23 142 187 195 354 360 403 447 502 570 0
577 265 20 146 223 230 391 395 457 461 477 0
578 235 147 565 7 12 13 221 259 396 0
579 1 477 54 122 161 239 319 420 526 532 0
580 450 333 254 379 55 149 321 342 393 481 582 0
581 110 323 43 73 117 258 474 571 0
582 476 176 39 172 177 215 266 424 491 580 591 0
583 42 303 527 41 67 135 309 0
584 255 72 112 250 542 545 0
585 509 320 545 0
586 148 137 175 230 270 361 411 469 507 565 0
587 450 17 47 305 426 514 0
588 450 59 106 113 168 207 335 343 405 439 0
589 495 198 2 77 83 142 227 239 263 394 443 447 488 506 0
590 145 89 34 126 169 213 225 293 396 418 483 529 551 0
591 355 106 135 222 236 298 325 448 454 499 561 582 0
592 480 179 196 221 384 457 512 0
593 496 121 190 283 331 466 0
594 199 230 292 429 0
595 448 27 31 69 294 326 462 0
596 540 111 242 266 498 598 0
597 92 124 57 85 94 200 247 267 301 366 375 0
598 501 241 303 330 340 434 489 596 0
599 224 412 46 128 220 527 0
600 30 19 52 118 241 281 0

600  2552
1 505 103 123 155 183 244 334 432 0
2 98 513 593 12 102 191 326 412 441 0
3 496 279 397 415 545 0
4 588 116 110 218 240 352 0
5 86 26 41 68 110 167 197 254 287 373 415 531 574 588 0
6 63 174 373 442 482 518 559 0
7 499 314 158 406 51 505 410 265 10 67 266 308 550 0
8 267 209 11 141 547 579 0
9 525 483 182 11 222 248 249 259 426 448 454 542 0
10 139 7 32 239 381 418 541 0
11 444 8 9 34 83 213 216 411 426 432 533 0
12 460 2 16 41 107 165 276 336 383 477 505 0
13 375 212 52 78 277 583 0
14 586 478 122 129 306 336 590 0
15 588 432 418 274 84 105 320 381 439 514 574 0
16 418 12 59 70 113 157 226 355 488 0
17 151 119 152 305 322 399 527 0
18 422 231 318 451 467 0
19 537 41 157 178 325 473 573 0
20 204 405 73 385 498 0
21 240 32 94 95 174 259 260 438 442 506 560 0
22 67 132 429 40 143 161 183 323 338 359 388 0
23 404 32 273 319 375 406 446 0
24 558 401 87 204 481 0
25 56 203 316 352 32 330 370 376 470 596 0
26 529 5 145 347 505 548 592 0
27 374 280 234 551 357 544 553 0
28 261 95 204 220 247 275 292 392 429 544 548 0
29 587 93 235 37 111 112 140 259 267 347 408 0
30 567 163 108 226 304 331 362 438 0
31 388 216 317 463 498 594 0
32 314 10 21 23 25 66 83 207 216 252 260 350 522 535 0
33 435 104 180 358 382 413 584 594 0
34 75 11 97 183 389 390 479 0
35 180 449 206 125 135 179 275 282 377 418 0
36 499 53 202 309 328 365 482 0
37 516 29 67 96 111 240 420 500 517 536 0
38 471 110 423 437 504 552 0
39 187 67 157 324 354 558 0
40 169 456 578 22 49 148 271 450 473 516 553 0
41 260 5 12 19 70 88 172 565 579 0
42 162 61 99 139 228 257 302 305 370 413 431 517 528 0
43 124 152 597 377 299 170 50 74 117 178 265 294 393 433 434 437 0
44 88 371 201 96 336 107 127 263 353 429 497 565 0
45 389 58 116 174 348 406 490 511 577 589 0
46 292 425 306 308 350 600 0
47 526 477 297 75 134 181 183 311 315 367 372 425 453 562 0
48 566 73 139 173 174 247 410 524 539 545 0
49 78 454 326 290 548 40 113 217 248 328 373 416 435 436 517 568 588 0
50 442 571 277 43 266 323 335 409 465 468 553 0
51 7 566 134 192 249 306 402 417 443 490 556 599 0
52 466 13 114 202 227 365 523 543 577 0
53 526 255 97 36 54 362 0
54 537 53 140 327 391 526 0
55 442 249 265 461 472 0
56 82 25 502 588 219 102 246 297 310 315 369 427 450 475 534 0
57 295 147 164 197 232 422 451 475 509 580 0
58 570 45 77 99 114 183 332 350 509 0
59 102 310 338 195 16 185 463 466 0
60 507 457 574 0
61 597 293 349 42 314 345 0
62 499 126 254 374 0
63 250 543 6 176 344 378 418 499 535 553 0
64 590 323 387 426 459 461 0
65 432 87 138 246 380 388 550 599 0
66 499 32 117 226 229 270 302 344 494 525 596 0
67 479 22 145 73 7 37 39 136 269 332 416 541 0
68 580 5 84 95 218 262 486 515 548 0
69 99 485 117 250 289 432 451 460 547 566 0
70 433 87 554 16 41 174 277 360 455 565 0
71 204 412 413 400 232 113 133 143 302 399 495 511 572 579 0
72 519 417 419 225 276 488 493 531 0
73 67 322 20 48 583 0
74 169 345 43 173 273 300 524 542 566 0
75 329 34 529 47 102 113 282 333 368 0
76 589 110 182 247 316 383 424 474 484 0
77 521 58 155 233 582 584 0
78 497 49 13 103 176 266 336 364 496 535 0
79 84 119 222 250 146 336 371 472 568 573 599 0
80 394 481 148 184 377 502 564 0
81 470 440 263 119 185 297 425 466 486 551 0
82 479 56 462 582 104 159 202 274 301 411 0
83 412 11 32 90 216 377 0
84 427 346 79 455 15 68 284 363 0
85 560 102 122 186 264 274 278 319 361 506 545 597 0
86 507 5 91 96 109 277 314 391 428 484 537 574 583 0
87 70 24 65 109 128 159 181 392 0
88 527 44 41 395 399 406 470 594 0
89 229 249 250 390 442 451 529 536 564 590 0
90 499 327 442 245 287 207 83 101 166 184 325 329 374 378 0
91 521 360 86 128 277 304 324 359 444 498 526 592 598 0
92 155 244 492 138 269 351 546 0
93 29 302 385 190 275 555 589 0
94 440 21 145 342 353 521 537 559 574 586 0
95 377 305 21 28 68 316 469 508 0
96 44 136 37 86 117 318 330 423 515 0
97 53 34 140 191 244 359 565 0
98 159 2 100 312 324 415 591 0
99 250 111 69 42 58 141 339 473 0
100 104 98 173 324 554 570 571 0
101 499 581 356 479 394 430 90 371 390 571 592 0
102 158 59 552 178 2 56 75 85 153 167 213 338 348 350 387 0
103 466 1 78 280 305 326 491 530 579 0
104 329 100 33 82 145 258 290 411 524 0
105 345 15 117 138 163 164 198 221 480 520 585 0
106 390 294 319 312 162 212 255 457 583 0
107 295 12 44 161 219 288 384 464 583 0
108 232 30 224 370 401 521 0
109 427 334 535 151 86 87 139 158 327 379 396 531 547 0
110 586 465 414 4 5 38 76 124 139 271 373 374 387 389 421 442 475 500 516 554 567 0
111 99 370 29 37 133 182 188 189 201 213 256 363 388 486 514 0
112 369 29 300 434 497 584 0
113 470 564 220 16 49 71 75 178 510 0
114 168 422 52 58 147 245 376 415 430 440 0
115 337 284 308 322 391 438 561 599 0
116 4 589 45 213 0
117 251 43 66 69 96 105 280 0
118 446 299 303 304 433 486 579 0
119 79 459 512 17 81 128 131 175 201 368 477 503 546 565 571 0
120 473 140 195 268 359 382 388 404 0
121 267 0
122 473 320 498 14 85 220 287 378 391 535 0
123 509 1 282 404 408 439 0
124 314 43 306 374 138 153 110 139 175 205 277 371 492 542 0
125 581 567 476 35 208 393 534 587 0
126 199 62 169 183 294 372 419 515 0
127 362 44 141 204 295 314 320 0
128 347 87 91 119 259 293 364 487 505 0
129 160 555 14 371 428 441 478 482 584 0
130 423 135 320 339 353 488 520 584 0
131 246 119 184 412 491 554 0
132 22 586 496 0
133 267 494 433 256 537 443 71 111 146 151 183 237 344 389 519 568 0
134 549 448 47 51 269 429 0
135 416 176 35 130 344 0
136 96 67 213 233 338 342 558 591 0
137 323 256 352 392 488 576 0
138 124 482 65 92 105 158 266 434 533 0
139 344 541 10 42 48 109 110 124 158 164 259 454 474 513 591 0
140 568 29 54 97 120 173 253 301 437 515 0
141 581 148 584 8 99 127 156 316 527 557 600 0
142 390 312 448 532 572 0
143 427 22 71 144 423 557 0
144 446 223 143 543 0
145 67 150 26 94 104 410 451 590 0
146 442 343 79 133 292 305 318 331 336 421 455 0
147 278 233 57 114 229 230 401 410 492 0
148 141 358 180 289 557 40 80 279 351 432 466 498 543 0
149 229 323 170 332 419 570 0
150 145 153 172 182 212 346 540 0
151 109 17 133 249 347 566 577 0
152 43 337 309 174 17 211 283 331 371 555 0
153 124 102 150 367 453 471 482 521 530 538 584 0
154 230 364 173 203 213 240 356 490 0
155 158 92 540 1 77 334 0
156 327 387 141 197 486 561 0
157 330 16 19 39 203 225 259 276 552 576 0
158 7 102 155 528 109 138 139 184 193 263 280 292 460 546 548 0
159 404 288 98 298 342 576 82 87 208 295 568 579 0
160 348 129 200 229 402 0
161 278 22 107 253 262 414 426 0
162 590 42 106 262 0
163 30 248 105 167 370 440 522 524 600 0
164 271 408 57 105 139 210 338 0
165 533 12 219 344 540 550 563 585 0
166 546 504 90 171 214 215 236 319 0
167 275 5 102 163 195 223 565 0
168 348 379 114 190 276 310 364 399 440 575 589 0
169 443 40 74 126 381 500 559 560 0
170 43 149 179 206 318 396 465 545 0
171 497 208 166 187 308 376 388 416 584 0
172 198 41 150 296 321 349 367 505 0
173 558 48 74 100 140 154 174 249 255 325 427 462 466 587 0
174 152 6 21 45 48 70 173 232 404 453 459 0
175 204 365 119 124 467 564 0
176 135 63 78 190 215 228 319 322 414 0
177 348 250 386 414 495 0
178 102 19 43 113 266 397 398 464 0
179 433 35 170 439 456 0
180 148 558 35 33 214 373 402 423 522 0
181 470 291 328 47 87 238 325 408 441 565 569 0
182 9 76 111 150 201 216 317 358 400 422 443 0
183 410 268 372 196 1 22 34 47 58 126 133 216 299 370 398 484 559 0
184 331 80 90 131 158 201 215 227 252 261 302 333 367 0
185 389 59 81 301 499 590 0
186 208 85 372 390 476 566 0
187 330 39 171 421 0
188 452 191 111 338 486 505 0
189 235 111 233 251 318 395 428 474 0
190 351 93 168 176 202 205 228 301 359 497 500 545 0
191 188 2 97 324 525 559 0
192 558 51 209 266 291 370 463 464 478 491 563 0
193 520 158 415 560 0
194 455 367 409 212 260 285 293 354 503 0
195 59 120 167 320 380 389 395 464 506 0
196 183 233 259 272 396 400 448 0
197 439 5 57 156 255 259 393 470 477 504 518 526 0
198 240 172 105 207 213 465 0
199 222 373 126 209 319 350 377 0
200 566 160 256 300 549 563 0
201 44 111 119 182 184 209 306 326 405 459 0
202 343 453 36 52 82 190 345 350 407 0
203 25 460 154 157 0
204 356 71 333 20 175 24 28 127 375 0
205 288 124 190 275 418 420 473 564 600 0
206 35 170 285 426 500 0
207 90 32 198 306 339 378 390 412 504 505 0
208 171 186 125 159 354 357 549 0
209 8 192 199 201 224 238 410 495 586 0
210 362 164 425 449 492 0
211 289 152 245 359 419 558 0
212 13 106 150 194 246 388 423 493 573 0
213 529 11 102 111 116 136 154 198 214 348 374 447 0
214 382 166 180 213 315 329 344 492 0
215 496 166 176 184 289 304 311 341 358 424 583 0
216 314 393 11 31 32 83 182 183 279 0
217 223 49 273 296 379 386 574 590 0
218 332 4 68 240 270 286 367 0
219 56 506 107 165 0
220 113 28 122 268 370 400 406 0
221 314 546 105 247 269 419 526 560 0
222 79 199 9 242 291 353 473 517 599 0
223 144 217 167 352 390 0
224 257 108 209 242 523 530 542 0
225 301 72 157 516 0
226 356 368 598 282 16 30 66 309 476 0
227 478 52 184 0
228 594 42 176 190 281 317 331 385 435 436 556 0
229 470 149 452 89 509 242 66 147 160 325 392 422 473 0
230 278 154 147 342 369 0
231 259 18 329 406 512 0
232 71 108 57 174 0
233 147 77 136 189 196 439 0
234 27 311 0
235 29 189 240 469 0
236 558 166 299 408 444 551 0
237 344 590 267 278 259 303 133 304 359 477 504 0
238 516 378 426 181 209 297 371 523 0
239 594 10 577 0
240 271 21 198 4 37 154 218 235 387 431 527 0
241 362 261 399 404 517 0
242 229 222 224 292 374 411 483 543 0
243 281 375 483 514 0
244 92 1 97 302 468 535 567 0
245 90 114 211 292 472 0
246 285 520 348 269 131 56 65 212 395 420 0
247 346 503 28 48 76 221 395 547 578 0
248 163 9 49 268 368 378 410 497 0
249 291 9 51 55 89 151 173 297 0
250 79 99 63 69 89 177 369 387 479 516 0
251 338 117 189 268 285 377 505 543 575 0
252 585 596 304 32 184 255 374 401 437 541 0
253 304 140 161 421 428 0
254 316 5 62 390 0
255 53 464 428 106 173 197 252 260 281 0
256 133 488 111 137 200 265 277 316 445 0
257 302 224 42 0
258 263 104 316 319 455 0
259 237 439 231 9 21 29 128 139 157 196 197 350 458 0
260 404 592 41 21 32 194 255 262 340 366 490 0
261 265 28 184 241 279 556 588 594 0
262 406 68 161 162 260 343 353 391 0
263 81 559 496 258 44 158 360 489 0
264 269 375 489 85 308 373 416 504 547 569 0
265 7 261 43 55 256 299 351 376 381 401 438 457 477 0
266 288 7 50 78 138 178 192 281 301 422 430 515 0
267 237 133 518 121 8 29 343 416 429 467 485 593 0
268 183 120 220 248 251 386 427 488 491 511 522 0
269 246 423 264 467 484 67 92 134 221 562 0
270 600 66 218 306 381 470 0
271 307 240 164 397 40 110 281 358 475 0
272 542 196 276 477 0
273 433 23 74 217 293 307 364 502 0
274 15 82 85 495 596 0
275 502 284 461 523 167 28 35 93 205 276 306 405 444 445 598 0
276 503 12 72 157 168 272 275 330 337 422 423 492 545 0
277 50 533 13 70 86 91 124 256 366 496 0
278 237 230 363 161 147 85 329 368 395 435 528 552 0
279 3 148 216 261 310 433 448 493 569 593 0
280 27 486 487 103 117 158 300 379 400 534 584 598 0
281 547 243 228 255 266 271 352 397 493 512 0
282 226 35 75 123 0
283 513 152 291 312 335 362 396 509 537 0
284 275 84 115 352 427 448 0
285 479 246 384 194 206 251 291 476 0
286 351 218 303 336 370 591 0
287 90 5 122 365 0
288 159 266 205 107 342 0
289 148 211 69 215 310 315 341 351 354 448 505 573 0
290 49 399 104 318 501 539 0
291 181 249 192 222 283 285 346 350 392 538 0
292 378 46 28 146 158 242 245 323 357 514 584 0
293 61 128 194 273 308 451 507 0
294 106 43 126 322 504 0
295 307 107 57 350 127 159 363 454 575 579 0
296 297 172 217 313 346 425 469 0
297 47 296 415 538 56 81 238 249 317 388 403 404 416 421 435 520 0
298 159 479 535 0
299 43 118 183 236 265 448 560 0
300 506 74 112 200 280 349 365 414 495 507 561 0
301 520 225 544 82 140 185 190 266 442 0
302 93 257 591 42 66 71 184 244 329 426 0
303 237 361 359 118 286 329 398 590 0
304 252 253 30 91 118 215 237 386 389 525 0
305 95 17 42 103 146 309 326 455 599 0
306 124 463 14 46 51 201 207 270 275 344 379 439 484 509 0
307 528 271 510 295 273 331 340 575 579 0
308 418 7 46 115 171 264 293 315 361 391 407 0
309 152 36 226 305 328 441 598 0
310 59 549 389 56 168 279 289 323 335 527 0
311 234 47 215 373 396 401 563 0
312 106 98 142 283 486 487 547 592 0
313 492 296 323 581 0
314 7 32 344 221 124 216 61 86 127 362 400 470 515 562 0
315 546 47 56 214 289 308 321 402 559 0
316 25 254 76 95 141 256 258 453 467 560 0
317 360 31 182 228 297 431 539 0
318 592 18 96 146 170 189 290 337 346 372 409 474 580 0
319 106 23 85 166 176 199 258 338 552 0
320 122 15 127 130 195 359 407 459 461 476 0
321 462 172 315 548 594 0
322 73 17 115 176 294 361 425 549 565 0
323 149 137 22 50 64 292 310 313 360 439 0
324 330 39 91 98 100 191 353 511 519 0
325 369 19 90 173 181 229 389 588 0
326 49 354 2 103 201 305 418 514 0
327 90 335 156 54 109 0
328 181 36 49 309 329 0
329 410 75 104 90 214 231 278 302 303 328 412 0
330 496 187 324 157 25 96 276 443 482 505 573 0
331 481 184 30 146 152 228 307 505 526 0
332 375 218 58 67 149 379 439 487 504 523 0
333 204 396 75 184 375 561 587 0
334 109 1 155 0
335 327 50 283 310 0
336 44 12 14 78 79 146 286 337 355 413 421 0
337 152 444 115 276 318 336 514 586 0
338 59 251 22 102 136 164 188 319 393 411 441 530 538 0
339 423 99 130 207 454 0
340 528 260 307 375 377 433 567 0
341 560 215 289 411 461 542 578 595 0
342 159 94 136 230 288 367 452 453 486 531 542 0
343 146 202 262 267 383 395 504 0
344 314 237 474 386 139 63 66 133 135 165 214 306 502 0
345 74 403 105 61 202 557 582 0
346 84 247 585 150 291 296 318 481 0
347 549 561 128 26 29 151 413 458 599 0
348 246 521 168 177 160 45 102 213 381 486 0
349 61 431 172 300 416 0
350 295 32 46 58 102 199 202 259 291 402 0
351 356 190 420 286 92 148 265 289 0
352 25 4 137 223 281 284 0
353 525 569 44 94 130 222 262 324 500 580 0
354 326 39 194 208 289 0
355 470 16 336 396 417 502 0
356 101 226 351 204 451 154 365 439 456 493 540 557 0
357 387 27 208 292 408 514 0
358 148 495 547 522 534 33 182 215 271 513 521 0
359 303 22 91 97 120 190 211 237 320 0
360 91 317 70 263 323 0
361 303 441 85 308 322 510 540 561 0
362 567 600 127 210 241 545 30 53 283 314 394 396 413 468 586 0
363 278 84 111 295 461 490 0
364 154 78 128 168 273 369 0
365 175 36 52 287 300 356 462 501 516 534 0
366 487 260 277 492 579 0
367 194 47 153 172 184 218 342 383 441 0
368 226 75 119 248 278 402 422 550 0
369 502 112 475 325 56 230 250 364 460 0
370 111 457 25 42 108 163 183 192 220 286 382 482 520 561 0
371 44 79 101 124 129 152 238 0
372 183 47 126 186 318 406 559 0
373 199 5 6 49 110 180 264 311 441 0
374 124 27 469 445 62 90 110 213 242 252 402 536 538 0
375 264 332 13 23 204 243 333 340 393 0
376 520 25 114 171 265 406 529 561 590 0
377 43 95 35 80 83 199 251 340 0
378 238 292 63 90 122 207 248 382 413 422 463 492 511 0
379 168 109 217 280 306 332 401 420 433 473 554 558 0
380 428 65 195 554 0
381 478 10 15 169 265 270 348 456 457 473 509 0
382 499 214 407 33 120 370 378 410 430 598 0
383 600 12 76 343 367 412 560 596 0
384 285 107 386 0
385 93 20 228 484 554 0
386 344 177 217 268 304 384 0
387 156 357 64 102 110 240 250 390 448 497 544 0
388 514 31 500 22 65 111 120 171 212 297 395 558 0
389 310 530 185 491 45 34 110 133 195 304 325 433 526 595 0
390 552 106 142 34 89 101 186 207 223 254 387 0
391 464 54 86 115 122 262 308 0
392 537 28 87 137 229 291 472 552 576 0
393 216 43 125 197 338 375 491 571 581 0
394 101 404 80 362 398 433 443 508 0
395 406 88 189 195 246 247 278 343 388 495 555 0
396 333 490 109 170 196 283 311 355 362 428 550 0
397 271 3 178 281 454 534 566 0
398 450 178 183 303 394 434 437 455 557 0
399 290 17 71 88 168 241 452 500 511 0
400 71 182 196 220 280 314 0
401 24 108 147 252 265 311 379 0
402 406 599 577 51 160 180 315 350 368 374 492 497 519 0
403 345 297 484 505 0
404 394 260 159 594 514 23 539 120 123 174 241 297 583 0
405 20 201 275 418 517 0
406 7 402 262 395 23 45 88 220 231 372 376 460 481 494 566 571 584 0
407 382 202 308 320 452 534 553 0
408 164 29 123 181 236 357 411 0
409 194 50 318 452 467 0
410 7 329 183 556 48 145 147 209 248 382 423 561 0
411 587 563 11 82 104 242 338 341 408 428 0
412 71 83 2 131 207 329 383 528 546 0
413 71 33 42 336 347 362 378 463 522 593 0
414 110 161 176 177 300 446 463 500 503 0
415 297 3 5 98 114 193 519 583 0
416 481 135 49 67 171 264 267 297 349 0
417 72 51 355 439 506 517 577 0
418 15 16 308 10 35 63 205 326 405 0
419 72 126 149 211 221 422 434 442 493 516 0
420 351 37 205 246 379 439 504 527 593 0
421 551 110 146 187 253 297 336 424 587 592 0
422 114 18 57 182 229 266 276 368 378 419 444 468 559 0
423 269 339 130 38 96 143 180 212 276 410 526 0
424 510 572 76 215 421 459 461 599 0
425 46 47 81 210 296 322 502 0
426 238 9 11 64 161 206 302 531 0
427 470 466 84 109 143 56 173 268 284 471 483 497 582 0
428 255 380 86 129 189 253 396 411 0
429 22 28 44 134 267 589 0
430 101 573 517 114 266 382 543 0
431 349 42 240 317 569 0
432 15 450 65 1 11 69 148 455 0
433 133 70 179 273 43 118 279 340 379 389 394 566 0
434 581 43 112 138 398 419 494 537 0
435 517 33 49 228 278 297 440 458 499 529 0
436 516 49 228 531 0
437 559 38 43 140 252 398 572 0
438 516 21 30 115 265 522 0
439 259 197 15 123 179 233 306 323 332 356 417 420 492 0
440 81 587 94 114 163 168 435 499 514 588 0
441 361 2 129 181 309 338 367 373 0
442 90 146 50 55 6 21 89 110 301 419 492 529 0
443 133 169 51 182 330 394 468 484 495 505 530 538 0
444 337 11 91 236 275 422 450 472 530 0
445 374 256 275 487 532 0
446 511 118 144 574 550 23 414 453 0
447 455 524 595 213 459 0
448 134 583 9 142 196 279 284 289 299 387 533 544 0
449 35 210 456 536 0
450 432 398 40 56 444 545 550 0
451 356 18 57 69 89 145 293 466 0
452 229 471 188 342 399 407 409 514 594 0
453 202 47 153 174 316 342 446 531 594 0
454 49 9 139 295 339 397 523 0
455 84 447 194 70 146 258 305 398 432 523 532 563 568 587 0
456 40 179 356 381 449 510 554 0
457 370 60 106 265 381 0
458 566 259 347 435 460 493 0
459 119 64 174 201 320 424 447 0
460 203 12 69 158 369 406 458 550 0
461 275 55 64 320 341 363 424 463 466 513 531 0
462 82 321 173 365 485 503 527 0
463 306 31 59 192 378 413 414 461 515 0
464 255 391 107 178 192 195 524 0
465 110 50 170 198 0
466 427 553 103 52 59 81 148 173 451 461 558 584 0
467 269 18 175 267 316 409 523 0
468 533 50 244 362 422 443 496 573 0
469 374 95 235 296 544 0
470 427 499 81 526 229 113 181 562 355 25 88 197 270 314 597 0
471 452 38 153 427 545 552 0
472 558 55 79 245 392 444 0
473 546 122 120 19 40 99 205 222 229 379 381 475 492 499 598 0
474 344 76 139 189 318 0
475 369 565 56 57 110 271 473 529 0
476 125 186 226 285 320 516 538 0
477 47 12 119 197 237 265 272 510 538 548 578 580 0
478 14 381 227 129 192 484 512 571 0
479 101 82 285 67 480 34 250 298 525 545 0
480 479 105 501 576 0
481 80 331 416 24 346 406 0
482 138 6 36 129 153 330 370 530 0
483 9 242 243 427 600 0
484 269 76 86 183 306 385 403 443 478 579 0
485 69 267 462 0
486 280 68 81 111 118 156 188 312 342 348 0
487 280 366 501 128 312 332 445 0
488 256 531 16 72 130 137 268 503 574 0
489 264 263 493 0
490 396 45 51 154 260 363 552 0
491 389 103 131 192 268 393 0
492 92 313 124 147 210 214 276 366 378 402 439 442 473 496 0
493 594 72 212 279 281 356 419 458 489 0
494 133 66 406 434 561 0
495 358 71 177 209 274 300 395 443 0
496 263 570 3 330 215 78 132 277 468 492 549 0
497 508 171 78 44 112 190 248 387 402 427 592 0
498 122 20 31 91 148 0
499 470 101 7 90 382 66 560 62 36 63 185 435 440 473 0
500 388 37 110 169 190 206 353 399 414 0
501 487 290 365 480 517 0
502 56 511 275 369 80 273 344 355 425 524 578 0
503 247 532 276 119 194 414 462 488 541 0
504 166 38 197 207 237 264 294 332 343 420 586 0
505 7 1 12 26 128 172 188 207 251 289 330 331 403 443 518 565 0
506 219 300 21 85 195 417 591 0
507 585 86 60 293 300 562 0
508 553 497 95 394 520 587 0
509 229 123 57 58 283 306 381 0
510 307 424 113 361 456 477 0
511 502 446 45 71 268 324 378 399 557 0
512 119 231 281 478 516 540 0
513 2 283 139 358 461 522 0
514 404 388 15 111 243 292 326 337 357 440 452 0
515 597 542 68 96 126 140 266 314 463 0
516 587 436 238 438 37 40 110 225 250 365 419 476 512 519 569 590 0
517 430 435 37 42 49 222 241 405 417 501 541 0
518 267 6 197 505 0
519 553 72 133 324 402 415 516 0
520 246 376 193 301 105 130 297 370 508 576 0
521 348 77 91 94 108 153 358 530 0
522 358 32 163 180 268 413 438 513 574 0
523 275 52 224 238 332 454 455 467 569 598 0
524 447 48 74 104 163 464 502 0
525 581 353 9 66 191 304 479 0
526 470 53 527 47 54 91 197 221 331 389 423 534 561 0
527 526 88 17 141 240 310 420 462 585 0
528 158 307 340 42 278 412 540 541 575 0
529 75 213 580 26 89 376 435 442 475 562 592 0
530 389 103 153 224 338 443 444 482 521 537 0
531 488 5 72 109 342 426 436 453 461 0
532 503 142 445 455 561 0
533 277 468 165 11 138 448 534 0
534 358 56 125 280 365 397 407 526 533 575 0
535 109 32 63 78 122 244 298 584 0
536 584 37 89 374 449 0
537 133 19 54 392 86 94 283 434 530 0
538 297 153 291 338 374 443 476 477 572 0
539 404 48 290 317 577 0
540 155 150 165 356 361 512 528 0
541 139 10 67 252 503 517 528 0
542 515 272 9 74 124 224 341 342 573 0
543 63 52 144 148 242 251 430 574 0
544 301 27 28 387 448 469 565 591 599 0
545 362 3 48 85 170 190 276 450 471 479 581 589 0
546 221 315 473 166 92 119 158 412 562 0
547 358 281 575 8 69 109 247 264 312 0
548 49 26 28 68 158 321 477 0
549 310 134 347 200 208 322 496 0
550 446 7 65 165 368 396 450 460 570 0
551 27 421 81 236 556 597 0
552 102 390 38 157 278 319 392 471 490 0
553 466 508 519 27 40 50 63 407 567 581 0
554 70 100 110 131 379 380 385 456 0
555 129 93 152 395 0
556 410 51 228 261 551 0
557 148 579 141 143 345 356 398 511 0
558 180 24 472 236 192 173 39 136 211 379 388 466 0
559 263 437 6 94 169 183 191 315 372 422 0
560 499 85 341 21 169 193 221 299 316 383 0
561 347 115 156 300 333 361 370 376 410 494 526 532 580 0
562 470 47 269 314 507 529 546 586 0
563 411 165 192 200 311 455 0
564 113 80 89 175 205 0
565 475 41 44 70 97 119 167 181 322 505 544 0
566 51 458 48 200 69 74 151 186 397 406 433 571 0
567 125 362 30 110 244 340 553 0
568 588 140 49 79 133 159 455 0
569 353 181 264 279 431 516 523 588 0
570 496 58 100 149 550 0
571 50 100 101 119 393 406 478 566 0
572 424 71 142 437 538 0
573 430 19 79 212 289 330 468 542 598 0
574 446 5 15 60 86 94 217 488 522 543 0
575 547 168 251 295 307 528 534 589 0
576 159 137 157 392 480 520 0
577 402 45 52 151 239 417 539 0
578 40 247 341 477 502 0
579 557 8 41 71 103 118 159 295 307 366 484 0
580 529 68 57 318 353 477 561 0
581 101 141 525 434 125 313 393 545 553 0
582 82 77 345 427 0
583 448 13 73 86 106 107 215 404 415 0
584 141 536 33 77 112 129 130 153 171 280 292 406 466 535 0
585 346 252 507 105 165 527 0
586 132 110 14 94 209 337 362 504 562 0
587 440 516 29 411 125 173 333 421 455 508 0
588 56 4 15 568 5 49 261 325 440 569 0
589 116 76 45 93 168 429 545 575 593 0
590 237 162 64 14 89 145 185 217 303 376 516 0
591 302 98 136 139 286 506 544 0
592 260 318 26 91 101 312 421 497 529 0
593 2 267 279 413 420 589 0
594 404 493 239 228 31 33 88 261 321 452 453 0
595 447 341 389 0
596 252 25 66 274 383 0
597 43 515 61 85 470 551 0
598 226 91 275 280 309 382 473 523 573 0
599 402 51 65 79 115 222 305 347 424 544 0
600 362 270 383 46 141 163 205 483 0

