600  1502
1 563 346 235 312 0
2 276 0
3 492 230 284 415 498 0
4 71 126 281 0
5 222 209 92 442 231 42 63 176 360 0
6 302 313 126 256 440 472 530 0
7 65 523 444 9 98 253 389 398 424 0
8 73 210 376 397 417 0
9 171 421 394 7 147 203 209 420 0
10 458 448 484 308 60 81 414 582 0
11 128 461 87 138 485 0
12 339 192 305 0
13 232 60 291 418 591 0
14 339 40 76 192 251 481 0
15 128 513 160 0
16 299 239 393 428 562 0
17 593 72 339 371 455 0
18 457 232 405 407 436 0
19 245 0
20 218 393 84 246 282 514 0
21 440 210 247 458 577 0
22 318 98 209 559 0
23 554 568 0
24 28 105 562 580 0
25 210 471 396 516 0
26 434 166 282 425 547 0
27 28 138 251 100 162 196 505 0
28 294 449 52 24 503 342 27 437 473 0
29 583 376 348 96 129 0
30 339 182 225 275 525 0
31 106 345 494 249 251 512 529 0
32 562 246 241 309 0
33 117 482 181 330 537 0
34 458 450 252 322 0
35 54 423 491 508 0
36 72 428 62 77 348 432 509 0
37 268 64 302 0
38 368 542 311 324 188 167 206 240 0
39 474 373 89 160 0
40 14 372 352 117 298 439 476 0
41 366 597 105 243 322 389 594 0
42 5 151 394 552 569 581 0
43 79 237 367 371 532 0
44 132 457 582 0
45 449 191 403 409 444 469 478 0
46 406 439 70 512 522 523 0
47 82 125 372 0
48 190 184 256 400 519 561 0
49 212 479 132 331 99 140 480 569 575 0
50 54 360 147 0
51 478 72 94 286 457 0
52 28 155 0
53 395 237 104 430 0
54 216 50 338 35 79 120 176 205 210 212 246 450 0
55 418 537 173 94 355 0
56 401 136 274 479 516 0
57 301 97 525 0
58 190 577 134 360 399 0
59 214 92 156 218 273 388 411 0
60 10 13 409 480 0
61 395 128 170 419 414 86 343 543 0
62 141 36 190 219 543 586 0
63 570 167 5 113 549 0
64 576 74 37 82 445 540 0
65 117 7 241 570 0
66 563 255 89 535 582 0
67 509 0
68 142 230 272 0
69 518 154 337 0
70 46 505 369 385 479 0
71 542 506 4 324 447 0
72 583 381 137 36 17 51 142 291 451 0
73 112 387 8 201 241 509 0
74 64 135 150 168 276 360 370 0
75 219 228 331 0
76 302 14 484 0
77 227 36 102 158 284 389 431 489 0
78 355 446 189 407 0
79 150 43 54 187 281 0
80 226 116 0
81 429 172 10 581 0
82 334 370 47 64 157 552 576 0
83 372 87 434 0
84 20 259 558 585 0
85 407 227 298 589 0
86 448 61 237 322 402 562 0
87 11 83 165 184 282 369 0
88 224 166 328 0
89 66 520 39 135 596 0
90 232 566 0
91 425 496 0
92 5 582 269 434 115 443 59 248 256 345 511 0
93 273 355 225 407 137 475 0
94 297 51 55 181 0
95 171 198 265 423 0
96 29 127 0
97 57 498 0
98 271 7 22 414 512 561 0
99 427 289 49 440 0
100 344 357 147 27 0
101 278 247 298 396 559 0
102 406 495 391 77 137 246 301 572 0
103 583 110 415 459 0
104 494 53 182 308 434 0
105 123 24 41 200 391 0
106 563 402 108 296 477 31 126 391 0
107 452 329 159 174 207 213 274 0
108 106 522 202 123 159 165 280 292 0
109 180 426 173 262 317 454 0
110 103 265 143 162 447 0
111 114 0
112 314 220 412 452 73 140 321 0
113 371 63 0
114 535 405 440 111 156 0
115 92 299 464 203 440 0
116 201 317 80 515 0
117 488 33 65 535 457 40 241 286 584 0
118 551 0
119 306 0
120 303 54 195 217 267 0
121 582 341 0
122 209 481 214 243 193 330 420 0
123 403 105 420 108 171 232 308 0
124 212 298 434 440 0
125 476 191 47 154 511 529 0
126 4 6 106 130 286 395 486 0
127 280 96 137 286 330 567 0
128 61 11 15 544 0
129 412 29 213 253 515 0
130 475 433 126 197 216 247 290 383 419 0
131 405 270 171 359 593 0
132 49 44 148 323 349 0
133 232 0
134 418 413 58 136 189 209 325 0
135 328 74 89 251 304 386 499 0
136 327 277 56 134 246 279 0
137 72 93 102 127 226 322 352 0
138 27 11 399 571 595 0
139 210 479 552 573 592 0
140 537 49 112 344 526 551 0
141 238 62 485 0
142 429 68 72 217 0
143 238 110 0
144 231 0
145 177 170 185 273 0
146 452 510 593 394 582 584 0
147 100 9 50 0
148 225 198 132 229 451 0
149 288 547 154 265 0
150 174 285 476 492 79 74 415 0
151 237 42 257 299 0
152 164 178 384 388 0
153 268 245 264 207 484 550 0
154 314 69 125 149 0
155 52 316 327 0
156 444 59 114 417 593 0
157 268 194 82 329 591 0
158 570 77 244 493 562 588 0
159 167 107 108 0
160 418 15 39 231 577 0
161 278 372 456 519 0
162 350 519 27 110 167 0
163 365 287 0
164 190 152 486 356 360 528 0
165 400 382 87 108 497 0
166 297 26 88 266 0
167 63 159 38 162 254 0
168 348 74 233 358 455 478 571 0
169 250 538 385 211 404 0
170 61 145 288 323 353 385 485 508 538 585 0
171 222 9 508 95 123 131 203 0
172 81 432 0
173 55 527 272 109 302 371 436 451 0
174 258 150 563 363 107 179 425 0
175 544 236 301 443 0
176 505 5 54 217 333 384 0
177 446 145 492 0
178 579 600 189 152 357 534 588 0
179 484 174 250 365 395 0
180 401 109 350 380 0
181 574 33 94 0
182 232 30 104 395 464 0
183 501 460 243 371 490 509 0
184 538 292 48 87 393 0
185 250 145 0
186 495 525 0
187 477 561 540 79 326 450 453 0
188 38 499 0
189 178 78 134 555 0
190 563 493 164 318 58 48 62 209 0
191 125 45 243 253 405 539 588 0
192 230 12 14 285 370 481 598 0
193 561 122 364 0
194 157 420 453 473 584 0
195 325 120 331 593 0
196 222 27 511 0
197 495 130 598 0
198 148 95 386 512 0
199 209 332 393 529 0
200 550 105 0
201 475 116 73 347 586 0
202 108 224 295 457 500 0
203 115 279 9 171 240 253 420 421 600 0
204 531 0
205 419 54 238 444 493 525 0
206 326 38 241 452 492 0
207 244 107 153 309 357 435 0
208 435 351 262 486 0
209 5 570 199 122 579 9 22 134 190 494 0
210 258 139 466 25 480 8 21 54 311 0
211 527 169 274 0
212 222 544 49 447 545 124 54 337 397 0
213 341 107 129 538 0
214 122 59 409 224 443 0
215 474 333 584 0
216 285 54 305 130 262 268 379 391 530 560 0
217 593 120 142 176 422 423 0
218 398 20 534 59 0
219 535 75 62 327 470 474 0
220 112 280 381 0
221 294 240 403 559 0
222 5 474 212 287 488 435 250 224 171 487 196 517 539 0
223 418 533 489 0
224 222 88 202 214 352 376 393 432 465 514 0
225 93 148 30 445 495 0
226 493 80 137 0
227 495 77 85 460 0
228 340 75 365 0
229 271 148 346 369 423 453 587 0
230 3 192 68 439 0
231 5 144 160 305 331 0
232 563 13 182 133 90 18 123 437 0
233 327 168 393 559 0
234 418 289 450 467 0
235 1 315 486 510 526 0
236 477 337 175 535 0
237 53 581 302 564 151 43 86 410 523 0
238 276 143 141 205 0
239 400 16 391 493 0
240 221 38 203 0
241 65 432 32 73 117 206 0
242 296 266 402 456 0
243 122 41 183 191 369 543 0
244 422 207 158 267 0
245 153 19 0
246 32 288 20 54 102 136 320 352 391 455 0
247 296 21 101 130 0
248 499 92 278 0
249 552 515 31 429 527 0
250 222 550 169 185 321 179 0
251 27 14 31 135 525 0
252 34 416 0
253 368 7 129 191 203 285 0
254 555 418 167 0
255 66 301 588 0
256 591 6 48 92 0
257 301 151 330 354 594 0
258 555 174 210 400 489 598 0
259 84 405 499 0
260 518 267 388 0
261 458 283 403 427 0
262 208 109 216 340 397 414 501 519 0
263 292 538 573 0
264 153 327 379 509 0
265 110 95 149 416 529 0
266 242 166 468 0
267 302 120 244 260 0
268 555 475 273 153 157 37 216 347 549 0
269 92 594 361 0
270 131 514 559 598 0
271 392 229 98 322 491 493 0
272 173 68 287 0
273 268 93 403 490 379 59 145 276 320 555 0
274 381 56 107 211 0
275 477 30 307 337 0
276 555 465 518 312 455 368 238 2 74 273 302 319 401 579 0
277 136 389 292 432 0
278 465 388 502 161 101 248 374 426 482 485 0
279 203 539 136 436 437 0
280 220 362 427 127 408 108 562 0
281 340 567 575 4 79 472 479 571 0
282 511 20 26 87 0
283 395 526 261 378 449 0
284 412 3 77 528 0
285 150 429 406 294 216 573 192 253 394 581 0
286 302 51 117 126 127 474 0
287 222 458 365 559 163 272 0
288 246 149 170 483 0
289 99 491 234 322 423 0
290 552 130 406 557 0
291 557 525 13 72 309 0
292 184 263 108 277 521 526 0
293 392 320 359 403 415 509 549 0
294 285 221 28 590 413 544 0
295 475 562 587 202 399 551 0
296 106 242 247 558 343 353 369 0
297 584 94 166 577 0
298 477 40 85 101 124 323 481 0
299 115 16 151 419 0
300 390 534 595 0
301 465 257 57 588 102 175 255 390 449 0
302 237 6 267 76 286 37 173 276 380 485 541 0
303 570 120 0
304 347 332 135 427 459 0
305 216 12 231 0
306 356 119 0
307 476 347 431 275 308 0
308 10 504 104 123 307 313 388 404 0
309 374 32 207 291 0
310 334 563 0
311 38 210 317 514 0
312 276 325 1 320 558 0
313 6 308 0
314 518 112 154 417 328 420 554 0
315 434 472 235 0
316 400 366 375 155 0
317 116 521 109 311 436 494 0
318 190 22 359 380 401 456 0
319 323 276 340 401 451 0
320 466 595 422 246 273 293 312 578 0
321 250 112 384 394 0
322 34 41 86 137 271 289 0
323 488 501 423 319 478 132 170 298 541 586 0
324 38 71 476 509 0
325 312 195 134 338 479 494 0
326 478 206 436 569 187 407 549 0
327 479 136 233 512 155 219 264 0
328 535 135 88 314 0
329 107 157 409 481 0
330 502 33 122 127 257 525 0
331 49 75 195 231 0
332 304 199 574 0
333 215 176 523 574 0
334 402 82 310 576 0
335 559 468 346 0
336 527 598 0
337 236 69 212 275 340 428 0
338 54 325 488 0
339 532 12 14 374 30 17 369 487 0
340 596 228 281 517 262 319 337 344 0
341 536 371 213 121 0
342 28 396 380 547 0
343 345 61 296 364 407 0
344 582 554 100 140 340 441 483 0
345 31 343 92 393 577 0
346 1 229 335 407 0
347 307 304 459 367 201 268 391 561 0
348 29 358 168 546 36 411 504 538 0
349 563 132 0
350 180 162 367 458 0
351 208 404 571 388 587 0
352 40 137 224 246 529 0
353 401 170 296 0
354 390 473 257 0
355 93 78 553 55 365 517 0
356 164 306 0
357 100 178 207 0
358 348 168 0
359 502 131 293 318 464 0
360 50 5 58 74 164 393 0
361 444 269 429 525 0
362 280 425 431 0
363 174 488 524 0
364 439 193 343 0
365 287 163 469 179 228 355 410 465 570 0
366 316 41 0
367 347 43 350 380 555 0
368 276 38 253 432 548 0
369 70 87 229 243 296 339 572 0
370 82 74 192 0
371 341 113 17 43 173 183 521 0
372 40 83 47 161 490 0
373 39 377 0
374 339 309 278 459 0
375 316 0
376 29 560 8 224 0
377 373 0
378 544 283 464 512 598 0
379 273 216 264 0
380 180 302 318 342 367 525 0
381 72 274 220 0
382 165 489 433 445 451 454 0
383 508 130 427 462 0
384 600 152 176 321 459 0
385 169 70 170 386 586 0
386 455 135 198 385 574 0
387 73 0
388 278 552 529 399 59 152 260 308 351 404 495 538 580 0
389 277 7 41 77 461 559 0
390 501 354 300 301 0
391 102 410 105 106 216 239 246 347 530 535 0
392 401 271 293 439 0
393 20 16 184 199 224 233 345 360 408 536 0
394 9 42 146 285 321 0
395 418 53 530 61 441 507 283 126 179 182 0
396 342 25 101 419 525 0
397 419 8 212 262 467 478 0
398 465 218 411 7 503 0
399 388 58 138 295 0
400 258 316 165 239 48 435 0
401 501 180 392 551 56 353 276 318 319 513 0
402 106 334 580 86 242 500 0
403 273 123 45 221 261 293 0
404 351 169 308 388 504 0
405 114 131 18 191 259 0
406 285 102 46 290 413 491 0
407 93 85 18 78 326 343 346 0
408 280 548 393 0
409 214 45 60 329 0
410 391 237 365 448 479 0
411 398 59 348 0
412 112 129 596 591 284 445 0
413 134 467 294 406 486 511 0
414 61 10 98 262 443 456 487 0
415 463 3 103 150 293 422 0
416 252 265 426 482 594 0
417 314 8 156 0
418 254 395 55 134 234 576 223 160 13 0
419 61 511 205 397 130 299 396 452 0
420 123 9 122 194 203 314 0
421 9 203 0
422 320 585 244 217 415 521 0
423 323 496 509 35 95 217 229 289 563 0
424 518 7 0
425 502 91 26 174 362 535 0
426 109 278 416 427 581 0
427 280 99 261 304 383 426 470 0
428 36 16 337 458 0
429 285 437 578 81 142 483 249 361 432 0
430 518 53 471 0
431 307 77 362 473 581 0
432 241 497 36 172 224 277 368 429 0
433 130 382 509 0
434 92 315 26 83 104 124 587 0
435 222 599 208 207 400 0
436 326 18 173 279 317 0
437 429 28 232 279 0
438 447 0
439 46 364 40 230 392 0
440 114 21 6 99 115 124 465 0
441 395 344 0
442 5 490 0
443 92 451 175 214 414 448 0
444 7 361 156 45 205 0
445 412 64 225 382 0
446 78 177 0
447 212 438 71 110 517 536 0
448 10 86 410 443 472 482 0
449 28 45 283 301 467 472 0
450 34 54 187 234 471 487 520 0
451 443 72 148 173 319 382 573 0
452 112 146 107 206 419 492 589 0
453 595 187 194 229 0
454 550 109 382 485 0
455 276 541 386 17 168 246 0
456 592 161 242 318 414 0
457 117 18 44 51 202 0
458 287 10 261 34 584 21 350 428 579 589 0
459 347 103 304 374 384 579 0
460 183 227 0
461 11 389 471 0
462 497 383 529 0
463 476 572 415 0
464 115 182 359 378 480 0
465 276 278 301 398 224 365 440 467 562 0
466 210 320 0
467 413 234 397 449 465 499 0
468 335 266 576 0
469 365 45 0
470 505 219 427 498 0
471 25 430 450 461 508 0
472 315 6 281 448 449 575 0
473 354 28 194 431 496 0
474 222 555 215 39 219 286 0
475 268 295 201 130 93 0
476 150 307 463 125 40 324 596 0
477 106 275 187 236 298 550 0
478 323 326 51 45 168 397 0
479 49 327 56 70 139 281 325 410 566 0
480 210 49 60 464 596 0
481 122 14 192 298 329 0
482 33 278 416 448 492 540 0
483 429 288 344 0
484 10 179 76 153 588 0
485 141 11 170 278 302 454 0
486 164 126 208 235 413 0
487 222 339 414 450 0
488 222 323 117 556 574 338 363 490 0
489 382 77 223 258 0
490 273 183 372 442 488 0
491 289 35 271 406 0
492 150 3 524 177 206 452 482 0
493 190 226 158 205 239 271 0
494 31 104 209 317 325 0
495 102 186 197 227 225 388 545 550 0
496 423 91 473 537 579 0
497 432 462 165 510 0
498 503 3 97 470 544 0
499 541 248 135 188 259 467 0
500 501 202 402 0
501 323 390 532 401 536 500 183 262 513 0
502 278 359 425 549 330 0
503 28 498 592 398 532 0
504 308 348 404 0
505 70 470 176 27 0
506 71 0
507 395 0
508 171 383 35 170 471 512 0
509 423 67 36 73 183 264 293 324 433 560 0
510 146 235 497 531 0
511 419 282 92 125 196 413 0
512 327 31 46 98 198 378 508 0
513 15 401 501 557 0
514 595 20 224 270 311 0
515 249 116 129 0
516 595 25 56 575 0
517 340 222 355 447 0
518 276 314 260 69 430 424 0
519 162 48 161 262 0
520 89 450 565 0
521 317 292 371 422 0
522 108 46 539 0
523 7 565 46 237 333 0
524 492 363 0
525 291 30 57 186 205 251 330 361 380 396 546 566 0
526 283 140 235 292 0
527 173 211 336 249 0
528 548 164 284 0
529 388 31 125 199 265 352 462 0
530 395 586 6 216 391 0
531 554 204 510 0
532 501 339 43 503 0
533 223 0
534 218 178 300 0
535 117 114 219 328 66 236 391 425 556 0
536 501 341 393 447 595 0
537 55 140 33 496 543 567 0
538 169 184 170 213 263 348 388 598 0
539 279 191 222 522 543 0
540 187 64 482 0
541 455 499 302 323 0
542 38 71 0
543 559 61 62 243 537 539 0
544 212 378 175 128 294 498 0
545 212 495 0
546 348 525 0
547 149 26 342 554 0
548 408 528 368 0
549 502 63 268 293 326 0
550 250 200 454 153 477 495 0
551 401 118 140 295 0
552 388 557 249 290 42 82 139 0
553 355 0
554 344 531 23 314 547 0
555 474 258 254 268 276 189 273 367 0
556 488 535 0
557 552 291 290 513 0
558 296 84 312 0
559 287 335 543 22 101 221 233 270 389 561 586 0
560 376 216 509 0
561 187 193 48 98 347 559 0
562 295 32 16 24 86 158 280 465 586 0
563 174 583 190 106 232 66 349 589 1 310 423 0
564 237 0
565 523 520 0
566 599 90 479 525 0
567 281 127 537 0
568 23 0
569 326 42 49 0
570 209 303 63 158 65 365 0
571 351 138 168 281 0
572 463 102 369 0
573 285 139 263 451 581 0
574 488 181 332 333 386 0
575 281 49 472 516 0
576 418 64 82 334 468 594 0
577 58 21 160 297 345 0
578 429 320 0
579 209 178 276 458 459 496 595 0
580 402 598 24 388 0
581 237 42 81 285 426 431 573 0
582 92 344 121 10 44 66 146 0
583 563 103 29 72 0
584 458 297 117 146 194 215 0
585 422 84 170 0
586 530 62 201 323 385 559 562 0
587 295 229 351 434 0
588 301 158 178 191 255 484 0
589 563 85 452 458 0
590 294 0
591 412 256 13 157 0
592 503 456 139 0
593 146 17 217 131 156 195 0
594 269 41 257 416 576 0
595 320 453 516 514 138 300 536 579 0
596 412 340 89 476 480 0
597 41 0
598 580 192 197 258 270 336 378 538 0
599 435 566 0
600 178 384 203 0

600  1550
1 439 432 106 267 0
2 164 496 568 208 386 0
3 421 111 304 0
4 565 482 10 76 104 150 160 265 494 0
5 412 85 133 296 510 0
6 485 61 95 97 339 131 378 0
7 418 110 430 529 0
8 594 326 533 0
9 214 243 0
10 119 4 17 47 102 311 497 561 0
11 569 55 93 207 215 358 0
12 252 323 548 0
13 556 61 166 262 404 0
14 439 116 150 219 323 543 0
15 95 436 0
16 59 407 278 293 507 20 25 229 319 395 522 547 0
17 385 10 205 352 427 0
18 343 587 0
19 540 172 397 424 503 0
20 387 74 16 248 521 541 551 0
21 570 449 336 364 230 327 28 98 190 205 223 0
22 248 433 386 421 522 584 600 0
23 530 311 263 491 503 0
24 588 77 115 221 350 0
25 140 16 57 304 597 0
26 206 70 508 312 387 455 0
27 306 458 503 0
28 588 436 270 21 389 0
29 171 45 399 584 0
30 437 523 469 64 0
31 460 154 174 503 264 442 475 574 0
32 206 87 523 0
33 571 494 401 94 209 585 0
34 452 392 505 116 582 0
35 149 64 0
36 331 266 443 0
37 214 90 252 294 329 391 470 0
38 59 282 226 309 0
39 62 0
40 100 380 249 305 352 0
41 547 151 291 355 541 0
42 474 75 167 255 470 0
43 131 165 167 197 414 543 589 599 0
44 313 474 477 361 93 205 590 0
45 29 516 117 281 0
46 562 246 177 402 0
47 412 521 180 10 332 379 0
48 368 287 74 400 539 0
49 309 399 249 0
50 226 51 218 133 120 354 579 0
51 50 383 182 382 482 494 0
52 85 92 181 274 332 469 0
53 313 231 478 545 554 0
54 131 504 512 105 139 286 0
55 11 321 590 0
56 482 0
57 189 25 157 281 493 577 0
58 94 89 169 192 254 434 0
59 142 501 16 38 63 199 0
60 237 138 245 307 319 386 0
61 6 13 206 0
62 598 39 439 455 305 519 313 350 399 484 491 553 557 0
63 252 59 104 149 240 368 457 482 567 0
64 30 35 134 259 381 530 0
65 323 117 156 191 0
66 312 103 268 282 541 0
67 499 328 289 501 0
68 500 317 540 276 376 391 586 72 108 125 0
69 421 73 289 0
70 26 233 272 279 459 0
71 192 113 239 455 600 0
72 127 68 92 248 309 499 546 0
73 239 69 0
74 20 48 537 0
75 467 233 42 355 0
76 110 4 176 313 0
77 180 24 292 529 0
78 274 213 0
79 513 534 208 389 395 548 566 0
80 324 119 195 203 285 342 0
81 472 540 0
82 418 284 398 0
83 570 425 296 409 144 321 240 539 0
84 460 597 388 401 570 0
85 5 52 221 451 537 0
86 331 244 116 277 316 546 599 0
87 393 177 32 96 253 459 0
88 344 250 518 241 258 357 435 593 0
89 506 58 0
90 221 37 268 278 385 0
91 321 100 308 435 468 0
92 458 390 515 52 72 350 406 409 562 0
93 109 11 44 152 571 0
94 263 549 232 58 457 347 33 119 189 559 0
95 6 15 286 0
96 102 579 473 87 135 405 0
97 6 0
98 487 21 177 219 260 346 0
99 289 159 0
100 214 40 91 287 583 0
101 250 122 162 274 359 500 0
102 179 96 171 290 123 10 172 0
103 365 261 66 263 278 510 540 565 0
104 547 285 4 63 268 535 0
105 54 578 161 177 452 595 0
106 203 438 182 527 1 298 373 0
107 349 143 145 249 271 492 0
108 163 68 324 467 567 0
109 234 93 443 517 0
110 7 447 76 267 0
111 533 211 3 214 263 380 0
112 370 229 176 374 434 539 0
113 71 120 222 414 568 0
114 534 0
115 140 24 218 0
116 325 539 192 251 126 332 213 453 14 34 86 121 475 499 555 0
117 45 65 345 0
118 591 570 259 348 202 139 0
119 258 356 10 80 94 157 197 0
120 275 50 113 133 203 245 324 351 0
121 324 595 116 353 364 566 0
122 158 101 201 0
123 102 0
124 466 132 228 592 0
125 514 389 68 198 504 507 577 0
126 116 353 587 257 160 219 379 471 527 0
127 192 414 72 589 0
128 554 338 379 434 506 596 0
129 473 356 401 0
130 185 400 194 224 408 472 547 0
131 263 368 54 371 476 43 6 166 230 322 384 538 590 0
132 460 124 409 515 0
133 50 5 120 404 477 0
134 313 64 162 460 531 0
135 376 96 214 344 479 529 0
136 598 0
137 518 157 427 0
138 231 148 350 60 159 371 440 568 0
139 338 262 397 54 118 467 579 0
140 500 152 25 115 328 363 382 415 572 0
141 498 229 254 276 384 0
142 562 59 375 170 210 248 315 441 509 590 0
143 596 107 390 0
144 83 0
145 313 107 0
146 369 413 0
147 539 372 252 337 0
148 138 543 347 0
149 461 35 63 306 542 0
150 583 4 14 275 0
151 588 41 188 388 0
152 140 93 185 200 467 0
153 254 283 592 0
154 31 167 307 168 240 326 584 586 0
155 280 197 569 0
156 365 65 355 413 536 0
157 571 57 119 137 267 277 342 0
158 371 122 550 559 0
159 586 99 138 191 434 512 594 0
160 309 4 126 0
161 337 105 179 230 302 321 0
162 404 101 134 254 480 491 0
163 234 108 456 525 378 599 0
164 500 2 528 177 576 0
165 409 522 43 425 0
166 426 13 131 313 358 0
167 154 273 42 43 221 0
168 292 154 0
169 171 58 178 261 412 512 0
170 142 464 476 0
171 102 29 308 169 330 0
172 232 471 492 550 19 102 353 497 583 0
173 188 459 524 558 0
174 31 315 352 223 257 576 0
175 215 185 225 0
176 219 76 112 269 359 452 517 0
177 87 46 98 105 164 179 181 472 0
178 383 560 169 417 0
179 412 263 102 225 544 537 161 177 497 0
180 47 564 77 373 301 0
181 513 499 52 177 486 0
182 106 51 344 0
183 499 369 558 0
184 268 480 0
185 549 130 301 152 175 243 430 0
186 361 345 268 324 423 518 0
187 551 419 558 0
188 325 461 173 151 0
189 513 393 547 57 94 0
190 542 228 21 241 415 533 575 0
191 528 384 333 467 65 159 244 0
192 116 485 127 71 416 58 349 423 577 0
193 208 202 242 492 0
194 252 130 410 422 456 0
195 513 80 338 0
196 398 233 302 0
197 593 43 119 155 360 454 546 578 0
198 552 125 0
199 338 59 362 409 481 559 0
200 394 152 591 0
201 250 122 0
202 118 378 193 305 487 0
203 591 106 324 599 80 120 236 522 0
204 385 265 228 0
205 425 444 17 21 44 276 442 0
206 234 32 418 216 26 61 347 384 0
207 366 11 460 465 0
208 276 193 247 2 79 456 492 513 579 0
209 588 239 33 0
210 472 222 142 315 500 505 0
211 111 228 366 0
212 565 531 277 296 569 0
213 116 78 294 372 485 562 0
214 410 9 37 100 111 135 264 595 0
215 348 175 11 347 378 528 0
216 206 459 253 316 389 427 485 0
217 291 446 0
218 50 115 409 0
219 551 320 176 14 98 126 236 348 488 540 0
220 234 410 429 540 0
221 492 90 24 85 167 0
222 210 113 383 0
223 263 483 21 174 360 0
224 280 491 130 277 330 0
225 179 175 256 0
226 562 50 38 231 355 393 408 0
227 261 319 275 473 489 0
228 190 264 124 204 211 291 452 507 0
229 112 16 141 278 0
230 21 559 131 161 508 0
231 53 138 226 378 402 428 577 0
232 94 275 172 331 398 403 422 511 0
233 75 70 196 278 363 0
234 591 437 313 206 109 220 163 451 370 443 445 457 0
235 321 575 322 439 450 539 0
236 476 203 219 351 393 592 0
237 535 526 60 329 398 0
238 336 0
239 209 73 71 254 391 440 0
240 500 63 83 154 309 345 515 0
241 355 362 88 190 395 0
242 556 193 0
243 344 9 185 0
244 86 191 264 0
245 354 60 120 587 0
246 46 0
247 208 0
248 374 22 20 72 142 0
249 348 40 49 107 267 568 0
250 88 101 201 256 296 0
251 116 435 428 552 0
252 562 63 12 194 37 147 471 0
253 297 87 216 0
254 591 428 153 326 58 141 162 239 262 510 0
255 509 42 511 582 0
256 298 225 250 449 0
257 126 174 380 444 516 0
258 548 119 88 356 357 412 528 0
259 118 588 554 489 64 379 507 0
260 528 98 0
261 103 227 567 169 433 0
262 139 13 254 0
263 179 94 223 513 562 131 571 454 23 103 111 0
264 228 31 214 244 0
265 204 4 282 309 579 0
266 485 36 0
267 110 1 157 249 486 0
268 512 434 184 582 66 90 104 186 270 354 393 396 416 0
269 300 176 436 447 566 0
270 28 268 406 0
271 431 107 302 372 485 0
272 333 70 326 344 0
273 167 0
274 321 78 52 101 363 473 0
275 232 532 120 286 150 227 439 0
276 68 306 208 478 141 205 0
277 278 299 86 157 212 224 343 452 592 0
278 16 431 277 90 103 229 233 484 0
279 477 70 0
280 562 155 224 0
281 312 45 57 347 475 493 563 0
282 38 66 265 387 0
283 586 153 0
284 82 331 406 0
285 104 80 356 594 0
286 275 54 95 524 0
287 48 100 371 402 0
288 315 450 0
289 570 99 395 584 67 69 0
290 102 366 451 454 510 0
291 317 217 41 228 0
292 372 486 168 77 377 0
293 16 349 360 407 455 521 0
294 526 520 37 213 384 496 0
295 498 0
296 83 5 212 250 0
297 414 484 329 253 320 457 0
298 549 546 256 106 402 0
299 277 346 385 481 494 0
300 386 269 397 588 0
301 185 180 470 503 563 0
302 528 161 196 271 476 0
303 340 304 0
304 332 3 25 303 0
305 62 40 202 498 529 0
306 276 27 149 345 348 0
307 154 60 368 546 0
308 171 91 392 401 469 556 582 0
309 324 49 386 160 38 72 240 265 317 599 0
310 511 324 469 554 581 596 0
311 23 600 10 0
312 478 66 281 26 0
313 234 44 343 145 53 493 134 62 76 166 319 379 400 526 0
314 500 417 366 569 467 0
315 174 288 142 210 400 494 542 591 0
316 374 86 216 0
317 68 591 291 309 375 450 0
318 479 0
319 227 16 60 313 564 588 0
320 219 297 493 586 0
321 83 91 235 274 498 55 161 395 0
322 514 131 235 384 408 0
323 12 65 14 591 0
324 203 309 337 80 121 108 120 186 310 397 0
325 437 116 188 365 445 579 0
326 254 8 154 272 350 395 0
327 21 538 573 0
328 67 140 0
329 297 37 237 335 406 427 592 0
330 335 171 224 402 553 0
331 232 36 86 284 372 385 400 519 539 596 0
332 116 304 576 47 52 351 404 586 0
333 191 272 475 0
334 548 524 479 577 0
335 528 330 329 0
336 21 411 238 377 0
337 324 161 147 501 547 591 0
338 372 139 199 128 195 0
339 6 397 579 0
340 473 303 344 442 0
341 397 348 366 526 0
342 495 80 157 373 384 571 594 0
343 313 18 277 392 498 0
344 495 88 243 135 182 272 340 403 530 0
345 186 117 240 306 403 519 525 0
346 510 98 299 391 536 581 595 0
347 94 148 206 215 281 432 464 0
348 118 565 249 556 215 219 306 341 355 395 0
349 293 107 192 0
350 138 442 424 24 62 92 326 514 0
351 535 120 236 332 443 527 0
352 174 406 17 40 370 590 0
353 126 121 172 379 493 0
354 476 245 50 268 420 0
355 548 241 41 75 156 226 348 0
356 119 573 129 258 285 496 0
357 489 88 258 379 0
358 443 11 166 0
359 449 101 176 380 497 0
360 588 197 223 293 439 459 500 0
361 44 186 0
362 241 199 0
363 365 140 233 274 476 484 563 0
364 21 379 121 404 0
365 556 156 103 363 325 446 0
366 314 207 211 290 341 0
367 384 531 0
368 131 48 594 63 307 436 446 493 0
369 483 146 183 0
370 421 555 112 234 352 0
371 131 458 158 138 287 386 498 576 0
372 147 292 338 213 271 331 378 398 589 0
373 180 106 342 523 0
374 393 535 248 415 316 112 0
375 142 317 485 0
376 68 135 0
377 495 292 336 0
378 202 463 6 163 215 231 372 0
379 364 47 126 128 259 313 353 357 444 539 542 0
380 40 111 257 359 431 0
381 521 497 64 584 0
382 430 51 140 486 511 558 0
383 51 178 590 470 222 508 0
384 191 367 131 141 206 294 322 342 0
385 548 17 204 90 299 331 495 0
386 309 300 445 2 22 60 371 450 562 0
387 473 20 26 282 559 0
388 84 151 495 561 0
389 125 28 79 216 0
390 92 143 0
391 68 37 239 346 0
392 34 308 343 498 0
393 189 374 87 226 236 268 437 532 0
394 504 200 540 0
395 289 16 79 241 321 326 348 0
396 431 268 457 561 0
397 139 341 19 300 324 339 0
398 232 196 82 237 372 0
399 49 566 29 62 0
400 130 48 313 315 331 530 0
401 33 530 84 129 308 421 0
402 453 46 231 287 298 330 510 599 0
403 557 232 344 345 451 517 580 0
404 477 162 13 133 332 364 0
405 474 96 0
406 352 92 270 284 329 0
407 16 460 536 427 293 502 0
408 479 130 226 322 435 0
409 83 165 92 132 199 218 466 0
410 220 214 194 0
411 336 519 0
412 514 500 179 47 593 5 169 258 484 495 0
413 146 156 479 0
414 127 297 43 113 520 0
415 374 475 140 190 422 0
416 192 268 573 0
417 314 178 555 0
418 206 7 82 0
419 514 465 187 506 0
420 516 354 445 0
421 483 370 69 589 3 22 401 0
422 593 194 232 415 0
423 528 186 192 441 468 589 0
424 350 19 425 0
425 83 205 165 424 0
426 499 166 0
427 407 17 137 216 329 492 500 0
428 254 231 251 584 0
429 461 220 473 0
430 7 382 185 467 0
431 278 396 271 380 478 0
432 1 347 0
433 22 261 569 0
434 268 58 112 128 159 507 0
435 251 538 88 91 408 467 560 0
436 28 15 269 368 0
437 234 325 30 393 497 0
438 106 0
439 62 551 14 1 541 235 275 360 0
440 554 577 138 239 0
441 554 448 142 423 0
442 350 31 205 340 502 549 585 0
443 109 358 36 234 351 0
444 205 257 379 0
445 386 234 325 420 512 0
446 496 217 365 368 502 506 0
447 110 269 0
448 441 548 0
449 21 359 256 0
450 480 235 288 317 386 497 0
451 234 85 290 403 452 0
452 502 34 105 176 228 277 451 474 0
453 116 402 557 0
454 263 197 290 531 575 0
455 62 26 71 293 530 0
456 163 194 208 0
457 94 63 234 297 396 486 558 0
458 371 542 92 502 27 570 0
459 216 70 87 173 360 561 0
460 407 132 31 84 134 207 493 0
461 188 429 149 491 540 0
462 498 509 576 594 0
463 378 0
464 170 347 0
465 419 207 488 511 0
466 554 124 409 586 0
467 191 75 108 139 152 314 430 435 0
468 506 91 423 491 0
469 30 52 308 310 0
470 383 37 42 301 563 0
471 172 126 252 509 0
472 548 210 580 81 130 177 537 544 0
473 96 129 340 387 227 274 429 0
474 44 405 42 452 503 508 0
475 415 31 116 281 333 520 0
476 131 236 354 170 302 363 0
477 44 404 279 488 517 133 576 0
478 276 312 53 431 583 0
479 594 318 408 135 334 413 501 0
480 184 450 162 0
481 588 199 299 517 579 0
482 4 56 51 63 503 0
483 223 421 369 0
484 297 62 278 363 412 489 0
485 192 6 581 266 213 216 271 375 496 0
486 292 181 267 382 457 0
487 556 98 202 0
488 477 219 465 523 0
489 259 357 227 484 562 0
490 534 495 0
491 224 23 62 162 461 468 0
492 172 221 107 193 208 427 0
493 313 57 281 320 353 368 460 584 0
494 33 548 4 51 299 315 0
495 554 344 377 342 385 388 412 490 0
496 2 533 574 446 294 356 485 0
497 381 10 172 179 359 437 450 557 0
498 321 141 462 295 305 343 371 392 0
499 181 426 183 67 72 116 0
500 412 68 164 314 140 240 101 210 360 427 0
501 59 596 67 337 479 0
502 458 452 558 407 442 446 0
503 31 19 23 27 301 474 482 0
504 54 394 125 587 0
505 34 210 526 567 0
506 598 89 468 128 419 446 549 0
507 16 125 228 259 434 554 0
508 26 230 383 474 521 0
509 462 255 142 471 0
510 588 346 5 103 254 290 402 0
511 562 310 232 255 382 465 590 0
512 54 268 159 169 445 597 0
513 263 79 195 189 181 208 527 0
514 412 322 419 125 350 0
515 92 132 240 0
516 45 420 257 0
517 477 109 176 403 481 0
518 88 137 186 0
519 62 331 345 411 0
520 294 414 475 0
521 47 381 20 293 508 0
522 165 16 22 203 0
523 30 32 373 488 0
524 334 173 286 0
525 163 345 0
526 237 294 313 341 505 556 0
527 106 563 126 351 513 0
528 164 260 191 423 335 302 215 258 0
529 7 77 135 305 0
530 401 23 64 344 400 455 0
531 212 134 367 454 0
532 275 393 0
533 496 111 8 190 0
534 79 490 114 0
535 374 351 237 104 0
536 407 156 346 549 577 0
537 179 74 85 472 0
538 435 131 327 562 0
539 116 147 48 83 112 235 331 379 547 0
540 68 19 81 103 219 220 394 461 568 569 0
541 439 20 41 66 0
542 458 190 149 315 379 0
543 148 14 43 587 0
544 179 472 0
545 548 53 0
546 298 72 86 197 307 0
547 189 104 41 16 130 337 539 0
548 494 258 472 334 355 385 545 12 79 448 0
549 94 298 185 442 506 536 588 0
550 172 158 0
551 439 219 187 20 0
552 565 198 251 0
553 581 62 330 0
554 259 440 495 466 128 441 53 310 507 0
555 370 561 116 417 0
556 348 365 487 13 242 308 526 565 0
557 453 403 62 497 0
558 502 173 183 187 382 457 574 0
559 230 94 158 199 387 0
560 178 435 594 0
561 555 10 388 396 459 0
562 263 252 142 226 511 280 46 92 213 386 489 538 0
563 527 281 301 363 470 0
564 180 319 0
565 348 4 552 212 103 556 575 0
566 399 79 121 269 0
567 261 63 108 505 0
568 2 113 138 249 540 590 0
569 314 11 155 212 433 540 0
570 118 289 83 21 84 458 0
571 263 33 157 93 342 0
572 598 140 0
573 356 327 416 0
574 496 31 558 0
575 235 190 454 565 588 0
576 332 164 174 371 462 477 0
577 440 57 125 192 231 334 536 0
578 105 197 0
579 96 50 139 208 265 325 339 481 0
580 472 403 0
581 485 553 310 346 0
582 268 34 255 308 0
583 591 150 100 172 478 0
584 289 22 29 154 381 428 493 0
585 586 592 33 442 0
586 68 283 159 585 154 320 332 466 0
587 126 18 245 504 543 0
588 259 28 510 209 481 360 24 151 300 319 549 575 0
589 421 43 127 372 423 0
590 383 44 55 131 142 352 511 568 593 0
591 317 203 118 234 598 583 254 200 315 323 337 0
592 585 124 153 236 277 329 0
593 412 197 422 88 590 0
594 368 479 8 159 285 342 462 560 0
595 121 105 214 346 0
596 501 143 128 310 331 0
597 84 25 512 0
598 591 62 506 136 572 0
599 203 43 86 163 309 402 0
600 311 22 71 0

