600  1485
1 313 127 229 0
2 256 232 447 0
3 52 201 571 26 336 455 0
4 91 131 185 248 410 496 0
5 551 198 387 0
6 324 107 168 219 0
7 460 146 0
8 269 234 301 0
9 163 456 494 222 290 585 362 0
10 395 345 0
11 238 64 262 365 508 547 576 0
12 383 404 105 455 444 355 33 120 259 391 569 0
13 271 583 530 254 82 445 544 0
14 336 349 201 241 513 0
15 82 503 197 386 0
16 479 281 90 245 475 0
17 143 30 103 0
18 556 58 64 379 518 0
19 320 132 181 0
20 234 140 313 0
21 74 323 104 137 364 0
22 480 483 222 417 431 566 596 0
23 48 29 586 132 176 495 99 215 400 572 595 0
24 184 150 213 0
25 72 242 366 521 0
26 3 472 110 187 213 508 556 0
27 283 353 33 75 273 344 456 0
28 205 387 42 101 317 354 514 577 0
29 23 317 148 187 198 410 0
30 482 17 464 0
31 317 511 301 247 0
32 575 370 243 106 40 432 0
33 47 12 27 179 0
34 271 362 576 43 568 502 406 505 580 0
35 292 240 431 0
36 271 76 361 113 264 0
37 581 63 231 277 302 555 0
38 482 0
39 264 215 0
40 218 32 345 389 583 0
41 557 58 240 460 0
42 271 406 518 50 368 28 278 556 0
43 34 352 272 412 414 519 0
44 311 255 592 574 250 492 561 0
45 384 171 175 284 446 0
46 253 235 56 362 426 0
47 67 33 98 112 113 193 210 226 417 508 0
48 138 66 23 522 52 499 85 464 518 0
49 592 168 215 265 0
50 42 207 420 0
51 407 137 88 234 349 593 0
52 48 3 226 91 372 457 469 539 0
53 527 295 0
54 100 183 387 389 516 0
55 258 0
56 61 46 280 532 0
57 136 453 107 530 535 0
58 18 41 173 288 0
59 495 474 432 124 234 480 0
60 295 539 72 288 367 0
61 501 56 266 400 0
62 136 427 472 568 0
63 418 378 561 37 76 177 360 392 523 0
64 84 11 18 275 299 338 0
65 563 160 97 326 336 419 0
66 48 505 109 134 312 0
67 407 121 80 82 47 126 528 0
68 163 124 396 365 149 407 0
69 364 88 0
70 384 578 140 342 470 548 0
71 121 157 286 491 0
72 60 25 243 483 0
73 355 142 453 477 0
74 410 21 158 243 590 0
75 100 27 163 235 368 544 0
76 36 180 268 553 63 99 159 283 0
77 127 403 159 271 379 561 0
78 455 280 558 0
79 138 187 570 82 135 231 0
80 67 252 284 105 173 363 449 0
81 269 588 203 581 0
82 67 15 13 79 385 478 0
83 156 85 169 327 0
84 580 64 234 428 0
85 589 48 83 198 252 426 0
86 118 183 195 220 253 307 0
87 163 305 477 215 430 0
88 575 51 69 145 0
89 407 135 200 250 326 333 368 527 0
90 492 16 122 126 425 0
91 355 4 52 288 432 0
92 361 151 364 451 488 0
93 361 153 159 335 350 452 0
94 448 543 121 210 315 0
95 168 222 320 0
96 385 232 0
97 464 337 65 547 0
98 324 525 165 47 100 245 301 500 0
99 343 225 23 76 122 124 138 422 445 588 0
100 431 167 75 54 98 599 0
101 113 28 279 459 0
102 466 103 419 455 480 555 0
103 102 17 197 304 309 434 0
104 586 120 534 21 186 189 400 500 0
105 12 117 390 533 498 549 80 0
106 32 157 212 433 0
107 576 6 57 125 460 572 0
108 338 232 277 0
109 522 140 66 382 0
110 115 26 325 355 395 595 0
111 163 379 143 151 249 529 0
112 195 147 47 381 467 474 0
113 36 265 101 492 209 47 128 258 466 586 0
114 382 385 526 253 144 537 0
115 410 110 0
116 256 264 478 0
117 105 261 487 380 195 284 343 539 559 0
118 307 86 246 218 267 316 0
119 438 393 579 121 199 322 0
120 104 12 348 352 0
121 67 537 71 94 119 271 337 379 497 0
122 128 90 99 297 0
123 417 0
124 68 274 59 99 554 568 584 0
125 583 107 571 0
126 476 429 67 90 337 504 573 0
127 1 77 0
128 419 122 563 113 380 388 579 596 0
129 440 321 397 0
130 580 384 409 479 0
131 439 4 236 0
132 23 554 19 460 0
133 380 173 413 0
134 311 66 288 448 563 0
135 311 470 517 79 89 216 398 443 585 0
136 205 184 57 496 62 532 508 361 475 0
137 51 488 21 490 0
138 163 383 48 271 191 407 276 462 79 99 140 239 282 0
139 576 279 0
140 109 20 70 138 214 479 529 0
141 396 192 246 322 502 0
142 407 459 143 73 248 0
143 142 560 17 326 111 260 298 0
144 265 306 114 439 0
145 324 88 200 302 312 0
146 517 7 0
147 112 582 0
148 29 512 287 464 487 0
149 467 68 457 468 521 0
150 24 173 175 185 0
151 171 92 111 253 263 0
152 584 256 356 378 0
153 93 354 571 574 0
154 422 0
155 233 162 189 214 239 387 388 472 0
156 439 577 445 83 229 415 548 0
157 518 398 71 106 371 473 0
158 74 185 574 0
159 224 76 77 93 359 507 0
160 65 598 0
161 193 216 0
162 265 423 155 352 427 455 0
163 138 177 333 9 111 87 562 68 75 413 422 544 0
164 184 489 0
165 98 191 215 230 0
166 584 218 0
167 100 176 434 0
168 387 95 6 49 458 0
169 334 83 184 295 323 444 445 519 0
170 573 217 271 0
171 372 151 45 504 0
172 486 262 337 0
173 393 58 80 133 150 267 428 0
174 391 260 0
175 453 45 150 408 425 0
176 23 167 279 481 0
177 163 292 439 595 302 63 205 0
178 395 298 470 599 0
179 387 33 298 528 0
180 76 469 318 341 0
181 232 19 0
182 522 433 183 469 0
183 182 54 86 559 581 0
184 136 24 164 304 169 518 529 0
185 496 4 150 158 207 210 417 447 0
186 261 104 412 425 494 0
187 79 286 26 29 387 565 0
188 346 221 417 0
189 429 200 104 155 277 587 0
190 580 419 448 0
191 138 454 212 538 248 165 250 444 483 487 570 0
192 404 141 207 354 535 0
193 197 161 47 230 395 0
194 333 227 240 479 0
195 117 112 86 235 528 553 0
196 523 307 583 0
197 460 193 15 103 398 495 525 588 0
198 393 345 5 29 85 447 0
199 201 119 0
200 189 89 145 301 0
201 3 199 236 14 218 363 0
202 266 543 0
203 583 435 356 405 81 243 348 432 0
204 295 251 315 534 540 0
205 404 136 234 28 437 558 466 256 507 177 0
206 333 311 402 293 417 0
207 379 50 185 192 291 417 426 0
208 319 544 334 0
209 113 296 0
210 524 47 94 185 419 0
211 385 430 279 387 393 0
212 191 106 317 368 428 0
213 430 24 26 453 0
214 372 140 155 343 0
215 512 23 39 49 87 165 0
216 289 135 161 452 0
217 471 170 408 464 565 0
218 166 40 118 201 383 0
219 265 318 520 342 6 411 531 0
220 440 86 520 0
221 188 262 520 578 0
222 9 22 95 395 562 575 0
223 495 362 478 0
224 473 436 422 159 0
225 99 415 330 0
226 52 47 0
227 387 194 282 403 576 0
228 291 425 482 0
229 484 377 1 156 304 599 0
230 428 165 193 589 0
231 296 37 79 326 457 0
232 96 181 2 108 237 261 528 0
233 583 155 281 295 538 0
234 205 20 8 51 59 84 425 0
235 46 75 195 391 402 581 0
236 201 131 0
237 419 278 232 421 539 0
238 589 11 0
239 260 425 138 155 0
240 35 41 194 0
241 300 412 14 327 378 380 405 582 0
242 257 25 600 0
243 32 72 74 203 494 0
244 319 338 344 0
245 413 535 321 16 98 320 557 0
246 118 141 402 487 0
247 551 31 0
248 191 258 4 142 452 457 0
249 554 111 550 562 0
250 464 299 541 44 89 191 544 0
251 596 204 457 490 0
252 80 516 509 85 563 572 0
253 114 46 86 151 266 0
254 13 293 392 454 575 0
255 44 442 358 359 0
256 205 2 116 152 0
257 337 242 315 359 555 557 0
258 248 55 113 456 0
259 526 12 300 406 0
260 453 239 143 174 355 529 568 0
261 117 277 331 186 232 418 0
262 407 11 172 221 0
263 418 151 285 469 591 0
264 36 39 116 0
265 113 162 219 144 49 381 529 0
266 501 329 202 61 253 304 359 0
267 518 118 173 388 445 0
268 76 296 510 339 0
269 439 81 8 524 592 0
270 573 471 277 417 594 0
271 138 13 36 490 34 295 42 476 77 121 170 417 596 0
272 486 43 296 425 473 509 530 0
273 392 27 354 400 441 544 0
274 124 284 434 0
275 356 64 0
276 138 540 600 287 303 306 388 416 526 595 0
277 261 37 108 189 270 279 297 0
278 237 42 407 0
279 420 101 139 176 211 277 504 597 0
280 473 56 78 551 0
281 16 233 428 0
282 540 587 414 138 227 0
283 333 27 76 301 322 436 461 560 0
284 80 45 117 274 565 0
285 375 531 420 263 0
286 187 71 565 0
287 276 148 354 360 0
288 60 58 91 134 363 551 552 0
289 310 216 297 531 0
290 9 499 0
291 486 228 207 0
292 177 309 35 330 319 0
293 506 206 254 433 578 0
294 455 482 526 0
295 271 204 60 53 169 233 440 0
296 268 493 231 209 272 518 569 0
297 461 122 277 289 366 0
298 432 143 178 179 459 0
299 250 64 0
300 313 486 374 241 259 354 560 0
301 31 8 98 200 283 541 0
302 177 37 145 0
303 441 276 398 0
304 184 103 229 266 310 442 523 0
305 87 0
306 144 276 313 0
307 391 118 566 86 196 341 0
308 581 387 0
309 292 327 514 103 0
310 576 289 504 304 0
311 206 44 135 134 0
312 380 389 66 145 0
313 580 300 1 348 373 20 306 0
314 333 386 490 0
315 381 94 204 257 431 0
316 346 521 118 366 0
317 29 438 31 28 212 364 368 458 498 556 0
318 219 180 571 592 0
319 439 244 208 292 337 0
320 362 19 95 245 0
321 245 129 322 431 467 510 0
322 435 119 141 283 321 464 0
323 21 169 580 0
324 383 98 529 580 457 145 6 366 535 0
325 454 110 0
326 143 65 89 231 0
327 309 391 336 83 241 447 0
328 432 0
329 266 479 0
330 292 225 364 377 379 472 0
331 261 339 372 384 395 565 0
332 338 564 0
333 163 418 575 206 283 314 194 381 89 338 469 0
334 524 357 169 208 335 508 0
335 528 93 334 522 0
336 327 14 394 3 65 372 0
337 97 573 257 550 121 126 172 319 442 0
338 505 108 332 64 244 333 0
339 331 268 584 0
340 380 392 369 595 0
341 362 180 307 520 0
342 219 70 0
343 529 99 117 214 396 0
344 431 27 244 436 561 0
345 198 10 40 357 0
346 575 188 547 316 452 444 568 0
347 384 448 0
348 313 120 203 493 0
349 14 51 434 0
350 455 460 449 93 421 564 0
351 502 422 0
352 43 120 162 396 450 503 0
353 27 466 0
354 153 28 192 273 287 300 0
355 12 416 91 73 110 260 0
356 203 275 582 152 403 453 571 0
357 334 345 506 0
358 255 368 0
359 444 519 159 255 257 266 0
360 468 63 287 413 0
361 36 93 388 92 598 136 362 483 498 0
362 34 341 320 9 46 223 361 426 0
363 450 80 201 288 379 384 523 551 0
364 401 69 21 92 317 330 500 0
365 68 399 11 0
366 324 25 297 316 472 491 549 0
367 60 451 453 571 0
368 42 75 89 212 317 358 448 591 0
369 340 450 0
370 32 371 385 465 0
371 525 590 157 370 495 542 0
372 487 171 214 52 331 336 514 0
373 313 0
374 300 589 406 0
375 522 552 285 393 428 445 0
376 396 399 0
377 229 330 0
378 63 152 241 520 0
379 111 484 207 18 77 121 330 363 409 586 0
380 117 340 461 546 133 312 128 241 0
381 333 315 112 265 505 0
382 431 114 555 565 109 386 0
383 138 324 12 431 218 0
384 130 347 70 45 331 363 464 0
385 114 96 211 82 370 0
386 314 536 15 382 579 0
387 28 168 515 179 227 5 54 155 187 211 308 581 0
388 361 128 155 267 276 551 0
389 312 40 54 0
390 105 0
391 327 174 307 12 235 424 427 0
392 340 273 63 254 393 0
393 119 173 198 211 375 392 433 0
394 336 0
395 562 10 178 110 193 222 331 0
396 68 376 141 451 343 352 0
397 466 129 511 0
398 157 135 197 303 416 533 0
399 365 376 0
400 537 23 61 104 273 424 575 0
401 455 364 447 0
402 206 475 235 246 419 424 501 0
403 77 227 356 521 588 0
404 12 205 528 464 421 192 0
405 203 241 580 0
406 42 34 259 374 0
407 138 142 67 524 89 51 262 434 68 278 577 0
408 498 175 217 569 0
409 130 379 473 0
410 484 115 74 478 4 29 0
411 460 497 219 0
412 241 43 186 467 524 532 0
413 586 245 500 133 163 360 597 0
414 282 43 0
415 225 156 477 539 0
416 355 276 398 436 0
417 486 123 22 47 185 188 206 207 270 271 490 539 0
418 333 63 597 263 261 0
419 190 237 128 463 65 102 210 402 588 0
420 285 279 50 511 516 0
421 404 237 350 0
422 224 154 99 163 351 564 0
423 162 0
424 488 391 400 402 0
425 239 90 175 186 228 234 272 571 0
426 435 46 85 207 362 459 570 0
427 62 162 391 0
428 456 230 84 173 212 281 375 502 558 0
429 126 189 0
430 211 213 87 0
431 383 382 344 473 100 22 35 315 321 541 0
432 59 298 328 32 91 203 0
433 182 106 293 393 0
434 407 485 103 167 274 349 0
435 203 426 322 494 0
436 224 283 344 416 594 0
437 205 443 468 0
438 317 594 119 561 0
439 177 131 269 156 319 144 499 0
440 531 220 129 295 485 0
441 584 303 273 0
442 255 304 337 0
443 468 135 437 537 0
444 12 359 169 191 346 0
445 156 13 99 169 267 375 0
446 557 45 600 0
447 466 2 185 198 327 401 0
448 347 556 94 134 190 368 0
449 350 80 0
450 537 363 352 369 0
451 396 92 367 0
452 346 93 216 248 0
453 57 175 260 591 73 213 356 367 0
454 191 325 254 467 0
455 12 584 350 482 401 78 564 294 3 102 162 0
456 9 428 27 258 0
457 324 52 149 231 248 251 544 0
458 552 168 317 478 521 555 0
459 142 101 298 426 471 590 591 0
460 350 411 7 197 41 107 132 530 0
461 380 297 283 482 0
462 138 0
463 419 570 0
464 404 97 250 30 48 148 217 322 384 571 0
465 595 370 0
466 205 397 102 447 113 353 476 477 504 512 0
467 565 149 112 321 412 454 573 0
468 523 443 360 149 437 519 0
469 180 52 182 263 333 0
470 135 70 178 0
471 270 217 459 0
472 26 62 155 330 366 0
473 431 280 224 157 272 409 0
474 59 112 0
475 402 16 136 0
476 271 126 466 531 574 584 0
477 87 73 415 466 0
478 410 82 116 223 458 0
479 329 16 130 140 194 0
480 586 22 59 102 0
481 588 176 0
482 455 38 30 228 294 461 0
483 22 72 191 361 517 0
484 379 410 229 0
485 434 440 577 0
486 300 291 417 272 172 0
487 117 372 148 191 246 600 0
488 137 424 506 92 560 0
489 164 0
490 271 581 572 137 251 314 417 0
491 509 71 366 0
492 113 90 44 578 0
493 296 348 593 0
494 9 186 243 435 0
495 23 59 223 197 371 509 524 531 0
496 136 185 4 0
497 411 121 544 0
498 105 408 317 361 0
499 48 290 439 584 0
500 413 98 104 364 577 0
501 522 266 61 402 539 0
502 34 351 141 428 0
503 15 352 0
504 310 126 171 279 466 0
505 66 338 34 381 0
506 488 293 357 594 0
507 205 159 533 0
508 136 11 26 47 334 0
509 252 491 272 495 0
510 268 321 554 578 0
511 31 397 420 588 0
512 148 215 466 0
513 589 14 531 0
514 309 28 372 560 0
515 387 0
516 252 54 420 583 0
517 135 146 483 0
518 42 157 267 18 48 184 296 0
519 359 43 169 468 0
520 219 220 221 341 378 0
521 316 25 149 403 458 0
522 48 375 501 182 527 109 335 0
523 587 542 196 468 63 304 363 0
524 407 334 210 269 412 495 565 0
525 98 371 197 0
526 114 259 276 294 0
527 522 53 89 546 0
528 404 335 67 179 195 232 560 0
529 324 343 569 111 140 184 260 265 0
530 13 57 272 460 586 594 0
531 285 440 219 289 476 495 513 569 0
532 136 56 412 559 0
533 105 398 507 0
534 104 204 0
535 245 57 192 324 546 0
536 386 0
537 121 450 400 114 443 581 0
538 191 233 581 0
539 60 52 117 237 415 417 501 0
540 276 282 204 0
541 250 301 431 0
542 523 371 0
543 94 202 0
544 208 13 75 163 250 273 457 497 0
545 590 0
546 380 527 535 0
547 346 11 97 0
548 581 70 156 552 0
549 105 366 599 0
550 337 249 586 0
551 572 247 5 280 288 363 388 0
552 375 458 288 548 0
553 76 195 593 0
554 132 249 124 510 0
555 382 37 102 257 458 0
556 448 18 26 42 317 0
557 564 446 41 245 257 598 0
558 205 599 78 428 563 594 0
559 561 117 183 532 0
560 143 283 300 488 514 528 0
561 63 559 44 77 344 438 0
562 163 596 593 395 222 249 0
563 128 65 134 252 558 0
564 455 557 332 350 422 0
565 382 467 187 217 284 286 331 524 0
566 307 22 0
567 576 0
568 34 62 124 260 346 0
569 529 12 296 408 531 592 0
570 79 191 426 463 0
571 3 125 153 318 356 367 425 464 0
572 490 551 23 107 252 0
573 337 170 270 126 467 0
574 44 153 158 476 0
575 333 32 346 88 222 254 400 0
576 34 310 139 567 107 11 227 0
577 156 28 407 485 500 0
578 70 221 293 492 510 0
579 119 128 386 586 0
580 324 190 130 313 84 34 323 405 0
581 490 308 548 37 81 183 235 387 537 538 592 0
582 356 147 241 0
583 13 203 233 125 40 196 516 585 0
584 455 441 166 152 124 339 476 499 0
585 9 135 583 0
586 23 480 104 413 113 379 530 550 579 0
587 282 523 189 0
588 81 481 99 197 403 419 511 0
589 374 238 513 85 230 0
590 371 545 74 459 0
591 453 263 368 459 0
592 44 49 269 318 569 581 0
593 562 51 493 553 0
594 438 270 436 506 530 558 0
595 177 465 23 110 276 340 0
596 562 251 22 128 271 0
597 418 279 413 0
598 361 160 557 0
599 558 100 178 229 549 0
600 276 242 446 487 0

600  1482
1 343 79 0
2 186 510 190 7 133 150 591 0
3 374 200 134 174 220 257 409 503 0
4 440 357 223 249 589 0
5 443 89 77 462 0
6 331 516 237 489 504 0
7 465 75 83 273 432 2 10 196 350 376 0
8 430 533 569 37 519 0
9 302 36 460 595 0
10 282 423 7 19 300 350 379 433 470 580 0
11 101 508 584 93 79 321 352 415 524 0
12 318 247 352 0
13 78 555 381 106 233 386 475 483 526 0
14 42 103 175 248 361 547 0
15 303 39 186 314 483 0
16 191 131 419 568 0
17 490 127 451 86 355 550 565 0
18 573 168 292 564 226 372 0
19 21 10 405 462 532 547 0
20 338 202 285 352 359 361 0
21 113 19 87 162 447 0
22 534 167 208 228 292 299 0
23 573 45 128 155 238 259 0
24 581 552 0
25 419 229 501 0
26 190 184 0
27 107 57 29 38 301 47 140 177 319 524 0
28 157 129 0
29 27 223 0
30 380 157 263 499 552 0
31 121 220 238 272 372 484 527 0
32 538 254 186 212 428 575 0
33 352 54 228 250 276 0
34 431 0
35 424 593 0
36 238 224 204 9 64 198 458 0
37 66 8 200 271 502 0
38 27 91 87 147 418 446 448 0
39 15 414 0
40 313 180 287 572 0
41 393 135 174 301 305 0
42 495 404 14 411 118 296 312 500 0
43 452 435 0
44 424 80 395 0
45 525 214 239 316 109 199 23 98 0
46 463 515 523 0
47 27 155 240 542 581 0
48 282 205 592 0
49 585 512 481 0
50 403 312 528 0
51 206 303 541 554 0
52 413 322 283 402 510 0
53 389 82 337 0
54 365 506 33 319 320 490 0
55 502 83 239 0
56 213 96 537 260 403 519 0
57 27 90 400 198 391 527 0
58 148 534 88 0
59 515 338 0
60 110 188 97 259 337 459 474 476 0
61 414 150 211 232 0
62 247 252 388 0
63 156 494 455 237 0
64 574 36 328 480 0
65 330 552 0
66 79 211 549 37 296 247 580 0
67 535 139 289 542 0
68 566 120 223 391 438 0
69 403 519 514 238 0
70 423 0
71 509 544 338 0
72 447 125 363 0
73 156 313 98 158 515 217 443 0
74 482 477 75 88 0
75 7 390 597 74 88 96 458 514 530 587 0
76 495 570 505 79 130 183 284 0
77 5 163 171 337 513 0
78 107 462 428 334 466 13 227 235 308 313 0
79 82 392 529 66 1 11 76 127 261 330 414 0
80 345 478 44 425 475 576 0
81 467 98 208 561 0
82 156 79 95 324 170 53 0
83 7 285 439 55 0
84 223 480 260 442 0
85 215 154 0
86 191 17 92 346 0
87 38 328 320 21 198 312 0
88 583 58 74 75 95 298 483 553 0
89 5 547 350 0
90 57 108 250 139 0
91 38 323 415 506 0
92 508 86 113 526 532 579 0
93 11 253 531 0
94 368 207 287 448 455 0
95 82 310 203 88 419 0
96 56 75 128 223 413 479 550 0
97 544 60 141 205 247 392 437 438 0
98 73 281 45 81 217 503 0
99 403 108 258 552 0
100 145 259 166 341 395 0
101 156 541 11 469 536 330 113 588 290 384 0
102 463 140 0
103 14 289 502 0
104 425 125 0
105 276 390 452 0
106 501 13 141 209 439 555 0
107 186 157 27 78 308 227 315 0
108 90 513 99 155 338 0
109 45 362 493 558 0
110 149 60 598 491 115 130 322 0
111 223 143 342 355 0
112 419 250 439 484 0
113 101 21 401 196 92 496 0
114 446 0
115 124 110 223 563 0
116 594 193 0
117 199 248 337 409 577 0
118 536 384 42 0
119 365 295 0
120 232 187 360 68 126 306 464 0
121 132 31 518 129 222 341 526 0
122 590 181 584 0
123 410 321 332 542 0
124 191 115 219 253 523 577 0
125 171 456 215 72 104 192 203 526 568 0
126 215 120 168 192 410 505 528 542 0
127 17 79 591 0
128 154 435 23 96 0
129 121 28 316 542 0
130 486 344 76 110 400 405 410 0
131 144 16 202 441 450 548 565 0
132 585 121 280 221 404 0
133 597 2 0
134 178 575 3 278 498 0
135 160 41 578 0
136 529 581 0
137 409 442 226 266 281 392 0
138 292 376 400 480 0
139 67 90 142 470 0
140 144 461 27 102 433 489 0
141 569 97 106 224 359 434 0
142 288 139 454 460 0
143 427 111 383 0
144 258 131 445 140 402 456 0
145 465 100 587 0
146 182 185 293 0
147 525 38 354 0
148 259 58 431 216 0
149 441 394 110 0
150 61 2 190 444 0
151 160 329 244 363 0
152 169 257 410 181 170 198 497 0
153 563 245 520 556 0
154 549 128 548 85 228 305 373 555 0
155 198 23 47 108 186 283 0
156 101 465 309 82 258 73 500 382 63 397 320 411 482 597 0
157 107 414 576 28 30 424 456 596 0
158 73 178 579 0
159 529 398 401 449 0
160 302 151 217 319 135 399 0
161 596 446 557 0
162 401 21 251 406 0
163 77 388 0
164 270 229 359 519 0
165 443 201 210 452 0
166 421 100 226 438 0
167 387 22 314 358 487 503 535 0
168 18 311 126 289 0
169 470 152 379 0
170 82 545 340 152 355 0
171 465 403 409 520 350 125 317 352 77 179 347 378 0
172 239 0
173 413 311 463 0
174 362 3 41 463 0
175 272 14 441 0
176 559 389 425 487 0
177 419 27 425 583 0
178 158 134 338 336 386 415 507 0
179 486 171 205 379 472 557 0
180 231 40 182 454 488 0
181 152 122 0
182 214 371 146 484 180 197 222 260 287 423 451 547 0
183 490 294 76 230 279 441 584 0
184 580 26 432 0
185 521 253 146 418 463 0
186 465 107 2 191 535 15 32 155 329 391 0
187 120 234 291 316 344 570 0
188 60 424 0
189 430 248 510 0
190 2 590 26 150 387 423 0
191 186 208 434 16 124 86 599 0
192 501 539 125 126 237 0
193 116 464 238 516 0
194 403 453 464 484 0
195 210 218 280 393 438 0
196 113 7 394 528 0
197 318 182 363 399 0
198 584 155 36 57 87 152 356 357 403 570 575 589 0
199 45 380 117 287 0
200 3 37 331 459 524 0
201 391 275 165 0
202 231 20 131 538 0
203 95 356 125 348 350 515 538 0
204 36 577 0
205 317 48 97 179 428 505 0
206 509 538 51 250 263 473 0
207 568 94 347 0
208 191 240 22 81 222 253 505 0
209 367 106 227 0
210 528 195 165 393 399 449 0
211 66 61 504 0
212 410 32 266 0
213 428 56 282 505 0
214 45 182 436 338 374 412 562 0
215 125 85 126 581 0
216 220 148 232 254 0
217 160 507 73 98 563 0
218 580 195 297 401 0
219 317 542 124 312 0
220 573 216 3 31 472 581 0
221 132 559 277 438 578 0
222 231 225 121 182 208 255 284 440 0
223 4 84 111 29 68 96 115 340 480 0
224 36 551 141 295 311 392 0
225 222 369 0
226 137 336 18 166 0
227 560 78 107 209 378 428 0
228 238 22 33 154 580 0
229 25 453 164 320 386 432 469 563 564 0
230 341 183 328 0
231 421 222 202 583 180 242 382 524 0
232 280 120 426 61 216 322 454 0
233 412 13 286 313 0
234 308 492 187 0
235 460 78 355 430 0
236 361 481 0
237 287 6 63 192 541 0
238 368 346 36 228 438 23 31 69 193 349 0
239 45 172 55 288 543 0
240 208 47 509 0
241 526 323 397 440 0
242 231 388 0
243 600 255 269 410 536 0
244 465 151 554 0
245 153 426 0
246 367 406 546 589 0
247 369 62 395 12 66 97 366 430 535 0
248 349 526 14 117 189 561 0
249 4 468 514 580 0
250 90 33 112 206 295 507 0
251 347 315 162 326 369 590 0
252 62 293 348 0
253 185 93 124 208 599 0
254 32 216 396 0
255 265 222 243 450 479 0
256 293 441 547 0
257 152 3 264 403 0
258 156 580 144 499 99 352 0
259 100 148 23 60 282 569 0
260 420 561 56 84 182 461 0
261 585 79 0
262 565 403 0
263 304 30 206 365 0
264 469 472 368 408 391 376 277 257 302 336 513 528 571 0
265 469 331 430 255 356 473 543 548 560 0
266 350 137 212 496 501 0
267 286 467 293 307 339 444 0
268 566 531 0
269 528 243 348 0
270 510 164 0
271 375 304 37 369 464 491 0
272 490 175 353 31 546 0
273 7 522 574 594 0
274 319 329 434 0
275 201 453 0
276 490 321 105 33 426 0
277 264 221 569 0
278 344 134 0
279 584 354 183 334 0
280 132 232 195 484 540 556 0
281 98 393 137 405 569 0
282 364 468 48 10 288 524 213 259 320 517 0
283 357 52 155 0
284 428 553 76 222 0
285 83 20 549 0
286 520 450 267 233 496 537 0
287 427 563 237 40 94 182 199 589 596 0
288 282 142 388 239 456 0
289 433 67 103 168 504 525 0
290 308 483 101 502 0
291 427 187 0
292 18 138 444 22 0
293 267 306 256 146 252 301 389 504 0
294 183 325 575 0
295 119 224 250 0
296 66 42 389 0
297 562 318 218 298 422 452 548 0
298 552 88 297 475 0
299 338 22 454 0
300 331 10 0
301 27 41 293 354 469 488 558 0
302 434 9 160 264 0
303 403 532 15 51 347 438 0
304 271 263 0
305 309 399 41 154 0
306 293 120 386 575 0
307 267 319 359 411 557 0
308 107 234 341 290 78 457 539 548 0
309 156 578 479 421 305 481 591 0
310 95 449 496 0
311 168 173 224 424 584 0
312 50 496 42 87 219 380 0
313 73 443 40 543 78 233 498 0
314 361 15 167 433 485 573 0
315 251 107 0
316 45 129 187 0
317 171 219 205 357 0
318 297 197 12 556 0
319 160 274 27 54 307 344 346 547 0
320 87 54 156 229 282 423 493 0
321 276 11 123 426 0
322 52 110 232 357 456 0
323 91 241 341 0
324 82 566 0
325 598 294 394 0
326 593 251 436 0
327 497 589 0
328 87 64 230 483 565 0
329 151 186 274 0
330 101 365 65 79 355 0
331 265 6 540 300 200 350 429 587 0
332 333 123 334 0
333 447 332 495 0
334 78 279 332 388 485 0
335 575 0
336 226 178 264 0
337 354 53 60 77 117 588 596 0
338 178 471 20 299 59 71 108 214 401 412 0
339 349 573 366 589 267 342 353 0
340 170 223 600 0
341 308 230 100 121 323 406 590 0
342 465 485 111 339 370 431 0
343 441 574 1 0
344 130 278 187 319 459 0
345 364 80 354 451 453 0
346 238 587 86 319 359 386 418 429 430 437 509 574 0
347 460 251 171 207 303 360 594 0
348 394 203 252 269 513 0
349 536 495 339 248 577 238 555 0
350 171 266 7 10 89 203 331 583 0
351 369 427 0
352 171 33 11 12 20 258 410 0
353 272 339 428 497 531 0
354 279 337 147 301 345 438 0
355 394 17 111 170 235 330 596 0
356 203 198 265 0
357 4 283 600 198 317 322 394 0
358 408 568 167 391 518 0
359 403 501 20 141 164 307 346 532 0
360 120 347 408 457 558 0
361 443 314 236 14 20 0
362 109 174 365 425 456 0
363 595 72 151 197 516 0
364 525 282 345 433 0
365 330 54 119 474 263 362 380 0
366 339 247 454 0
367 597 246 209 440 479 0
368 264 238 94 437 381 0
369 469 247 427 351 448 225 251 271 376 0
370 545 342 0
371 182 0
372 420 18 31 457 533 580 0
373 472 154 488 0
374 541 596 440 3 407 214 450 0
375 529 271 377 508 0
376 264 7 138 369 540 555 0
377 441 375 469 0
378 469 171 227 591 0
379 169 10 179 396 0
380 199 30 312 365 510 0
381 13 368 523 588 0
382 156 231 599 0
383 458 143 495 0
384 118 504 101 472 0
385 482 428 0
386 562 13 178 229 306 346 403 405 582 0
387 422 167 190 405 416 449 0
388 288 62 163 242 334 564 594 0
389 465 53 176 293 296 573 587 0
390 75 562 560 105 565 0
391 264 201 57 68 186 358 481 0
392 79 97 137 224 0
393 281 41 195 210 0
394 149 355 348 196 325 357 461 496 0
395 247 44 100 0
396 469 254 379 523 564 0
397 156 241 543 0
398 159 477 493 503 526 0
399 305 160 197 210 0
400 57 130 138 538 0
401 113 162 159 218 338 487 0
402 144 52 539 0
403 171 194 359 303 69 50 99 599 56 198 257 262 386 528 0
404 42 132 423 0
405 550 19 130 281 386 387 456 523 600 0
406 246 162 341 0
407 374 545 0
408 264 358 360 414 463 0
409 171 137 447 3 117 0
410 152 212 123 126 130 243 352 0
411 42 156 307 0
412 536 233 214 338 554 0
413 580 52 173 96 536 0
414 157 490 487 61 39 79 408 493 0
415 550 11 91 178 0
416 472 458 387 464 482 500 0
417 427 439 0
418 476 38 185 346 521 0
419 479 521 25 177 112 16 95 454 502 0
420 597 260 372 0
421 309 231 422 166 448 600 0
422 421 387 297 568 0
423 10 70 182 190 320 404 492 0
424 587 35 44 157 188 311 537 0
425 509 454 104 80 176 177 362 593 0
426 232 245 276 321 471 0
427 369 287 417 556 291 143 351 0
428 78 213 284 32 205 227 353 385 460 0
429 565 331 346 0
430 265 8 189 235 247 346 451 0
431 148 546 34 342 481 0
432 7 571 184 229 462 533 0
433 364 289 10 140 314 552 0
434 191 302 141 274 0
435 128 43 525 587 0
436 214 326 488 0
437 368 97 346 441 0
438 238 572 68 97 166 195 221 303 354 0
439 83 106 112 417 497 0
440 374 4 222 241 367 524 0
441 469 149 470 343 377 131 175 183 256 437 501 0
442 137 84 452 454 0
443 313 5 361 165 73 0
444 292 530 150 267 0
445 144 0
446 161 591 114 38 555 578 0
447 409 72 333 21 496 595 0
448 369 38 94 421 464 507 0
449 310 159 210 387 0
450 286 131 255 374 0
451 17 182 345 430 0
452 520 43 105 165 297 442 538 0
453 229 194 275 345 0
454 425 142 180 232 299 366 419 442 0
455 63 94 546 0
456 125 144 157 288 322 362 405 0
457 490 308 360 372 501 552 0
458 416 383 36 75 465 0
459 560 60 200 344 542 0
460 463 347 235 9 142 428 464 0
461 140 260 394 0
462 78 5 19 432 0
463 518 460 102 46 173 174 185 408 0
464 193 120 194 271 416 448 460 478 561 0
465 156 145 186 525 171 7 342 389 244 458 544 0
466 78 507 0
467 267 81 579 585 0
468 282 554 249 536 0
469 101 441 264 369 482 396 265 378 229 301 377 504 0
470 441 486 169 10 139 534 0
471 338 426 0
472 264 416 373 179 220 384 0
473 528 206 265 0
474 365 60 494 0
475 476 13 80 298 0
476 482 418 475 60 583 0
477 74 398 0
478 80 464 518 0
479 309 419 96 255 367 0
480 84 64 138 223 556 0
481 592 49 236 309 391 431 0
482 469 566 74 476 385 156 416 496 0
483 290 13 15 88 328 0
484 182 31 112 194 280 566 0
485 342 314 334 0
486 470 130 179 517 582 0
487 414 167 176 401 0
488 544 180 301 373 436 0
489 551 6 140 0
490 414 276 183 272 17 457 54 0
491 110 271 557 0
492 234 423 0
493 109 320 398 414 0
494 63 474 583 0
495 349 550 42 76 333 383 0
496 312 113 266 286 310 394 447 482 0
497 558 327 152 353 439 0
498 567 134 313 0
499 258 30 560 0
500 156 42 416 574 576 0
501 359 192 106 25 266 441 457 572 0
502 513 55 37 103 290 419 0
503 586 3 98 167 398 0
504 384 6 211 289 293 469 540 0
505 76 126 205 208 213 0
506 54 511 91 508 597 0
507 217 178 250 448 466 549 0
508 11 92 375 506 0
509 597 71 206 425 240 346 0
510 2 523 270 527 52 189 380 0
511 506 0
512 49 575 0
513 108 502 77 264 348 0
514 69 75 249 589 0
515 73 59 46 203 0
516 6 193 363 0
517 486 282 0
518 121 463 358 478 536 0
519 69 8 56 164 0
520 171 286 528 452 153 0
521 419 185 418 0
522 273 0
523 510 46 124 381 396 405 0
524 282 11 27 200 231 440 566 0
525 465 45 364 147 289 435 0
526 248 593 241 13 92 121 125 398 589 0
527 510 31 57 0
528 520 269 210 567 473 50 126 196 264 403 0
529 79 375 159 136 0
530 444 75 0
531 268 93 353 0
532 303 19 92 359 0
533 8 372 432 552 0
534 58 22 470 0
535 186 67 167 247 542 548 0
536 101 412 349 118 243 413 468 518 0
537 56 286 424 0
538 206 32 202 203 400 452 0
539 192 308 402 0
540 331 280 376 504 0
541 101 374 585 594 595 51 237 0
542 219 47 67 123 126 129 459 535 565 0
543 313 239 265 397 0
544 71 97 558 488 465 0
545 170 370 407 0
546 431 246 272 455 0
547 89 14 19 182 256 319 0
548 154 131 265 297 308 535 0
549 66 154 586 285 507 0
550 495 415 405 17 96 0
551 224 489 0
552 65 298 24 30 99 433 457 533 0
553 284 88 0
554 468 51 244 412 0
555 13 106 154 349 376 446 0
556 427 153 280 318 480 0
557 161 179 307 491 0
558 544 497 109 301 360 0
559 221 176 0
560 390 565 227 459 265 499 594 0
561 260 81 248 464 0
562 390 297 386 214 0
563 287 153 115 217 229 0
564 18 229 388 396 0
565 560 262 429 17 131 328 390 542 0
566 482 268 68 324 484 524 0
567 528 498 0
568 358 207 16 125 422 0
569 8 141 259 277 281 0
570 76 187 198 0
571 432 264 579 0
572 438 40 501 0
573 339 18 220 23 314 389 0
574 343 64 273 346 500 596 0
575 134 335 32 198 294 306 512 0
576 157 80 500 0
577 349 117 124 204 0
578 309 135 221 446 0
579 158 92 467 571 0
580 258 413 218 184 10 66 228 249 372 0
581 136 24 47 215 220 0
582 486 386 0
583 231 88 177 350 476 494 0
584 11 279 198 122 183 311 0
585 541 132 49 261 467 0
586 549 503 0
587 346 424 75 145 331 389 435 600 0
588 101 337 381 0
589 339 4 198 246 287 327 514 526 0
590 190 122 251 341 0
591 446 2 127 309 378 0
592 596 481 48 0
593 526 326 35 425 0
594 541 116 273 347 388 560 0
595 541 363 9 447 0
596 374 161 592 157 287 337 355 574 0
597 75 509 133 420 367 156 506 0
598 110 325 0
599 403 191 253 382 0
600 357 243 340 405 421 587 0

