600  2315
1 541 117 40 82 162 182 354 429 0
2 311 456 68 111 248 267 316 354 0
3 377 247 533 24 133 134 393 401 0
4 365 54 233 305 0
5 531 390 181 184 251 336 468 552 0
6 85 24 245 413 516 564 583 0
7 569 77 248 249 275 386 0
8 411 241 285 487 506 548 557 0
9 488 211 72 91 100 122 282 330 372 431 529 578 0
10 360 433 102 340 439 0
11 133 28 78 138 230 242 296 361 394 490 512 0
12 523 76 365 165 156 507 512 0
13 104 207 423 505 76 97 256 369 0
14 569 142 261 267 520 0
15 16 49 63 64 108 142 174 202 403 446 447 0
16 342 15 429 140 193 229 289 316 345 366 449 0
17 294 54 85 133 179 255 425 475 592 594 0
18 118 203 339 378 385 579 0
19 284 108 578 180 407 564 0
20 56 91 47 70 94 121 287 383 399 410 451 453 534 545 592 0
21 204 117 169 199 270 289 375 476 0
22 381 68 0
23 37 360 178 189 459 101 405 119 285 290 423 0
24 186 332 61 3 6 219 222 261 269 316 498 561 0
25 370 564 582 228 414 65 67 96 101 227 442 574 0
26 593 48 170 335 454 531 0
27 222 68 144 0
28 230 466 11 140 141 240 299 401 598 0
29 349 80 203 210 298 313 0
30 548 223 158 199 370 375 592 0
31 38 60 102 134 164 248 0
32 509 232 0
33 76 386 508 74 84 332 450 0
34 170 72 288 394 0
35 427 445 542 0
36 148 367 480 561 0
37 166 23 542 104 109 593 49 353 131 305 340 0
38 260 31 124 51 41 104 161 224 324 399 0
39 360 121 126 153 240 304 545 0
40 425 377 131 587 243 284 450 255 237 1 76 438 445 460 463 0
41 430 38 209 402 403 513 0
42 222 193 396 481 0
43 47 143 204 221 249 434 454 518 0
44 46 116 197 255 261 326 380 530 0
45 414 61 223 264 279 281 0
46 173 44 242 403 463 506 0
47 88 43 218 20 112 146 352 396 408 553 0
48 440 119 26 76 224 246 404 501 0
49 37 72 596 15 99 347 0
50 367 571 212 411 413 427 457 546 0
51 38 74 87 90 372 425 455 520 0
52 97 55 231 422 469 0
53 581 428 324 340 420 549 0
54 503 447 4 17 115 145 229 439 466 513 540 543 0
55 192 52 334 570 0
56 322 20 71 176 201 266 398 581 0
57 520 186 347 404 488 0
58 166 328 445 239 266 343 374 509 0
59 176 0
60 407 31 244 318 0
61 24 45 240 249 398 418 490 498 583 0
62 142 139 99 420 0
63 148 355 15 93 517 555 0
64 489 15 125 586 0
65 146 25 136 597 0
66 445 201 319 387 466 0
67 548 25 76 176 251 344 368 372 522 545 547 0
68 27 2 22 96 196 316 354 439 582 0
69 516 272 189 231 465 471 490 525 0
70 178 20 130 132 344 375 424 449 480 0
71 319 56 240 382 397 0
72 49 9 34 149 168 198 362 398 0
73 435 216 366 0
74 305 349 33 51 198 215 497 585 588 0
75 515 292 238 230 271 445 455 502 528 531 0
76 12 548 33 256 13 40 48 67 188 307 0
77 425 441 7 94 184 185 412 466 590 0
78 400 11 229 405 0
79 154 113 383 477 547 551 579 596 0
80 581 326 357 29 202 208 290 339 520 590 0
81 319 217 435 444 562 0
82 163 442 144 1 207 236 247 314 466 479 0
83 186 509 118 546 236 171 184 211 224 528 0
84 398 33 87 158 306 334 405 532 591 0
85 182 6 17 169 456 0
86 587 369 586 235 119 261 421 441 455 514 0
87 459 51 84 115 239 251 477 584 0
88 208 547 431 337 362 479 47 94 269 403 430 0
89 262 319 348 362 473 485 489 594 0
90 220 51 242 361 380 532 0
91 20 9 175 268 368 536 585 589 0
92 335 418 229 243 315 331 334 362 535 0
93 187 63 293 0
94 452 407 462 210 20 77 88 0
95 561 279 164 226 239 361 0
96 424 25 68 124 258 382 0
97 484 52 13 421 571 0
98 408 160 415 488 552 588 0
99 62 49 182 0
100 509 356 9 223 245 246 303 472 507 0
101 23 322 406 378 463 25 510 563 0
102 335 421 10 31 259 278 310 328 461 0
103 372 207 235 305 333 503 518 0
104 37 186 561 13 142 282 38 491 584 0
105 137 125 352 531 0
106 111 114 291 372 0
107 485 247 252 299 343 378 454 461 477 0
108 19 259 15 391 556 561 0
109 37 294 116 145 277 327 482 591 0
110 582 290 585 137 207 289 310 340 503 0
111 369 319 106 2 186 273 314 445 503 528 566 0
112 143 47 336 458 549 0
113 582 329 191 79 135 322 351 579 0
114 367 106 137 158 169 221 313 369 504 513 0
115 552 168 224 54 87 169 393 0
116 109 44 167 187 275 369 470 536 0
117 1 21 198 216 238 386 391 438 580 0
118 83 18 146 376 485 575 0
119 48 23 86 151 168 253 276 283 341 498 0
120 507 137 150 246 376 402 462 471 0
121 473 20 39 206 241 274 479 481 595 0
122 404 475 128 9 270 0
123 421 129 208 267 344 538 0
124 38 96 193 327 462 488 0
125 105 64 175 261 385 437 587 0
126 395 317 39 223 281 310 325 332 428 531 577 0
127 447 341 375 424 0
128 122 198 202 211 437 556 0
129 409 334 123 187 313 357 557 560 563 0
130 308 70 425 0
131 40 150 457 482 531 37 240 248 321 332 334 424 475 553 0
132 196 70 187 251 304 480 0
133 582 11 266 134 3 17 137 161 219 272 0
134 133 3 31 142 315 379 405 570 0
135 423 113 179 202 224 234 319 364 463 491 585 0
136 216 65 233 260 549 567 0
137 499 105 110 114 120 133 213 228 247 436 479 481 516 0
138 503 327 11 222 313 346 446 0
139 62 341 492 571 0
140 186 16 28 358 469 554 557 0
141 304 352 28 226 314 345 420 570 0
142 104 529 62 14 15 134 261 275 324 405 442 480 488 0
143 43 112 155 477 553 0
144 82 27 217 267 336 346 357 393 399 587 0
145 515 249 54 109 308 416 496 502 506 518 535 600 0
146 182 567 65 341 47 118 195 235 249 318 477 492 597 0
147 488 496 436 476 289 303 353 439 0
148 582 424 36 63 176 417 0
149 367 312 72 167 283 392 401 578 0
150 131 381 172 491 120 295 362 432 464 515 529 0
151 455 119 199 204 223 318 345 462 513 0
152 342 259 358 408 0
153 480 382 39 0
154 374 503 79 189 419 506 545 598 0
155 424 143 163 181 233 322 325 369 498 0
156 12 171 199 206 302 420 476 0
157 297 468 497 0
158 239 411 518 30 84 114 214 412 446 474 506 533 538 0
159 369 213 363 383 388 469 573 0
160 98 206 344 405 0
161 305 563 38 133 349 446 583 591 0
162 381 1 462 483 490 0
163 370 82 155 186 221 273 593 0
164 294 244 31 95 227 298 300 361 456 533 0
165 12 201 167 224 378 436 458 511 569 0
166 425 37 308 408 58 169 234 292 413 422 457 523 563 0
167 500 116 149 165 256 405 488 515 556 0
168 115 72 119 206 304 374 464 559 0
169 166 21 85 114 115 314 506 588 0
170 306 34 26 219 231 0
171 83 156 373 441 529 543 550 0
172 150 255 257 369 409 0
173 457 367 46 336 0
174 525 552 534 335 358 15 198 225 355 573 0
175 328 252 274 91 125 364 542 564 0
176 259 59 56 67 148 505 579 0
177 284 218 289 411 491 528 540 0
178 23 370 342 599 70 194 298 360 0
179 488 17 135 0
180 455 19 327 375 499 503 504 0
181 356 388 416 5 155 273 405 413 432 0
182 243 579 330 146 85 1 99 279 462 470 491 0
183 594 495 316 328 411 537 0
184 425 5 77 83 202 287 348 475 555 0
185 487 394 412 77 580 0
186 104 83 269 569 24 140 502 57 111 163 225 300 387 549 564 0
187 457 510 93 116 129 132 271 297 450 513 544 0
188 311 76 199 254 326 339 431 520 0
189 23 452 513 583 379 325 69 154 195 208 488 515 516 0
190 267 196 343 258 358 491 501 572 0
191 113 435 491 516 0
192 233 55 194 347 491 583 0
193 502 16 42 124 0
194 547 257 178 192 230 295 404 538 0
195 327 470 146 189 222 413 442 500 530 571 592 0
196 190 132 68 311 360 531 0
197 301 44 380 454 472 547 0
198 473 72 74 117 128 174 327 440 472 568 0
199 250 21 30 151 156 188 225 407 503 0
200 399 228 379 416 420 474 0
201 165 376 316 56 66 223 263 459 464 502 579 0
202 517 15 80 128 135 184 337 432 440 531 549 0
203 298 18 29 238 255 317 363 578 0
204 43 21 151 230 263 267 284 384 387 534 574 0
205 365 417 436 490 512 571 0
206 488 454 532 346 121 156 160 168 320 553 572 0
207 13 82 103 110 248 479 0
208 372 597 88 487 80 123 189 339 525 549 0
209 272 41 517 559 573 0
210 94 29 211 259 496 0
211 9 565 83 128 210 227 354 0
212 564 50 0
213 159 137 244 328 455 0
214 342 158 317 388 431 524 528 0
215 342 74 228 268 293 300 339 360 396 421 451 579 0
216 569 136 73 117 248 335 457 0
217 322 81 144 254 295 412 491 0
218 47 177 224 532 533 0
219 425 577 24 133 170 344 0
220 521 90 233 454 466 514 0
221 309 285 410 43 114 163 319 367 457 539 0
222 525 42 27 291 24 138 195 301 315 317 345 370 394 513 517 573 0
223 30 45 100 126 151 201 388 413 424 467 526 547 580 584 0
224 115 281 573 38 48 83 135 165 218 286 394 476 496 563 0
225 250 174 186 199 260 370 419 0
226 583 95 141 241 274 356 445 575 593 0
227 487 25 164 211 229 291 394 561 0
228 25 137 200 215 455 477 498 0
229 491 449 16 54 78 92 227 267 338 421 534 0
230 520 251 28 11 75 194 204 305 329 403 469 492 536 0
231 425 451 52 69 170 385 436 565 572 0
232 408 453 32 342 375 524 544 0
233 457 310 192 4 136 155 220 250 397 493 0
234 585 135 166 428 498 536 550 562 581 586 595 0
235 86 103 146 284 287 477 0
236 83 82 254 282 329 533 0
237 40 268 303 310 355 371 416 514 598 0
238 75 117 203 271 559 596 0
239 377 455 158 471 58 87 95 416 427 430 479 0
240 375 28 39 61 71 131 287 298 351 369 0
241 532 8 121 226 308 366 401 0
242 308 440 347 11 46 90 360 396 529 0
243 40 182 474 92 303 0
244 164 366 60 213 263 276 405 427 437 515 0
245 389 6 100 301 382 444 469 494 513 0
246 560 48 100 120 498 589 593 0
247 3 82 107 137 349 402 414 532 0
248 313 2 7 31 131 207 216 380 479 511 562 563 575 0
249 145 7 43 61 146 328 335 540 598 0
250 452 199 225 258 233 275 314 519 551 0
251 230 5 67 87 132 310 378 0
252 175 107 286 293 357 362 588 594 0
253 426 119 269 273 595 0
254 563 188 217 236 331 343 454 0
255 40 17 44 172 203 489 0
256 76 13 167 284 471 526 0
257 194 303 172 440 531 599 0
258 250 96 190 327 377 408 0
259 108 176 102 152 210 294 395 432 0
260 360 38 136 225 332 0
261 506 14 24 44 86 125 142 343 406 0
262 462 478 89 329 586 0
263 539 201 204 244 278 492 0
264 321 45 0
265 561 286 0
266 133 320 56 58 440 0
267 360 190 465 2 14 123 144 204 229 341 352 369 532 600 0
268 490 91 215 237 300 0
269 186 467 24 88 253 410 416 442 482 0
270 537 21 122 291 435 456 546 0
271 466 276 75 187 238 279 286 394 488 0
272 69 209 540 133 0
273 575 111 163 181 253 491 568 0
274 175 121 226 356 433 463 577 0
275 380 7 116 142 250 439 450 495 544 0
276 271 119 244 396 410 469 581 0
277 459 592 109 497 537 0
278 330 102 263 283 361 503 588 0
279 95 45 182 271 390 503 578 0
280 300 309 468 476 494 0
281 224 45 126 306 317 410 508 0
282 104 9 236 297 333 368 408 456 0
283 411 119 149 278 295 0
284 40 19 177 204 235 256 393 531 0
285 221 8 23 339 452 587 0
286 547 224 252 265 271 452 500 594 0
287 550 20 184 235 240 384 408 526 0
288 315 34 583 0
289 580 16 21 110 147 177 0
290 110 295 23 80 367 486 515 0
291 222 106 227 270 577 0
292 75 166 375 504 0
293 389 93 215 252 374 596 0
294 109 539 164 17 259 308 398 470 0
295 290 497 150 194 217 283 331 358 361 472 511 536 0
296 322 458 11 378 0
297 308 403 350 157 187 282 300 384 444 537 550 0
298 322 380 309 203 29 164 178 240 325 347 428 525 531 560 586 593 0
299 544 28 107 342 466 489 556 0
300 305 280 164 186 215 268 297 359 0
301 330 197 222 245 457 0
302 305 156 372 397 442 463 0
303 257 100 147 237 243 386 404 0
304 564 515 590 141 39 132 168 334 509 0
305 582 541 492 161 387 74 389 302 300 4 37 103 230 334 364 444 485 593 599 0
306 527 170 488 84 281 584 0
307 369 76 454 477 0
308 166 297 242 130 530 145 241 294 338 348 432 0
309 298 221 280 529 0
310 233 102 110 126 237 251 485 496 600 0
311 509 422 323 2 188 196 502 513 517 0
312 149 316 350 407 0
313 527 506 248 29 114 129 138 401 425 494 0
314 499 595 82 111 141 169 250 347 0
315 429 288 92 134 222 347 509 0
316 201 2 16 24 68 183 312 326 586 0
317 126 203 214 222 281 448 491 593 0
318 431 60 146 151 508 593 0
319 111 81 71 66 89 135 221 370 436 0
320 266 206 393 434 0
321 425 264 131 348 381 0
322 101 298 56 296 217 113 155 511 516 0
323 311 580 347 394 470 0
324 53 38 142 441 0
325 189 480 126 155 298 0
326 80 351 44 188 316 532 0
327 138 195 109 124 180 198 258 330 505 0
328 58 175 516 102 183 213 249 403 459 534 0
329 113 230 236 262 442 0
330 182 301 419 278 9 327 435 460 0
331 546 92 254 295 549 0
332 24 33 126 131 260 411 449 471 0
333 529 568 103 282 355 371 0
334 129 55 84 92 131 304 305 387 484 505 561 0
335 174 102 92 26 216 249 363 462 472 500 549 570 0
336 173 5 112 144 484 491 581 0
337 88 202 340 424 524 526 560 0
338 597 517 229 308 483 521 528 537 546 582 0
339 460 18 80 188 208 215 285 361 423 0
340 53 10 37 110 337 389 458 486 492 515 0
341 146 119 127 139 267 411 472 509 561 565 0
342 178 16 393 535 214 215 152 232 299 383 0
343 190 58 107 254 261 390 500 0
344 372 67 70 123 160 219 355 509 514 0
345 539 16 141 151 222 560 568 0
346 206 138 144 423 439 459 463 0
347 242 49 57 192 298 314 315 323 412 0
348 524 89 184 308 321 486 496 0
349 74 29 161 247 0
350 297 312 365 459 492 575 0
351 326 493 566 113 240 360 410 453 542 0
352 141 47 105 267 384 514 588 591 0
353 37 147 480 0
354 384 1 2 68 211 409 428 0
355 63 174 237 333 344 356 380 0
356 100 181 427 226 274 355 0
357 80 129 144 252 412 422 514 579 0
358 174 140 152 190 295 405 455 497 498 504 0
359 565 300 364 573 598 0
360 23 581 267 395 39 260 10 555 178 196 215 242 351 477 510 0
361 480 11 90 95 164 278 295 339 496 0
362 88 72 89 92 150 252 446 539 0
363 554 159 203 335 381 453 513 0
364 506 135 175 305 359 395 460 510 578 0
365 12 472 4 205 350 440 544 0
366 244 16 73 241 370 568 0
367 173 391 114 50 149 36 221 290 479 0
368 371 67 91 282 390 460 568 575 576 589 0
369 86 111 307 159 13 114 116 155 172 240 267 403 470 497 552 0
370 178 163 25 30 222 225 319 366 519 0
371 598 368 237 333 456 564 0
372 377 208 103 344 9 51 67 106 302 0
373 544 171 394 0
374 510 154 489 58 168 293 449 501 0
375 542 240 415 385 21 30 70 127 180 232 292 422 425 584 0
376 201 118 120 0
377 40 372 239 3 258 407 440 508 0
378 101 18 107 165 251 296 408 419 496 582 0
379 189 549 435 134 200 538 0
380 298 275 44 90 197 248 355 420 429 443 517 0
381 150 22 162 321 363 524 551 0
382 153 71 96 245 433 0
383 520 20 79 159 342 423 524 527 0
384 473 354 204 287 297 352 432 447 0
385 375 18 125 231 0
386 33 522 7 117 303 457 489 0
387 305 66 186 204 334 0
388 181 159 214 223 462 464 470 495 520 0
389 305 562 245 293 340 398 464 0
390 5 279 343 368 421 450 553 0
391 367 108 117 469 474 0
392 489 149 394 443 0
393 342 469 3 115 144 284 320 445 570 0
394 185 11 34 222 224 227 271 323 373 392 455 492 0
395 360 536 126 259 364 465 561 0
396 555 42 47 215 242 276 412 514 0
397 593 71 233 302 422 441 0
398 413 84 56 61 72 294 389 477 491 510 573 0
399 480 200 20 38 144 564 573 581 588 593 0
400 506 78 401 422 0
401 400 3 28 149 241 313 408 413 439 460 471 532 0
402 483 41 120 247 436 568 0
403 297 523 527 15 41 46 88 230 328 369 454 0
404 417 122 589 48 57 194 303 439 481 507 535 561 0
405 23 78 84 134 142 160 167 181 244 358 574 0
406 101 557 261 419 447 467 513 0
407 94 60 19 199 312 377 590 0
408 166 232 98 47 152 258 282 287 378 401 466 0
409 472 129 172 354 434 0
410 221 600 20 269 276 281 351 451 485 0
411 158 8 283 50 177 183 332 341 575 0
412 185 77 158 217 347 357 396 422 440 468 0
413 461 398 6 50 166 181 195 223 401 454 505 0
414 25 45 247 517 519 552 553 588 0
415 375 519 98 495 0
416 181 494 145 200 237 239 269 437 461 463 547 0
417 509 404 148 205 0
418 92 61 442 485 512 557 0
419 330 526 154 225 378 406 491 494 588 0
420 542 53 62 141 156 200 380 464 532 564 593 0
421 102 123 86 97 215 229 390 500 507 556 0
422 311 426 52 166 357 375 397 400 412 441 464 482 0
423 13 135 23 339 346 383 517 0
424 148 96 155 432 572 70 127 131 223 337 556 0
425 166 40 525 77 219 321 231 184 17 51 130 313 375 568 0
426 422 512 253 452 505 559 0
427 356 35 50 239 244 0
428 53 126 234 298 354 431 498 597 0
429 16 315 1 380 481 560 0
430 454 41 88 239 502 550 557 0
431 88 318 444 9 188 214 428 456 538 0
432 424 439 150 181 202 259 308 384 504 533 0
433 10 274 382 0
434 551 43 320 409 0
435 379 73 81 191 270 330 584 0
436 147 137 165 205 231 319 402 527 0
437 484 125 128 244 416 478 0
438 456 40 117 487 578 596 0
439 432 10 54 68 147 275 346 401 404 570 0
440 242 464 48 198 202 257 266 365 377 412 0
441 77 483 594 544 86 171 324 397 422 564 0
442 82 25 142 195 269 302 329 418 0
443 541 485 380 392 557 0
444 431 81 245 297 305 469 570 0
445 58 66 35 40 75 111 226 393 0
446 537 598 15 138 158 161 362 0
447 54 127 15 384 406 0
448 593 317 535 559 583 0
449 229 16 70 332 374 513 525 0
450 40 33 187 275 390 504 0
451 231 20 215 410 591 0
452 189 250 94 285 286 426 546 547 577 592 0
453 232 20 351 363 571 0
454 206 430 26 43 107 197 220 254 307 403 413 0
455 239 151 498 484 514 180 51 75 86 213 228 358 394 469 485 543 0
456 2 438 85 164 270 282 371 431 492 0
457 131 187 173 499 233 559 50 166 216 221 301 386 463 500 0
458 296 112 165 340 0
459 23 277 87 201 328 346 350 0
460 472 339 40 330 364 368 401 578 583 0
461 565 413 102 107 416 512 0
462 94 262 120 124 151 162 182 335 388 464 0
463 101 40 46 135 274 302 346 416 457 512 531 0
464 440 150 168 201 388 389 420 422 462 482 0
465 267 69 395 474 0
466 28 271 54 66 77 82 220 299 408 539 0
467 269 223 406 472 0
468 504 5 157 280 412 511 533 0
469 393 52 140 159 230 245 276 391 444 455 507 542 546 0
470 195 116 182 294 323 369 388 0
471 239 69 120 256 332 401 502 0
472 365 409 524 460 100 197 198 295 335 341 467 474 0
473 521 121 198 384 89 581 588 0
474 243 158 200 391 465 472 498 552 0
475 122 17 131 184 0
476 147 21 156 224 280 0
477 587 79 87 107 143 146 228 235 307 360 398 0
478 262 437 523 0
479 88 481 82 121 137 207 239 248 367 533 559 594 0
480 325 153 399 361 36 70 132 142 353 0
481 479 42 121 137 404 429 527 551 0
482 131 109 269 422 464 0
483 441 402 162 338 523 0
484 455 97 437 334 336 541 0
485 443 107 89 118 305 310 410 418 455 0
486 548 290 340 348 513 0
487 208 185 545 227 8 438 0
488 306 501 206 9 147 179 57 98 124 142 167 189 271 526 0
489 374 64 392 89 255 299 386 502 0
490 597 268 11 61 69 162 205 559 566 567 596 0
491 150 574 229 104 135 177 182 190 191 192 217 273 317 336 398 419 506 533 558 0
492 305 537 139 146 230 263 340 350 394 456 505 506 0
493 351 233 500 554 0
494 416 245 280 313 419 508 524 548 0
495 183 275 388 415 0
496 147 145 210 224 310 348 361 378 501 0
497 295 74 157 277 358 369 564 0
498 455 24 61 119 155 228 234 246 358 428 474 0
499 457 137 314 180 0
500 556 167 195 286 335 343 421 457 493 0
501 488 48 190 374 496 507 0
502 186 193 75 145 201 311 430 471 489 0
503 154 54 138 103 110 111 180 199 278 279 510 0
504 517 468 114 180 292 358 432 450 526 533 0
505 13 176 327 334 413 426 492 590 0
506 313 364 400 261 8 46 145 154 158 169 491 492 543 576 0
507 587 120 12 100 404 421 469 501 530 0
508 33 591 281 318 377 494 566 0
509 83 417 311 100 32 58 304 315 341 344 0
510 187 374 101 360 364 398 503 514 541 0
511 555 165 248 295 322 468 584 0
512 426 554 11 12 205 418 461 463 525 567 588 0
513 189 41 54 114 151 187 222 245 311 363 406 449 486 0
514 455 560 86 220 237 344 352 357 396 510 0
515 304 145 75 570 150 167 189 244 290 340 557 558 0
516 328 69 6 137 189 191 322 0
517 338 202 504 584 63 209 222 311 380 414 423 0
518 158 43 103 145 0
519 415 250 370 414 558 0
520 561 230 553 57 383 14 51 80 188 388 0
521 527 473 220 338 0
522 386 67 0
523 403 12 166 478 483 0
524 472 558 348 214 232 337 381 383 494 568 577 0
525 425 222 174 69 208 298 449 512 0
526 419 223 256 287 337 488 504 527 0
527 403 521 306 313 383 436 481 526 0
528 539 75 83 111 177 214 338 591 0
529 142 333 9 150 171 242 309 0
530 308 44 195 507 0
531 131 5 26 75 105 126 196 202 257 284 298 463 588 597 0
532 206 241 84 90 218 247 267 326 401 420 0
533 3 158 164 218 236 432 468 479 491 504 0
534 174 20 204 229 328 0
535 342 92 145 404 448 0
536 395 91 116 230 234 295 0
537 492 446 270 183 277 297 338 550 0
538 595 123 158 194 379 431 0
539 294 345 263 528 221 362 466 0
540 272 54 177 249 0
541 305 556 1 443 484 510 553 0
542 37 375 420 35 175 351 469 545 0
543 581 54 171 455 506 0
544 441 299 373 187 232 275 365 0
545 487 20 39 67 154 542 585 0
546 83 331 50 270 338 452 469 0
547 88 194 286 67 79 197 223 416 452 0
548 76 67 30 486 8 494 585 0
549 379 53 112 136 186 202 208 331 335 0
550 574 287 171 234 297 430 537 599 0
551 552 575 588 434 79 250 381 481 0
552 174 115 551 5 98 369 414 474 556 0
553 520 47 131 143 206 390 414 541 567 0
554 512 363 140 493 589 0
555 360 511 396 63 184 0
556 541 500 108 128 167 299 421 424 552 0
557 406 8 129 140 418 430 443 515 0
558 524 491 515 519 568 0
559 457 168 209 238 426 448 479 490 0
560 514 246 129 298 337 345 429 0
561 104 520 95 265 24 36 108 227 334 341 395 404 0
562 389 81 234 248 0
563 161 254 101 129 166 224 248 576 0
564 25 304 212 6 19 175 186 371 399 420 441 497 0
565 211 461 359 231 341 0
566 351 111 490 508 571 0
567 146 136 490 512 553 0
568 333 198 273 345 366 368 402 425 524 558 0
569 186 216 14 7 165 0
570 515 55 134 141 335 393 439 444 0
571 50 97 139 195 205 453 566 0
572 424 190 206 231 598 0
573 224 159 174 209 222 359 398 399 0
574 491 550 25 204 405 586 0
575 551 273 118 226 248 350 368 411 599 0
576 587 368 506 563 590 598 0
577 219 126 274 291 452 524 596 0
578 19 9 149 203 279 364 438 460 594 0
579 182 18 79 113 176 201 215 357 0
580 323 289 117 185 223 0
581 360 53 80 543 56 234 276 336 399 473 0
582 25 305 113 110 148 133 68 338 378 0
583 189 226 6 61 161 192 288 448 460 0
584 517 87 104 223 306 375 435 511 0
585 110 234 74 91 135 545 548 0
586 86 64 234 262 298 316 574 0
587 40 86 477 507 576 125 144 285 0
588 551 74 98 169 252 278 352 399 414 419 473 512 531 0
589 404 91 246 368 554 0
590 304 77 80 407 505 576 0
591 508 84 109 161 352 451 528 0
592 277 17 20 30 195 452 0
593 37 448 26 397 163 226 246 298 305 317 318 399 420 0
594 441 183 17 89 252 286 479 578 0
595 314 538 121 234 253 0
596 49 79 238 293 438 490 577 0
597 208 490 338 65 146 428 531 0
598 446 371 28 154 237 249 359 572 576 0
599 178 257 305 550 575 0
600 410 145 267 310 0

600  2420
1 578 309 104 115 107 75 163 398 295 2 100 222 414 552 0
2 355 441 1 472 527 528 579 588 0
3 431 76 138 154 168 215 221 248 251 349 354 409 442 469 496 0
4 489 259 54 174 175 225 425 453 524 539 0
5 593 333 500 153 179 188 227 235 328 388 0
6 81 15 100 111 268 377 430 456 500 563 578 593 0
7 132 20 178 197 308 354 458 487 507 521 525 527 0
8 588 363 77 223 435 465 503 535 0
9 315 381 81 154 258 287 435 449 597 0
10 325 151 213 219 232 284 315 533 0
11 79 15 108 168 187 419 0
12 532 64 307 319 0
13 74 62 99 104 217 225 285 363 366 397 475 477 494 514 0
14 80 213 41 199 269 288 311 321 380 384 406 0
15 437 517 6 11 91 124 161 173 574 0
16 511 58 75 120 367 532 0
17 211 95 177 187 0
18 66 522 46 63 110 194 218 382 489 551 564 0
19 179 514 39 100 239 278 442 530 0
20 402 7 197 259 334 395 545 0
21 182 64 167 174 214 339 389 439 482 563 569 0
22 493 39 124 148 335 362 384 394 425 0
23 446 317 54 56 66 153 167 244 436 479 543 566 586 0
24 411 388 300 35 212 369 395 433 518 0
25 357 561 451 153 174 375 416 503 555 0
26 372 507 593 0
27 286 79 77 115 357 419 444 509 0
28 459 40 68 100 220 600 0
29 122 433 188 246 251 352 0
30 532 208 41 64 103 294 474 483 0
31 516 44 79 209 0
32 332 249 44 95 134 138 145 212 485 500 0
33 481 38 115 221 443 595 0
34 557 73 51 270 313 337 373 420 476 0
35 122 24 66 160 265 275 393 0
36 300 544 145 160 187 299 377 0
37 197 464 510 264 381 407 451 513 0
38 122 131 33 108 112 373 0
39 182 193 19 22 94 190 294 400 419 426 0
40 431 529 391 28 173 220 250 271 279 280 316 440 493 0
41 83 357 443 14 30 45 435 0
42 410 108 266 290 307 600 0
43 538 153 194 204 478 541 586 592 0
44 600 31 32 96 215 341 458 543 0
45 456 41 61 108 199 207 478 522 0
46 571 18 211 340 466 0
47 554 207 215 279 296 0
48 123 248 293 294 338 395 0
49 275 165 156 211 228 269 280 292 304 421 0
50 402 92 120 129 320 386 459 478 0
51 439 530 34 91 125 273 287 338 351 414 0
52 397 272 107 172 342 401 402 440 464 483 538 548 558 0
53 275 364 270 401 469 590 0
54 306 4 23 210 258 347 354 454 460 488 0
55 68 97 505 282 578 372 438 165 182 252 385 503 583 0
56 169 23 217 304 466 0
57 166 75 136 275 320 574 0
58 558 16 93 96 115 196 204 271 393 550 0
59 598 175 363 0
60 593 182 160 178 306 334 368 396 421 494 0
61 99 45 350 0
62 164 13 73 116 153 431 450 468 571 0
63 97 458 169 72 504 409 337 158 537 18 196 269 308 336 381 400 432 478 559 581 585 599 0
64 534 12 21 30 95 192 301 303 435 0
65 542 305 115 404 551 0
66 168 18 225 288 474 23 35 195 289 0
67 97 431 411 318 327 552 574 81 98 341 364 414 426 446 491 499 588 0
68 55 255 442 348 250 480 230 532 144 28 96 107 131 185 202 415 450 498 517 542 0
69 255 189 493 559 418 98 71 95 114 185 312 375 477 0
70 593 142 584 84 117 212 376 443 472 0
71 282 535 90 301 148 69 111 268 271 383 590 0
72 63 423 76 254 385 506 0
73 34 62 158 262 265 294 307 571 0
74 506 13 77 185 225 510 0
75 1 16 57 362 403 419 0
76 255 110 3 72 258 273 275 299 380 393 472 0
77 419 164 494 329 234 8 27 74 102 207 241 252 310 421 0
78 547 110 350 0
79 27 11 31 196 224 437 505 514 0
80 341 147 180 14 171 187 188 506 0
81 9 6 232 261 67 83 155 169 240 277 375 445 0
82 334 371 393 430 548 0
83 593 41 81 200 318 417 484 571 0
84 419 564 70 125 332 374 449 450 526 0
85 439 119 587 0
86 408 592 0
87 504 312 158 222 295 337 563 0
88 485 133 475 0
89 327 293 239 345 410 452 0
90 71 600 445 231 92 122 168 218 487 511 528 0
91 464 15 51 98 121 315 336 503 505 0
92 90 374 50 122 156 230 285 0
93 569 58 240 294 561 0
94 233 39 201 207 223 296 460 497 584 0
95 398 17 32 64 69 177 248 487 532 0
96 412 44 58 68 327 380 516 573 598 0
97 55 377 67 63 275 235 196 286 394 536 0
98 69 67 91 127 259 289 324 409 431 479 531 540 555 0
99 549 61 13 109 249 448 561 0
100 482 229 1 6 19 28 203 236 0
101 504 123 281 403 438 573 0
102 379 77 210 263 317 342 0
103 481 30 187 224 234 267 320 334 486 491 509 0
104 1 550 215 13 131 268 301 491 0
105 410 118 178 540 0
106 486 117 258 295 312 434 535 0
107 1 473 52 68 204 216 293 331 390 396 0
108 510 11 38 42 45 177 477 0
109 303 99 214 354 0
110 76 18 78 288 316 358 453 471 0
111 163 6 71 245 405 0
112 335 140 38 290 571 572 0
113 492 247 439 0
114 557 69 181 241 284 306 377 386 478 531 574 0
115 1 516 27 33 58 65 117 249 399 440 504 535 557 571 597 0
116 535 62 121 176 231 289 309 379 434 539 553 0
117 106 70 115 448 497 0
118 105 138 326 521 576 0
119 366 85 242 0
120 303 269 16 50 331 483 500 543 0
121 255 168 366 185 91 116 305 335 523 0
122 215 38 29 273 35 90 92 270 448 533 563 0
123 250 48 101 197 215 337 560 0
124 285 556 15 22 206 213 235 325 427 448 532 579 0
125 426 325 51 84 266 269 351 530 0
126 485 310 469 152 194 225 312 371 0
127 241 138 98 162 209 342 393 414 422 525 0
128 341 180 295 331 416 499 0
129 430 50 173 225 238 281 311 392 452 453 509 0
130 409 137 583 430 385 182 274 276 0
131 38 68 104 244 329 384 386 540 0
132 408 7 591 150 162 267 342 379 471 522 0
133 158 211 88 0
134 594 32 141 222 274 328 398 530 539 0
135 374 145 240 361 426 453 600 0
136 306 57 193 197 326 405 416 453 0
137 130 281 389 147 217 248 432 0
138 127 3 32 118 139 141 234 258 260 301 313 516 548 560 582 0
139 410 319 326 138 194 401 476 512 587 0
140 112 231 346 379 479 533 599 0
141 163 134 138 171 302 359 389 570 597 0
142 70 181 286 484 0
143 241 208 307 345 367 469 491 519 0
144 68 571 321 315 0
145 353 32 36 135 160 269 288 387 446 518 531 0
146 308 379 167 253 264 266 326 529 0
147 80 582 280 137 230 239 273 440 448 568 0
148 71 22 354 370 510 577 0
149 317 217 231 290 314 353 458 0
150 290 132 196 240 257 387 489 499 0
151 376 10 258 329 0
152 398 126 190 206 435 534 0
153 542 184 5 23 25 43 62 156 326 382 530 566 568 0
154 175 3 9 156 261 421 432 514 0
155 309 246 81 332 341 417 0
156 438 49 92 153 154 164 410 530 0
157 164 354 230 232 0
158 63 133 73 87 235 320 332 444 478 589 0
159 289 200 175 287 292 328 482 571 583 0
160 449 35 36 60 145 308 480 0
161 332 15 231 396 577 591 0
162 332 247 127 132 371 373 462 568 0
163 1 111 141 249 515 0
164 77 422 316 62 157 156 200 0
165 49 55 227 445 484 546 0
166 289 425 57 416 424 435 0
167 396 195 21 23 146 533 0
168 121 518 328 66 367 3 11 90 194 236 265 317 0
169 63 311 506 56 81 234 294 361 386 535 0
170 346 245 261 518 540 574 0
171 388 80 141 180 187 447 522 0
172 347 568 497 52 263 501 536 578 598 0
173 514 15 40 129 283 502 0
174 355 4 21 25 318 530 0
175 378 588 154 4 59 159 216 225 298 0
176 450 307 116 203 209 304 312 383 391 400 454 598 0
177 197 435 540 17 95 108 288 326 400 505 0
178 430 198 7 60 105 278 337 463 548 0
179 565 485 19 299 5 211 269 343 589 0
180 80 287 128 171 445 0
181 274 114 142 184 304 463 495 0
182 60 245 453 21 39 55 130 309 337 426 462 537 0
183 437 274 472 407 192 376 511 0
184 153 241 181 198 207 377 400 409 496 0
185 121 68 69 74 229 270 439 0
186 294 216 296 341 441 567 0
187 376 483 11 17 36 80 103 171 190 246 586 0
188 332 360 5 29 80 330 393 401 420 440 487 514 0
189 69 405 440 495 0
190 343 39 152 187 286 585 0
191 272 284 311 324 371 403 0
192 304 64 183 193 270 320 483 571 0
193 39 136 192 200 584 0
194 306 18 43 126 139 168 261 318 385 405 415 536 0
195 167 66 263 294 436 461 535 0
196 97 567 58 63 79 150 212 307 0
197 372 37 542 586 177 7 20 123 136 260 290 319 325 330 365 0
198 178 184 323 366 486 0
199 517 14 45 326 588 0
200 159 83 164 193 312 365 381 398 484 533 535 556 0
201 229 599 94 414 473 0
202 449 541 68 247 304 373 536 555 561 0
203 550 100 176 295 338 372 0
204 408 43 58 107 459 522 0
205 416 311 357 410 589 0
206 324 124 152 228 294 417 0
207 408 45 47 77 94 184 349 364 369 376 549 0
208 30 143 454 0
209 489 406 31 127 176 238 299 460 0
210 472 54 102 334 343 549 584 0
211 133 17 46 49 179 239 261 356 394 444 0
212 468 24 32 70 196 333 370 380 582 593 0
213 14 10 124 230 248 313 314 383 403 0
214 535 21 109 301 335 340 563 0
215 104 503 415 122 3 44 47 123 256 0
216 257 107 175 186 265 290 351 429 527 571 0
217 501 13 56 137 149 0
218 581 18 90 395 532 595 0
219 371 10 530 563 0
220 598 28 40 511 0
221 424 3 33 266 288 314 450 0
222 505 341 376 368 1 87 134 254 300 401 419 596 0
223 381 8 94 236 315 0
224 506 263 79 103 347 599 0
225 66 4 13 74 126 129 175 288 325 593 0
226 299 269 326 355 420 476 585 0
227 377 5 165 228 245 403 409 438 454 459 525 0
228 410 524 49 206 227 339 381 460 525 553 0
229 100 201 351 185 273 292 448 514 0
230 68 400 511 92 147 157 213 314 0
231 90 548 369 116 140 149 161 241 316 0
232 81 390 10 157 239 273 327 375 0
233 311 94 298 238 281 432 434 534 537 554 0
234 77 103 138 169 350 524 570 0
235 97 397 547 5 124 158 318 382 435 473 515 0
236 477 291 100 168 223 450 511 0
237 241 513 276 318 508 545 0
238 423 129 209 233 380 566 0
239 449 19 89 147 211 232 256 283 386 512 0
240 464 81 93 135 150 322 413 454 461 485 0
241 184 143 459 127 237 260 77 114 231 271 347 375 451 559 0
242 435 119 259 269 275 323 576 0
243 527 279 353 388 392 0
244 396 23 131 279 299 335 443 450 515 554 0
245 182 294 111 170 227 365 474 527 0
246 155 29 187 322 391 0
247 162 113 202 312 0
248 550 3 48 95 137 213 294 340 411 508 511 0
249 32 99 115 163 268 314 402 462 473 528 0
250 68 123 523 40 340 438 0
251 332 3 29 254 280 366 388 468 578 0
252 318 55 77 308 372 395 435 463 505 518 562 0
253 360 262 146 283 348 0
254 477 72 222 251 306 498 552 0
255 68 69 121 76 549 436 527 456 275 428 531 0
256 473 215 239 276 327 374 415 458 460 485 510 0
257 327 216 150 381 463 556 567 0
258 408 9 54 76 106 138 151 411 480 556 0
259 4 501 20 98 242 265 412 465 487 525 560 0
260 241 138 197 405 427 439 506 0
261 81 154 170 194 211 274 316 428 0
262 253 560 73 295 345 510 532 0
263 224 448 270 102 172 195 266 419 429 432 544 0
264 37 284 146 319 361 369 420 514 0
265 517 35 73 168 216 259 362 0
266 588 42 125 146 221 263 269 475 0
267 536 490 103 132 380 502 0
268 552 6 71 104 249 0
269 120 14 49 63 125 145 179 226 242 266 276 343 482 513 563 0
270 263 471 34 53 122 185 192 501 0
271 551 40 58 71 241 454 493 504 514 562 0
272 52 191 290 303 531 0
273 122 404 51 76 147 229 232 351 492 502 0
274 183 572 350 181 130 134 261 467 478 0
275 97 285 53 49 553 35 57 76 242 255 279 376 426 465 0
276 532 324 346 130 237 256 269 425 526 537 592 0
277 388 81 429 0
278 414 558 19 178 350 366 450 0
279 419 528 40 47 243 244 275 309 386 0
280 147 40 49 251 313 333 478 517 545 582 0
281 137 101 129 233 0
282 55 71 371 375 535 0
283 532 173 239 253 302 420 486 0
284 264 10 114 191 300 320 342 391 443 542 568 0
285 275 124 13 92 388 400 426 456 553 590 598 0
286 480 27 306 314 97 142 190 294 386 410 426 540 0
287 180 543 9 51 159 308 314 521 566 592 0
288 66 399 14 110 145 177 221 225 495 594 0
289 309 159 166 557 66 98 116 413 555 577 0
290 554 150 42 112 149 197 216 272 295 303 434 0
291 236 475 485 566 595 0
292 534 49 159 229 317 323 443 456 551 573 0
293 89 48 107 368 541 0
294 245 186 30 39 48 73 93 169 195 206 248 286 341 347 349 413 488 0
295 1 87 106 128 203 262 290 395 455 548 0
296 461 47 94 186 544 546 0
297 324 448 520 0
298 233 175 434 449 474 578 0
299 179 226 36 76 209 244 582 0
300 24 36 222 284 389 427 473 562 0
301 71 342 597 64 104 138 214 318 319 367 536 546 570 587 0
302 565 141 283 349 572 0
303 309 120 380 109 64 272 290 398 429 0
304 309 192 49 56 176 181 202 360 439 0
305 65 121 319 347 365 387 476 510 593 0
306 286 136 477 194 386 54 60 114 254 359 578 0
307 176 12 42 73 143 196 532 555 0
308 411 146 7 63 160 252 287 342 441 480 529 542 572 0
309 1 289 155 358 303 304 116 182 279 375 513 0
310 126 77 565 571 588 0
311 169 233 344 14 129 191 205 316 333 358 387 573 578 0
312 87 515 69 106 126 176 200 247 365 385 0
313 488 34 138 213 280 467 533 0
314 286 149 213 221 230 249 287 320 361 375 405 500 583 0
315 377 9 10 91 144 223 389 412 451 562 0
316 164 40 110 231 261 311 378 383 573 0
317 23 149 102 168 292 384 456 585 0
318 67 252 439 83 174 194 235 237 301 538 0
319 139 12 197 264 301 305 388 433 446 0
320 585 50 57 103 158 192 284 314 403 0
321 144 14 359 446 512 0
322 523 240 246 348 402 414 574 0
323 451 198 242 292 337 443 0
324 276 206 297 98 191 367 0
325 125 10 124 197 225 409 511 570 0
326 139 118 136 146 153 177 199 226 364 0
327 67 419 89 257 96 232 256 334 343 410 599 0
328 168 334 5 134 159 0
329 77 131 151 335 484 0
330 517 188 197 0
331 551 345 432 107 120 128 500 595 0
332 516 188 32 251 162 161 84 155 158 359 470 526 562 0
333 5 455 212 280 311 363 405 537 0
334 328 82 365 20 60 103 210 327 375 489 564 0
335 450 112 22 121 214 244 329 0
336 535 63 91 443 468 0
337 63 34 87 123 178 182 323 405 0
338 474 48 51 203 342 509 563 582 0
339 423 21 228 481 550 0
340 373 46 214 248 250 355 515 527 0
341 222 128 80 434 44 67 155 186 294 353 509 0
342 301 428 52 102 127 132 284 308 338 443 475 0
343 360 375 190 179 210 269 327 388 418 512 517 596 0
344 311 507 550 552 578 0
345 331 89 143 262 349 377 390 0
346 276 170 140 352 469 0
347 383 482 172 54 224 241 294 305 440 0
348 68 353 253 322 404 0
349 437 466 3 207 294 302 345 531 0
350 274 61 78 234 278 545 583 0
351 229 51 125 216 273 373 384 391 416 492 512 0
352 515 29 346 376 0
353 348 145 149 243 341 366 521 0
354 157 3 7 54 109 148 408 450 0
355 360 174 2 226 340 391 430 458 0
356 410 211 363 0
357 41 25 361 27 205 377 379 383 418 0
358 309 110 311 380 450 465 0
359 523 141 306 321 332 385 443 0
360 188 343 253 355 304 382 403 0
361 357 463 135 169 264 314 420 475 515 0
362 558 22 75 265 387 436 542 0
363 8 13 59 333 356 458 561 0
364 53 67 207 326 504 0
365 334 197 200 245 305 312 0
366 121 452 119 13 198 251 278 353 463 552 555 593 0
367 168 16 143 301 324 420 434 466 477 563 0
368 222 60 293 583 0
369 231 24 207 264 486 534 589 0
370 488 148 212 582 586 0
371 426 219 82 126 162 191 282 0
372 55 197 26 495 203 252 0
373 408 340 34 38 162 202 351 418 475 519 0
374 92 135 580 84 256 476 535 0
375 343 573 25 69 81 232 241 282 309 314 334 422 492 0
376 222 151 187 70 183 207 275 352 455 459 538 568 0
377 97 536 315 227 6 36 114 184 345 357 386 471 533 0
378 542 175 519 316 562 0
379 146 102 116 132 140 357 404 450 458 0
380 303 14 76 96 212 238 267 358 598 0
381 9 223 37 63 200 228 257 401 461 473 503 566 0
382 461 18 153 235 360 443 0
383 408 347 554 71 176 213 316 357 427 503 569 0
384 569 14 22 131 317 351 416 544 580 0
385 130 55 72 194 312 359 407 452 0
386 306 50 114 131 169 239 279 286 377 512 529 0
387 426 145 150 305 311 362 490 499 0
388 24 171 277 5 243 251 285 319 343 424 428 576 0
389 137 21 141 300 315 463 484 0
390 232 107 345 430 463 493 555 0
391 40 563 176 246 284 351 355 480 508 0
392 497 129 243 501 507 584 0
393 464 35 58 76 82 127 188 395 478 591 0
394 532 22 97 211 462 536 0
395 510 20 24 48 218 252 295 393 447 568 0
396 481 167 486 412 244 60 107 161 402 573 0
397 235 52 13 460 0
398 1 152 95 134 200 303 445 504 564 0
399 288 417 115 503 507 510 0
400 230 39 63 176 177 184 285 402 442 448 485 0
401 419 52 53 139 188 222 381 598 0
402 450 566 479 50 20 52 249 322 396 400 510 0
403 569 75 101 191 213 227 320 360 430 459 488 0
404 273 65 348 379 0
405 521 111 136 189 194 260 314 333 337 445 0
406 209 14 492 504 533 539 559 0
407 183 37 385 0
408 419 383 132 373 204 207 258 86 354 0
409 63 130 3 98 184 227 325 478 515 547 562 0
410 446 228 139 105 42 356 89 156 205 286 327 449 573 0
411 67 24 468 565 308 248 258 475 553 0
412 396 96 259 315 579 0
413 494 240 289 294 450 473 555 563 0
414 458 278 1 51 67 127 201 322 457 484 494 596 0
415 215 68 194 256 0
416 504 205 521 25 128 136 166 351 384 530 542 0
417 399 83 155 206 599 0
418 69 343 357 373 0
419 327 77 408 84 279 401 11 27 39 75 222 263 443 478 525 531 593 0
420 593 34 188 226 264 283 361 367 440 490 591 0
421 453 49 60 77 154 561 576 0
422 164 440 127 375 0
423 72 339 562 238 456 592 0
424 569 221 166 388 453 0
425 166 512 4 22 276 457 0
426 498 371 594 125 387 39 67 135 182 275 285 286 430 451 479 0
427 477 124 260 300 383 431 459 0
428 342 255 261 388 507 575 0
429 554 216 263 277 303 432 446 474 0
430 130 129 178 555 6 82 355 390 403 426 431 0
431 67 481 40 3 62 98 427 430 528 0
432 331 63 137 154 233 263 429 460 465 0
433 29 24 319 505 568 0
434 341 106 116 233 290 298 367 0
435 177 242 8 9 41 64 152 166 235 252 501 529 574 0
436 255 23 195 362 518 551 560 0
437 442 349 15 183 598 539 79 469 0
438 55 156 101 227 250 522 0
439 318 51 85 21 113 185 260 304 554 0
440 422 40 52 115 147 188 189 347 420 518 560 0
441 2 465 186 308 0
442 68 446 569 437 3 19 400 0
443 41 33 70 244 284 292 323 336 342 359 382 419 0
444 536 27 158 211 451 513 518 0
445 90 81 165 180 398 405 0
446 442 23 410 546 67 145 319 321 429 492 0
447 551 499 171 395 0
448 263 99 117 122 124 147 229 297 400 505 0
449 498 239 160 202 9 84 298 410 467 0
450 480 402 335 176 62 68 84 221 236 244 278 354 358 379 413 532 0
451 25 475 323 37 241 315 426 444 562 0
452 366 89 129 385 0
453 182 421 4 110 129 135 136 424 505 591 0
454 505 54 176 208 227 240 271 462 0
455 333 295 376 564 0
456 255 45 6 285 292 317 423 585 600 0
457 481 414 425 505 555 0
458 63 595 551 414 526 7 44 149 256 355 363 379 518 519 593 0
459 241 28 50 204 227 376 403 427 564 0
460 594 533 54 94 209 228 256 397 432 0
461 594 382 296 195 240 381 0
462 499 162 182 249 394 454 531 553 573 0
463 361 178 181 252 257 366 389 390 0
464 37 570 91 484 393 240 52 0
465 441 8 259 275 358 432 556 0
466 349 46 56 367 515 531 584 0
467 595 274 313 449 522 551 0
468 411 212 62 251 336 0
469 126 3 53 143 346 437 478 0
470 562 332 521 0
471 270 110 132 377 519 0
472 183 210 2 70 76 541 559 574 575 0
473 107 256 201 235 249 300 381 413 519 0
474 66 338 30 245 298 429 491 566 0
475 451 13 88 266 291 342 361 373 411 0
476 593 34 139 226 305 374 0
477 306 427 236 254 13 69 108 367 529 585 594 0
478 480 489 43 45 50 63 114 158 274 280 393 409 419 469 486 0
479 402 23 98 140 426 0
480 68 478 286 450 492 160 258 308 391 597 0
481 431 498 396 457 103 33 339 504 514 0
482 347 100 21 159 269 0
483 187 587 30 52 120 192 591 0
484 464 83 142 165 200 329 389 414 550 597 0
485 179 126 88 32 240 256 291 400 490 571 586 0
486 396 106 103 198 283 369 478 551 594 0
487 532 7 90 95 188 259 524 0
488 523 313 370 54 294 403 490 0
489 478 4 209 18 150 334 528 0
490 267 387 420 485 488 0
491 522 67 103 104 143 474 528 589 0
492 480 113 273 351 375 406 446 0
493 69 22 40 271 390 550 0
494 77 579 413 13 60 414 582 0
495 372 181 189 288 560 581 597 0
496 498 596 3 184 555 563 0
497 172 392 94 117 502 0
498 481 426 496 449 581 68 254 0
499 447 462 67 128 150 387 0
500 5 6 32 120 314 331 575 584 0
501 259 217 172 270 392 435 554 0
502 526 173 267 273 497 0
503 215 8 25 55 91 381 383 399 569 0
504 63 416 87 101 115 271 364 398 406 481 0
505 55 222 454 79 91 177 252 433 448 453 457 0
506 169 224 74 72 80 260 596 0
507 344 7 26 392 399 428 598 0
508 549 538 237 248 391 0
509 586 27 103 129 338 341 0
510 37 108 395 74 148 256 262 305 399 402 0
511 230 16 90 183 220 236 248 325 562 588 0
512 425 139 239 321 343 351 386 0
513 237 37 269 309 444 0
514 19 173 13 79 154 188 229 264 271 481 0
515 312 352 163 235 244 340 361 409 466 565 0
516 115 332 31 96 138 0
517 15 330 199 265 68 280 343 567 585 594 0
518 168 24 145 170 252 436 440 444 458 588 0
519 378 143 373 458 471 473 0
520 568 297 0
521 416 405 7 118 287 353 470 532 0
522 18 491 45 132 171 204 438 467 530 547 0
523 250 322 488 359 121 0
524 228 4 234 487 542 575 0
525 570 7 127 227 228 259 419 537 0
526 458 502 84 276 332 0
527 255 243 2 7 216 245 340 0
528 279 2 90 249 431 489 491 571 0
529 40 146 308 386 435 477 0
530 51 19 125 134 153 156 174 219 416 522 540 0
531 548 98 114 145 255 272 349 419 462 466 0
532 68 276 30 12 283 487 394 16 95 124 218 262 307 450 521 581 582 0
533 460 10 122 140 167 200 313 377 406 547 579 0
534 565 64 292 152 233 369 0
535 71 593 336 214 116 8 106 115 169 195 200 282 374 565 0
536 377 267 444 97 172 194 202 301 394 559 0
537 63 182 233 276 333 525 569 0
538 508 43 52 318 376 0
539 437 4 116 134 406 599 0
540 177 98 105 131 170 286 530 555 0
541 202 585 43 293 472 0
542 197 153 378 65 68 284 308 362 416 524 543 0
543 287 23 44 120 542 554 0
544 36 263 296 384 0
545 553 20 237 280 350 0
546 446 165 296 301 561 0
547 235 78 409 522 533 548 0
548 231 531 52 82 138 178 295 547 0
549 255 99 508 207 210 574 0
550 104 203 248 58 339 344 484 493 0
551 458 271 331 447 18 65 292 436 467 486 0
552 67 268 1 254 344 366 553 0
553 275 545 116 228 285 411 462 552 0
554 383 429 47 290 233 244 439 501 543 0
555 430 25 98 202 289 307 366 390 413 457 496 540 0
556 124 200 257 258 465 566 0
557 289 34 114 115 0
558 278 362 58 52 598 0
559 69 63 241 406 472 536 600 0
560 262 123 138 259 436 440 495 574 0
561 25 93 99 202 363 421 546 0
562 423 470 252 271 300 315 332 378 409 451 511 0
563 391 6 21 87 122 214 219 269 338 367 413 496 599 0
564 84 18 334 398 455 459 0
565 411 179 534 302 310 515 535 599 0
566 402 577 576 23 153 238 287 291 381 474 556 582 0
567 196 186 257 517 0
568 172 520 147 153 162 284 376 395 433 592 0
569 442 424 403 384 589 93 21 383 503 537 0
570 464 525 590 575 141 234 301 325 0
571 144 46 62 73 83 112 115 159 192 216 310 485 528 0
572 274 112 302 308 0
573 375 96 101 292 311 316 396 410 462 0
574 67 15 57 114 170 322 435 472 549 560 596 0
575 570 428 472 500 524 0
576 566 118 242 388 421 0
577 566 148 161 289 0
578 55 1 6 172 251 298 306 311 344 593 0
579 494 2 124 412 533 0
580 374 384 0
581 498 218 63 495 532 589 0
582 147 138 212 280 299 338 370 494 532 566 0
583 130 55 159 314 350 368 0
584 70 94 193 210 392 466 500 0
585 541 320 63 190 226 317 456 477 517 0
586 197 509 23 43 187 370 485 0
587 483 85 139 301 0
588 175 266 8 2 67 199 310 511 518 0
589 569 158 179 205 369 491 581 0
590 570 53 71 285 0
591 132 161 393 420 453 483 0
592 86 43 276 287 423 568 0
593 535 83 70 60 5 420 476 6 26 212 225 305 366 419 458 578 0
594 426 461 460 134 288 477 486 517 0
595 458 467 33 218 291 331 0
596 496 222 343 414 506 574 0
597 301 9 115 141 480 484 495 0
598 437 220 59 96 172 176 285 380 401 507 558 0
599 201 63 140 224 327 417 539 563 565 0
600 90 44 28 42 135 456 559 0

