600  2395
1 428 65 66 93 335 0
2 184 51 124 200 475 518 530 0
3 511 133 286 458 0
4 445 114 193 216 328 340 411 448 462 524 557 0
5 413 112 111 244 491 0
6 519 29 118 422 557 560 0
7 136 430 458 463 0
8 473 160 372 144 335 365 538 563 578 0
9 496 10 163 388 401 485 557 598 0
10 9 192 225 160 416 457 559 0
11 476 165 366 128 358 99 123 137 195 263 281 346 411 436 542 0
12 24 355 361 549 32 40 113 240 299 324 381 560 0
13 66 509 125 485 71 264 343 441 527 560 562 0
14 72 19 17 41 69 101 110 202 529 533 543 0
15 486 377 37 253 260 341 388 402 461 516 598 600 0
16 382 110 356 43 62 91 288 316 371 406 480 0
17 14 134 187 367 510 575 0
18 56 241 157 374 433 597 0
19 14 232 285 102 135 189 191 196 224 236 295 302 370 409 425 440 519 533 0
20 528 117 125 222 472 481 518 587 0
21 355 369 416 312 138 341 373 397 408 425 478 532 0
22 509 106 290 438 441 576 0
23 304 101 250 260 338 409 423 468 487 0
24 57 269 12 364 109 499 204 428 70 32 75 91 419 544 0
25 149 554 195 71 74 77 254 367 429 0
26 182 157 227 234 324 346 479 579 0
27 237 133 308 162 228 263 289 368 440 548 0
28 344 64 95 208 237 387 402 461 497 503 543 0
29 349 6 126 150 156 178 422 533 592 0
30 597 67 316 339 210 224 298 392 507 588 0
31 108 82 233 329 400 417 525 561 0
32 598 220 164 385 12 24 73 185 188 193 572 600 0
33 53 479 71 126 202 210 424 466 527 559 0
34 594 148 348 226 494 572 0
35 270 90 249 257 431 434 466 0
36 392 69 173 211 463 577 0
37 308 300 437 282 15 138 145 328 380 388 497 554 586 0
38 524 307 534 454 467 40 87 105 146 157 207 306 395 404 417 0
39 312 492 44 183 332 378 553 0
40 597 368 421 12 38 120 124 185 186 300 0
41 14 461 298 49 63 107 347 0
42 353 100 220 520 0
43 499 430 432 55 16 176 293 333 358 417 560 0
44 400 39 181 307 429 555 0
45 516 299 214 223 340 399 429 514 0
46 269 539 221 79 588 0
47 279 210 257 283 359 444 472 492 570 593 0
48 585 94 438 187 435 557 564 0
49 597 399 526 504 41 110 171 193 306 418 422 497 500 531 0
50 66 211 252 384 0
51 436 171 2 139 148 173 276 553 0
52 352 57 105 133 227 241 278 386 0
53 103 33 443 451 550 0
54 104 286 127 346 0
55 43 94 136 390 491 0
56 333 18 99 151 281 359 396 553 584 597 0
57 529 501 270 24 470 52 257 312 344 0
58 368 149 188 211 393 0
59 501 205 429 216 304 354 365 393 0
60 69 165 171 233 236 254 378 463 589 0
61 270 564 179 531 77 119 210 326 356 0
62 133 592 505 16 318 329 425 457 478 0
63 586 41 94 99 124 162 224 229 247 303 349 501 0
64 504 214 28 68 156 219 240 0
65 103 1 188 217 296 380 548 552 555 582 0
66 100 535 13 588 135 50 1 427 577 587 0
67 30 89 244 104 555 81 134 179 194 256 401 413 0
68 286 283 64 133 221 236 318 0
69 14 60 36 212 235 274 295 572 0
70 24 584 86 138 142 296 449 482 585 586 0
71 13 25 33 101 534 590 0
72 229 14 96 224 342 175 508 170 285 455 566 0
73 222 32 83 98 200 569 0
74 356 25 114 224 369 444 549 0
75 177 352 24 111 118 324 346 569 0
76 578 129 292 212 153 271 280 532 0
77 61 25 167 244 246 373 490 0
78 245 151 167 284 370 529 537 547 556 0
79 420 46 128 129 132 207 271 467 481 0
80 96 397 510 378 389 538 555 567 0
81 529 67 84 154 531 0
82 389 31 159 290 548 0
83 103 586 145 73 167 173 184 482 499 0
84 389 362 81 95 321 410 522 544 0
85 295 447 466 260 191 240 528 552 573 0
86 374 70 461 513 0
87 419 38 357 0
88 284 297 115 326 418 510 550 0
89 67 519 194 483 231 101 214 375 0
90 284 35 211 353 486 488 495 0
91 347 258 153 16 24 198 245 336 416 571 0
92 336 193 282 302 491 512 531 533 582 0
93 384 1 120 159 221 428 475 596 0
94 48 55 63 516 563 599 0
95 137 343 498 233 185 28 84 103 113 166 356 358 393 490 539 571 0
96 72 332 80 277 184 259 139 394 397 507 549 0
97 464 199 361 560 0
98 167 73 149 173 291 309 394 494 0
99 182 556 571 11 56 63 224 260 356 428 0
100 237 66 442 178 460 42 101 439 536 579 0
101 361 14 23 71 89 100 277 346 356 362 554 0
102 337 19 169 180 264 328 367 589 0
103 229 83 53 65 95 104 202 347 358 571 0
104 67 54 294 103 162 167 319 397 476 0
105 514 551 38 52 481 566 0
106 239 22 181 247 392 464 491 0
107 562 121 245 41 143 145 386 565 0
108 132 31 137 160 214 371 558 587 0
109 24 223 252 304 441 539 594 0
110 16 14 49 127 252 324 384 533 563 0
111 394 5 75 127 143 229 265 341 368 405 547 552 0
112 5 204 350 457 573 583 0
113 469 12 95 129 263 0
114 4 210 74 181 448 563 0
115 149 88 214 273 337 344 389 512 559 0
116 157 257 291 478 564 0
117 338 215 20 122 197 209 459 495 0
118 455 6 75 461 0
119 442 507 527 61 250 304 399 462 544 0
120 194 200 374 579 40 93 299 302 404 434 469 476 525 530 594 0
121 107 370 409 0
122 246 383 117 205 497 574 0
123 165 247 11 263 329 339 416 585 0
124 329 275 2 40 63 134 278 289 358 507 595 0
125 13 395 20 177 289 300 496 503 0
126 174 29 33 226 261 0
127 576 54 110 111 184 192 255 324 345 565 580 0
128 11 79 145 218 281 376 452 583 0
129 76 79 113 146 217 249 436 0
130 219 153 157 499 512 523 554 560 563 0
131 159 434 302 265 579 0
132 169 426 108 326 79 380 435 512 0
133 27 62 3 52 68 138 304 507 0
134 138 17 67 124 161 379 432 549 0
135 66 19 257 260 335 395 416 0
136 137 228 7 55 145 164 173 217 218 279 327 518 0
137 237 136 95 524 11 108 231 319 422 518 543 0
138 277 134 474 21 37 70 133 526 0
139 460 51 96 153 204 227 301 469 477 0
140 205 225 237 440 458 537 570 600 0
141 460 163 177 197 236 262 484 523 563 0
142 449 431 70 186 365 479 505 0
143 418 107 111 277 372 514 570 593 0
144 166 8 447 585 0
145 83 37 107 128 136 174 201 321 391 510 0
146 239 38 129 290 296 326 334 410 517 0
147 316 342 469 470 584 0
148 34 51 173 176 442 443 487 525 598 0
149 58 25 155 115 98 282 292 440 584 0
150 511 243 503 569 29 164 329 367 0
151 169 56 78 302 464 551 563 0
152 292 213 231 358 402 0
153 91 76 130 139 351 366 551 0
154 501 81 174 216 307 398 0
155 149 330 283 313 409 425 433 448 490 556 579 0
156 397 29 64 278 512 563 0
157 564 116 384 590 18 26 38 130 275 330 582 0
158 361 302 324 336 393 427 465 467 517 555 0
159 201 131 82 93 380 427 591 0
160 8 10 108 327 426 562 583 591 0
161 191 134 438 483 0
162 516 27 63 104 223 452 522 525 0
163 9 405 593 141 340 395 500 572 574 0
164 32 136 150 314 316 385 474 0
165 11 123 465 545 60 417 0
166 205 144 95 267 442 464 0
167 519 170 251 98 77 78 83 104 241 255 257 328 356 417 531 559 568 0
168 446 254 434 508 515 520 542 0
169 535 281 542 132 511 250 151 102 271 357 425 0
170 167 72 183 320 326 509 0
171 51 464 49 60 213 441 582 0
172 198 213 276 387 493 563 599 0
173 597 36 51 83 98 136 148 233 257 399 582 586 0
174 514 126 145 154 353 469 554 0
175 72 226 322 384 468 0
176 558 43 148 191 354 480 0
177 204 486 75 125 141 187 253 0
178 100 267 29 368 392 402 0
179 61 67 272 311 312 430 448 0
180 182 390 271 102 197 248 332 377 388 437 553 0
181 443 44 106 114 294 363 374 408 476 0
182 524 26 99 180 351 257 389 480 0
183 249 39 170 212 332 355 362 401 543 573 0
184 96 2 83 127 205 291 421 451 536 0
185 95 32 40 194 507 0
186 416 40 142 496 0
187 448 17 48 177 207 371 0
188 58 32 65 404 482 505 554 0
189 554 19 259 0
190 466 257 276 528 585 0
191 308 161 19 85 176 229 537 584 0
192 10 489 127 367 421 568 0
193 445 493 340 4 32 49 92 396 418 480 501 575 577 0
194 89 120 67 185 461 0
195 25 530 11 208 0
196 257 19 428 545 568 572 0
197 506 117 141 180 246 251 489 570 0
198 436 242 172 91 243 268 477 480 0
199 558 97 223 532 534 544 585 0
200 120 2 73 306 509 0
201 501 296 159 497 145 267 290 310 401 430 0
202 204 14 33 103 419 435 545 574 0
203 332 252 270 276 324 552 0
204 24 177 202 344 112 139 345 384 387 574 0
205 59 166 266 140 122 184 311 362 467 0
206 485 294 302 451 569 575 0
207 529 409 38 79 187 301 350 441 511 0
208 429 320 28 195 224 227 268 578 0
209 222 117 220 375 458 0
210 114 30 33 47 61 307 332 429 488 532 569 0
211 252 36 50 58 90 236 239 315 0
212 76 69 183 341 376 380 413 462 471 0
213 529 152 171 172 351 363 369 400 526 554 0
214 64 45 89 108 115 358 424 464 0
215 117 580 306 467 569 586 595 0
216 548 410 4 59 154 239 368 573 0
217 308 65 129 136 335 474 533 0
218 449 128 136 505 507 570 590 0
219 229 278 265 130 64 301 467 0
220 32 380 42 209 252 509 0
221 46 68 93 320 393 439 480 492 507 577 0
222 262 73 209 475 20 261 315 345 0
223 391 45 109 162 199 270 318 395 427 500 0
224 72 574 19 30 63 74 99 208 225 236 421 424 511 543 553 557 583 0
225 10 140 224 249 302 0
226 270 389 34 126 175 293 521 529 0
227 473 26 52 139 208 234 271 352 432 491 555 0
228 136 317 469 496 392 240 234 268 27 319 477 576 0
229 597 219 103 329 72 449 420 388 63 111 191 398 485 560 0
230 392 287 0
231 89 525 575 249 137 152 278 309 354 466 0
232 19 274 347 352 400 532 568 0
233 95 31 60 173 241 268 280 432 487 508 518 0
234 228 26 227 263 516 0
235 289 301 69 283 299 381 463 470 0
236 529 19 60 68 141 211 224 270 284 364 430 597 0
237 597 100 137 27 391 264 28 140 258 419 0
238 276 327 394 429 588 0
239 507 146 106 522 211 216 331 492 598 0
240 228 12 64 85 342 429 462 466 0
241 18 52 167 233 267 286 573 589 0
242 198 384 565 0
243 150 319 198 270 278 338 373 0
244 67 5 77 405 491 0
245 107 78 91 345 473 496 518 554 597 0
246 262 303 122 77 197 418 0
247 123 63 106 321 332 414 433 0
248 578 180 257 379 0
249 231 183 35 129 225 295 373 463 469 483 0
250 169 23 119 0
251 167 345 197 340 0
252 203 211 318 573 50 109 110 220 306 362 509 517 0
253 476 15 177 289 338 376 486 536 554 0
254 296 305 25 60 168 301 341 400 0
255 436 127 167 257 323 0
256 468 67 296 437 580 0
257 182 196 35 47 57 116 135 167 173 190 248 255 345 0
258 91 309 237 327 345 356 391 497 536 579 0
259 96 189 392 565 584 0
260 85 15 23 99 135 309 313 323 570 0
261 297 126 222 346 527 0
262 304 246 435 373 222 547 263 494 141 270 279 556 0
263 262 11 27 113 123 234 442 532 545 592 0
264 237 13 102 0
265 219 560 111 131 592 0
266 205 350 347 551 0
267 178 468 546 536 166 201 241 558 0
268 228 198 208 233 290 331 441 580 583 0
269 24 413 46 517 356 365 0
270 57 476 578 61 406 35 226 203 223 236 243 262 404 0
271 180 76 79 169 227 275 437 0
272 514 179 298 448 463 493 555 0
273 379 440 481 115 328 511 560 0
274 594 69 232 328 408 0
275 124 157 271 424 464 489 0
276 442 582 323 238 51 172 190 203 398 467 0
277 96 138 101 143 0
278 219 333 331 52 124 156 231 243 322 323 415 442 0
279 495 371 47 136 262 0
280 596 76 233 379 396 0
281 169 336 417 11 56 128 398 556 588 0
282 37 92 149 408 410 522 0
283 68 47 155 235 299 367 458 500 551 580 0
284 413 90 444 88 78 236 307 365 407 429 561 0
285 19 450 72 365 432 0
286 54 68 3 241 0
287 537 230 369 489 0
288 458 16 290 584 0
289 436 235 541 407 394 27 124 125 253 387 401 425 472 0
290 450 478 22 82 146 201 268 288 421 578 0
291 555 98 116 184 398 451 525 0
292 76 152 149 330 476 582 586 0
293 422 516 43 226 332 461 555 0
294 104 181 206 301 370 411 0
295 426 85 346 19 69 249 455 456 599 0
296 201 443 254 65 70 146 256 338 0
297 88 261 0
298 41 30 272 440 460 0
299 45 491 12 120 235 283 388 500 515 578 0
300 37 40 125 511 570 0
301 235 139 207 219 254 294 425 427 500 0
302 131 482 19 92 120 151 158 206 225 312 352 378 0
303 246 63 0
304 597 262 347 23 354 59 109 119 133 351 444 449 469 512 530 546 0
305 254 588 0
306 545 538 38 49 200 215 252 309 326 356 523 0
307 38 44 154 210 284 533 542 566 0
308 27 37 217 191 361 0
309 258 98 231 260 306 380 0
310 524 472 201 324 386 515 537 0
311 501 337 401 512 179 205 360 362 438 551 569 586 0
312 21 39 528 404 57 179 302 379 0
313 426 155 260 323 516 544 551 0
314 392 400 164 432 435 0
315 495 414 211 222 498 0
316 30 147 16 164 353 370 372 461 471 544 0
317 228 400 468 594 0
318 252 62 68 223 0
319 243 104 137 228 356 496 0
320 208 170 221 381 442 0
321 412 84 145 247 350 488 533 590 0
322 496 490 378 424 175 278 551 584 0
323 276 255 260 278 313 442 473 0
324 562 543 12 26 75 110 127 158 203 310 377 483 0
325 359 550 420 424 589 0
326 132 61 88 146 170 306 332 337 355 360 391 430 458 512 538 562 0
327 477 360 136 160 238 258 387 412 506 532 551 555 588 0
328 570 4 37 102 167 273 274 513 557 0
329 229 124 487 31 62 123 150 420 0
330 155 157 292 341 474 504 508 524 582 0
331 278 353 462 239 268 369 465 534 0
332 96 203 39 180 183 210 247 293 326 384 390 480 532 534 548 0
333 278 594 570 56 43 385 399 474 492 499 0
334 396 146 0
335 530 456 1 8 135 217 386 457 496 519 578 0
336 281 92 91 158 346 381 512 0
337 311 102 115 326 559 568 0
338 547 117 23 243 253 296 593 0
339 30 123 389 467 0
340 193 4 45 163 251 401 516 0
341 590 15 21 111 212 254 330 355 438 491 502 594 595 0
342 72 477 147 240 405 468 546 552 593 0
343 95 480 13 381 0
344 204 28 57 115 453 0
345 251 127 204 222 245 257 258 392 589 0
346 295 11 26 54 75 101 261 336 484 555 0
347 304 473 91 41 103 232 266 430 0
348 34 568 458 503 517 541 0
349 517 29 63 359 449 483 502 0
350 266 112 207 321 378 517 530 589 0
351 182 153 213 304 407 0
352 75 52 227 232 302 502 554 0
353 331 42 90 174 316 0
354 304 59 176 231 363 365 598 0
355 12 21 357 183 326 341 517 576 0
356 16 74 61 95 99 101 167 258 269 306 319 442 528 0
357 355 87 169 381 0
358 11 43 95 103 124 152 214 426 0
359 381 513 325 47 56 349 420 424 529 593 0
360 327 311 326 576 0
361 12 158 101 427 97 308 426 0
362 84 101 183 205 252 311 597 0
363 442 495 181 213 354 422 426 0
364 24 576 488 236 415 435 0
365 366 8 59 142 269 284 285 354 372 558 566 0
366 11 365 153 406 408 411 452 0
367 586 455 599 17 25 102 150 192 283 507 0
368 40 595 58 27 111 178 216 455 514 559 0
369 21 74 213 287 331 439 511 0
370 540 19 78 121 294 316 496 0
371 279 16 108 187 438 563 0
372 8 471 143 316 365 401 423 528 0
373 262 21 77 243 249 406 536 586 0
374 120 86 18 181 532 0
375 435 591 89 209 417 499 0
376 542 128 212 253 380 535 547 563 0
377 15 180 324 565 0
378 322 39 60 80 302 350 465 490 578 0
379 499 273 589 134 248 280 312 577 0
380 220 37 65 132 159 212 309 376 420 513 531 585 0
381 495 359 12 235 320 336 343 357 445 511 0
382 470 540 16 411 467 497 577 0
383 122 388 456 507 0
384 157 93 50 110 175 204 242 332 536 593 0
385 32 164 333 404 500 0
386 501 52 107 310 335 530 0
387 551 28 172 204 289 327 487 0
388 229 398 9 15 37 180 299 383 416 446 493 0
389 226 84 82 80 115 182 339 390 409 435 0
390 180 55 332 389 423 538 588 0
391 237 596 223 145 258 326 514 519 544 547 0
392 228 314 230 36 30 106 178 259 345 404 425 513 527 0
393 458 58 59 95 158 221 0
394 289 557 111 96 98 238 447 0
395 125 38 135 163 223 507 584 0
396 564 334 56 193 280 409 436 503 515 586 0
397 80 156 21 96 104 410 548 551 561 0
398 388 452 154 229 276 281 291 0
399 49 45 119 173 333 460 521 0
400 314 44 31 213 232 254 317 548 0
401 311 9 67 183 201 289 340 372 417 460 498 572 0
402 435 15 28 152 178 514 566 0
403 559 407 488 0
404 312 38 120 188 270 385 392 568 0
405 163 441 111 244 342 409 419 502 565 579 0
406 270 16 366 373 519 0
407 289 457 284 351 403 0
408 493 21 181 274 282 366 424 517 0
409 207 523 19 23 121 155 389 396 405 424 444 457 470 0
410 216 84 146 282 397 499 595 0
411 476 4 11 294 366 382 425 485 512 563 0
412 501 459 321 518 327 545 0
413 269 284 5 67 212 437 533 0
414 315 247 541 0
415 556 278 364 483 0
416 21 186 423 10 91 123 135 388 477 500 567 0
417 281 585 31 38 43 165 167 375 401 0
418 501 419 143 49 88 193 246 496 0
419 418 87 24 202 237 405 429 445 501 540 563 0
420 229 79 325 329 359 380 494 567 0
421 40 565 184 192 224 290 448 0
422 435 293 6 29 49 137 363 555 0
423 416 23 372 390 462 494 594 0
424 322 33 214 224 275 325 359 408 409 426 496 0
425 488 19 21 62 155 169 289 301 392 411 501 0
426 132 295 313 160 358 361 363 424 505 527 544 0
427 361 66 158 159 223 301 467 595 0
428 24 1 93 99 196 545 549 0
429 59 208 25 44 45 210 238 240 284 419 437 568 0
430 43 515 7 179 201 236 326 347 484 0
431 142 35 463 477 524 578 0
432 43 134 227 233 285 314 531 594 0
433 557 18 155 247 0
434 131 35 120 168 451 465 478 0
435 262 563 422 375 402 48 132 202 314 364 389 473 488 549 572 0
436 476 289 51 198 520 255 11 129 396 590 0
437 37 180 256 271 413 429 0
438 48 22 161 311 341 371 482 0
439 505 100 221 369 533 541 0
440 273 19 27 140 149 298 574 592 0
441 405 13 22 109 171 207 268 555 0
442 100 119 363 276 148 166 263 278 320 323 356 450 0
443 296 181 53 148 488 0
444 284 47 74 304 409 588 0
445 564 193 4 381 419 475 495 591 0
446 578 168 388 0
447 85 144 394 569 571 574 0
448 473 567 187 4 114 155 179 272 421 460 537 0
449 229 142 218 506 521 463 70 304 349 480 0
450 285 290 442 0
451 576 53 184 206 291 434 0
452 398 128 162 366 484 488 539 588 0
453 485 344 492 565 0
454 38 592 0
455 367 118 72 295 368 557 0
456 335 295 383 480 488 0
457 407 561 10 62 112 335 409 468 0
458 542 288 393 3 7 140 209 283 326 348 548 0
459 412 117 0
460 100 141 139 298 399 401 448 528 533 0
461 41 15 28 86 118 194 293 316 480 508 0
462 331 4 119 212 240 423 0
463 449 7 36 60 235 249 272 431 529 584 585 0
464 171 97 106 151 166 214 275 493 548 567 0
465 165 158 331 378 434 493 503 537 0
466 85 190 33 35 231 240 498 0
467 38 79 158 205 215 219 276 339 382 427 504 509 552 599 0
468 267 256 23 175 317 342 457 486 516 0
469 228 113 120 139 147 174 249 304 0
470 57 382 147 235 409 0
471 372 212 316 554 0
472 310 20 47 289 533 563 589 594 0
473 347 8 484 227 448 245 323 435 493 513 569 0
474 138 164 217 330 333 475 528 0
475 222 2 93 445 474 0
476 270 436 11 533 253 411 104 120 181 292 488 535 540 569 0
477 342 327 139 198 228 416 431 0
478 290 21 62 116 434 0
479 33 26 142 518 0
480 343 16 176 182 193 198 221 332 449 456 461 528 0
481 273 20 79 105 513 0
482 302 70 83 188 438 554 0
483 89 161 249 324 349 415 0
484 473 141 346 430 452 0
485 13 206 453 9 229 411 580 0
486 177 15 90 253 468 509 0
487 329 23 148 233 387 525 591 0
488 364 425 90 210 321 403 435 443 452 456 476 0
489 192 197 275 287 527 0
490 322 77 95 155 378 532 542 550 0
491 299 5 55 92 106 227 244 341 499 517 0
492 39 47 221 239 333 453 538 0
493 193 408 172 272 388 464 465 473 521 522 575 0
494 262 34 98 420 423 577 0
495 363 381 315 279 90 117 445 562 570 0
496 228 9 514 322 532 125 186 245 319 335 370 418 424 595 0
497 201 28 37 49 122 258 382 537 577 593 0
498 95 315 401 466 577 0
499 24 379 43 83 130 333 375 410 491 552 0
500 576 49 163 223 283 299 301 385 416 0
501 57 59 311 201 386 412 418 154 63 193 419 425 541 0
502 547 341 349 352 405 523 0
503 150 28 125 348 396 465 541 573 0
504 49 64 330 467 0
505 62 439 142 188 218 426 524 0
506 449 197 327 0
507 119 239 30 96 124 133 185 218 221 367 383 395 0
508 72 168 233 330 461 0
509 13 22 170 200 220 252 467 486 524 588 0
510 80 17 88 145 0
511 169 3 150 207 224 273 300 369 381 543 568 576 0
512 311 92 115 130 132 156 304 326 336 411 0
513 359 86 328 380 392 473 481 0
514 496 105 174 272 45 143 368 391 402 556 0
515 430 168 299 310 396 539 0
516 293 162 559 45 15 94 234 313 340 468 526 550 0
517 269 349 581 146 158 252 348 350 355 408 491 549 558 563 0
518 412 2 20 136 137 233 245 479 533 0
519 89 167 6 19 335 391 406 584 0
520 436 42 168 533 0
521 449 226 399 493 0
522 239 84 162 282 493 533 0
523 409 130 141 306 502 568 590 0
524 137 182 537 38 310 4 330 431 505 509 0
525 231 572 31 120 148 162 291 487 577 0
526 49 583 138 213 516 537 0
527 119 13 33 261 392 426 489 541 0
528 312 20 85 190 356 372 460 474 480 590 0
529 597 57 81 236 213 207 14 78 226 359 463 551 552 0
530 195 335 2 120 304 350 386 0
531 61 49 81 92 167 380 432 0
532 496 21 76 199 210 232 263 327 332 374 490 572 585 0
533 476 14 19 29 92 110 217 307 321 413 439 460 472 518 520 522 0
534 38 71 199 331 332 0
535 66 169 562 376 476 0
536 267 100 184 253 258 373 384 0
537 524 287 78 140 191 310 448 465 497 526 0
538 306 8 80 326 390 492 547 575 0
539 46 95 109 452 515 0
540 382 370 419 476 547 548 0
541 289 348 414 439 501 503 527 572 0
542 169 558 598 458 376 11 168 307 490 0
543 324 14 28 137 183 224 511 0
544 552 24 84 119 199 313 316 391 426 0
545 165 306 196 202 263 412 428 548 582 0
546 267 304 342 0
547 262 338 552 502 78 111 376 391 538 540 554 0
548 554 216 27 65 82 332 397 400 458 464 540 545 558 0
549 12 74 96 134 428 435 517 554 556 600 0
550 325 53 88 490 516 0
551 105 387 151 153 266 283 311 313 322 327 397 529 0
552 547 544 65 85 111 203 342 467 499 529 0
553 570 39 51 56 180 224 0
554 25 548 566 189 37 101 130 174 188 213 245 253 352 471 482 547 549 0
555 67 291 44 65 80 158 227 272 293 327 346 422 441 572 592 0
556 99 415 78 155 262 281 514 549 0
557 394 433 4 6 9 48 224 328 455 597 0
558 542 176 199 108 267 365 517 548 0
559 516 403 10 33 115 167 337 368 589 0
560 265 6 12 13 43 97 130 229 273 571 0
561 457 31 284 397 0
562 535 107 324 13 160 326 495 592 0
563 435 8 94 110 114 130 141 151 156 172 371 376 411 419 472 517 0
564 61 396 445 157 48 116 586 0
565 421 577 107 127 242 259 377 405 453 0
566 554 72 105 307 365 402 579 0
567 448 80 416 420 464 575 0
568 348 167 192 196 232 337 404 429 511 523 584 0
569 150 73 75 206 210 215 311 447 473 476 0
570 333 553 328 47 140 143 197 218 260 300 495 0
571 99 91 95 103 447 560 0
572 525 32 34 69 163 196 401 435 532 541 555 0
573 252 85 112 183 216 241 503 0
574 224 122 163 202 204 440 447 0
575 231 17 193 206 493 538 567 0
576 364 600 500 127 451 22 228 355 360 511 0
577 565 36 66 193 221 379 382 494 497 498 525 0
578 270 76 446 248 8 208 290 299 335 378 431 0
579 120 26 100 131 155 258 405 566 591 0
580 215 127 256 268 283 485 598 0
581 517 0
582 276 65 92 157 171 173 292 330 545 0
583 526 112 128 160 224 268 0
584 70 56 147 149 191 259 288 322 395 463 519 568 0
585 417 48 70 123 144 190 199 380 463 532 0
586 83 367 587 63 37 70 173 215 292 311 373 396 564 0
587 586 20 66 108 0
588 66 30 46 238 281 305 327 390 444 452 509 0
589 379 60 102 241 325 345 350 472 559 0
590 157 341 71 218 321 436 523 528 0
591 375 159 160 445 487 579 0
592 62 29 263 265 440 454 555 562 0
593 163 47 143 338 342 359 384 497 0
594 333 34 274 109 120 317 341 423 432 472 0
595 368 124 215 341 410 427 496 0
596 391 280 93 0
597 229 529 304 237 30 49 40 173 18 56 236 245 362 557 0
598 542 32 9 15 148 239 354 580 600 0
599 367 94 172 295 467 0
600 576 15 32 140 549 598 0

600  2393
1 280 54 102 201 256 295 300 349 418 0
2 563 72 140 172 210 251 399 419 528 0
3 520 10 107 169 567 0
4 95 134 7 15 159 194 208 323 461 505 537 0
5 520 530 103 257 280 413 419 0
6 149 52 271 92 175 554 0
7 144 4 65 142 400 0
8 265 396 422 449 557 586 0
9 351 214 139 533 547 0
10 481 559 16 435 205 3 104 141 165 230 268 326 0
11 316 69 64 206 208 313 443 0
12 312 424 229 594 0
13 86 176 45 49 103 474 548 554 572 0
14 438 101 209 385 426 0
15 489 4 36 74 99 253 270 383 455 478 0
16 10 249 478 132 135 176 228 230 280 305 445 0
17 69 59 193 209 216 325 330 487 598 0
18 568 288 237 126 20 42 61 193 295 334 361 466 479 489 0
19 279 52 55 109 309 346 426 0
20 376 423 18 509 545 0
21 513 46 130 459 0
22 324 56 224 248 368 400 487 546 548 0
23 492 270 207 386 413 467 485 498 589 0
24 104 65 208 341 378 470 0
25 256 188 334 343 459 552 0
26 398 62 96 149 174 190 282 330 351 376 479 0
27 135 81 305 328 345 398 472 568 0
28 355 458 197 224 370 386 482 561 598 0
29 174 212 391 0
30 570 42 128 299 0
31 212 53 93 201 208 327 402 526 575 0
32 98 74 111 137 460 564 0
33 352 74 116 311 539 0
34 375 79 202 215 261 262 529 547 0
35 429 62 263 293 444 458 475 502 0
36 521 114 15 159 204 442 573 598 0
37 272 72 90 167 0
38 410 443 564 51 109 310 327 430 435 518 0
39 198 329 382 84 0
40 67 91 270 390 479 568 0
41 110 468 146 263 474 0
42 573 535 257 18 30 45 52 141 375 388 393 429 0
43 60 354 47 82 123 134 344 373 547 0
44 515 548 584 232 48 103 111 157 394 513 589 0
45 260 492 425 451 13 42 104 211 315 317 330 0
46 21 385 116 120 174 181 222 308 357 359 426 438 469 484 545 0
47 127 43 59 120 180 244 251 366 382 407 468 516 571 0
48 428 44 83 99 214 394 443 454 459 500 573 0
49 82 259 13 102 267 301 465 476 0
50 414 178 244 452 467 487 0
51 549 414 304 278 170 251 179 524 542 510 38 203 445 459 0
52 6 477 19 42 269 371 373 493 577 0
53 164 31 171 205 211 253 256 260 361 366 527 0
54 1 296 337 519 526 0
55 355 19 78 263 282 319 325 408 0
56 228 22 87 98 148 191 259 514 562 0
57 470 210 204 241 302 336 349 383 533 541 563 0
58 351 430 452 218 292 294 342 542 0
59 17 47 87 128 142 183 314 417 0
60 534 43 337 73 74 113 360 385 542 0
61 522 18 74 85 110 306 389 429 512 600 0
62 378 26 35 94 106 136 200 250 318 323 354 363 496 531 563 0
63 490 77 106 136 304 469 505 536 547 554 597 0
64 11 69 135 283 303 360 518 564 0
65 472 7 24 0
66 548 340 574 0
67 481 147 40 96 239 361 373 498 542 566 0
68 237 211 126 186 194 309 398 409 475 575 0
69 11 17 64 218 263 290 343 502 551 564 569 0
70 283 117 135 181 307 364 366 496 0
71 523 139 191 266 458 486 516 521 529 590 0
72 146 2 37 0
73 278 60 120 155 172 316 373 407 409 519 557 580 0
74 543 448 15 32 33 60 61 297 318 374 433 486 599 0
75 562 96 128 0
76 587 325 170 355 445 556 577 0
77 63 122 98 192 222 473 542 577 596 0
78 517 129 55 210 281 375 401 468 520 599 0
79 544 305 265 543 34 108 270 530 582 0
80 194 347 226 258 318 351 560 0
81 374 284 27 151 168 199 300 546 0
82 166 384 49 43 377 478 581 0
83 292 48 208 257 389 520 0
84 331 39 111 139 202 253 304 491 567 569 0
85 523 61 146 165 215 236 393 419 0
86 391 565 117 208 13 186 222 380 440 452 521 533 0
87 320 56 59 172 252 443 572 583 0
88 410 462 167 304 317 472 486 0
89 414 527 577 573 200 412 183 529 521 248 288 383 487 495 547 565 585 0
90 373 37 122 154 316 398 417 487 0
91 304 285 459 40 147 151 176 188 363 0
92 138 6 159 351 442 477 0
93 316 31 179 262 341 469 0
94 570 62 219 231 353 553 598 0
95 407 4 225 232 248 349 381 513 0
96 508 26 67 75 242 491 512 554 0
97 557 485 211 267 270 0
98 156 219 32 56 77 201 281 302 428 580 0
99 138 15 48 222 284 313 357 541 0
100 265 220 394 451 512 554 0
101 575 296 14 275 335 397 405 415 431 452 0
102 337 1 49 147 176 280 364 393 439 0
103 256 5 13 44 117 250 424 527 568 0
104 212 24 10 45 119 489 599 0
105 281 150 431 450 481 552 0
106 288 62 63 259 448 565 0
107 534 3 223 261 447 491 565 593 0
108 212 79 121 268 360 398 416 450 0
109 198 283 139 19 38 266 480 502 0
110 247 215 41 61 122 127 163 563 597 0
111 409 241 32 44 84 170 503 0
112 133 387 115 295 406 533 542 0
113 278 324 397 224 225 469 547 60 163 213 0
114 36 240 236 441 452 464 0
115 112 116 213 266 572 0
116 288 33 46 115 175 571 0
117 86 309 186 70 103 196 201 212 213 233 338 456 0
118 311 449 500 380 0
119 549 172 104 337 381 404 534 540 0
120 197 238 599 46 47 73 121 224 252 387 436 509 573 0
121 518 108 120 247 321 431 0
122 77 90 110 397 486 512 543 0
123 171 43 167 325 354 369 464 0
124 150 337 372 384 448 501 0
125 515 356 172 246 439 470 0
126 18 68 129 365 437 493 0
127 558 47 110 407 410 425 576 0
128 229 553 30 59 75 453 466 498 0
129 78 293 126 216 244 245 303 313 415 504 511 0
130 563 21 243 448 0
131 182 445 233 181 417 488 586 0
132 497 16 156 0
133 222 428 112 377 217 233 243 316 452 0
134 4 230 43 174 456 506 534 557 0
135 368 159 27 16 64 70 172 180 338 394 0
136 389 62 63 336 0
137 158 32 372 378 550 566 587 0
138 470 99 92 269 307 320 322 358 399 416 534 566 0
139 109 9 71 84 378 0
140 591 2 175 338 368 507 588 596 0
141 380 10 42 159 227 340 453 0
142 330 7 59 145 150 351 490 0
143 320 561 348 152 165 221 232 387 487 490 496 0
144 188 7 488 319 324 335 379 408 429 469 471 553 597 0
145 440 490 316 142 186 0
146 416 72 41 85 463 490 543 0
147 67 91 102 182 209 449 0
148 593 56 558 0
149 432 6 502 276 26 167 210 225 236 315 374 412 505 509 512 0
150 506 124 187 105 142 298 401 493 510 595 0
151 281 81 91 220 283 308 311 449 0
152 536 143 178 183 454 0
153 557 533 242 290 0
154 526 90 169 260 390 407 565 572 0
155 381 73 299 369 409 501 578 592 0
156 440 402 98 571 132 197 211 218 390 427 0
157 460 44 253 293 319 351 361 416 425 444 463 0
158 304 417 442 569 572 137 289 320 406 506 561 0
159 135 394 4 36 92 141 247 0
160 531 227 220 240 250 268 319 336 343 385 432 0
161 200 181 264 442 443 446 558 0
162 490 519 533 565 0
163 460 110 113 171 271 275 295 440 0
164 248 53 180 277 316 327 390 0
165 283 10 85 143 365 500 0
166 440 82 526 200 319 0
167 484 493 37 88 123 149 214 407 485 0
168 179 81 194 206 258 533 0
169 335 349 3 154 235 293 356 412 420 539 0
170 51 290 76 111 208 305 441 512 534 568 584 593 598 0
171 191 123 53 163 214 440 463 499 514 520 555 587 0
172 119 2 73 87 125 135 191 388 410 557 560 0
173 590 233 326 353 443 477 488 491 0
174 311 589 29 26 46 134 186 315 0
175 351 6 116 140 208 336 362 586 0
176 13 16 91 102 194 540 0
177 243 235 238 315 359 0
178 401 50 152 181 481 502 0
179 51 212 168 93 243 293 442 595 0
180 301 487 47 135 164 341 396 433 484 600 0
181 534 322 46 70 131 161 178 502 508 579 0
182 494 352 131 255 591 344 147 214 283 412 463 0
183 89 59 152 248 388 473 553 583 0
184 220 216 377 0
185 417 343 513 486 295 381 353 426 527 0
186 117 501 68 86 145 174 333 343 374 449 483 493 0
187 150 189 395 398 550 0
188 25 144 426 91 300 310 0
189 299 187 477 567 0
190 355 26 262 311 364 525 0
191 200 171 433 56 71 172 230 240 328 443 449 456 0
192 467 77 252 365 563 0
193 288 17 18 282 304 364 367 463 539 572 0
194 251 532 80 4 68 168 176 229 565 0
195 311 234 257 325 405 415 488 504 0
196 280 306 117 400 462 565 0
197 198 120 522 28 156 230 368 0
198 278 197 109 39 474 491 0
199 211 81 350 393 595 0
200 89 191 161 562 62 166 425 0
201 571 1 31 98 117 252 390 430 447 0
202 204 34 84 247 381 394 461 0
203 596 51 247 297 375 0
204 520 597 202 36 57 304 305 317 357 528 0
205 10 53 0
206 11 168 295 357 537 582 0
207 547 23 212 232 235 431 580 581 0
208 86 4 11 24 31 83 170 175 410 0
209 489 277 14 17 147 287 307 423 506 0
210 57 2 78 149 325 558 0
211 68 199 434 45 53 97 156 257 367 443 498 542 578 0
212 179 31 108 104 29 117 207 274 420 426 496 519 540 0
213 534 113 115 117 306 410 527 580 0
214 9 523 48 167 171 182 294 338 378 502 0
215 110 389 481 328 34 85 255 267 323 478 487 497 0
216 184 17 129 270 283 376 387 566 0
217 494 133 304 349 508 0
218 58 69 156 302 317 320 536 551 558 0
219 98 244 94 442 599 0
220 490 184 100 151 160 281 407 524 0
221 488 143 0
222 304 368 133 391 393 260 361 545 596 405 46 77 86 99 315 427 428 515 0
223 381 107 236 259 279 310 596 0
224 113 22 28 120 234 310 315 0
225 113 95 149 299 0
226 472 80 246 308 350 490 523 565 582 0
227 160 141 393 0
228 397 56 16 383 437 516 0
229 410 336 128 427 323 12 194 525 588 0
230 134 10 16 191 197 255 304 355 480 490 507 538 0
231 350 94 355 372 525 543 587 0
232 44 268 95 143 207 312 342 515 0
233 131 117 133 173 249 296 377 427 451 480 486 519 525 0
234 417 528 413 551 195 224 265 354 404 479 501 568 0
235 177 169 207 244 573 0
236 343 85 114 149 223 333 484 0
237 18 68 254 277 309 491 521 0
238 120 177 344 402 0
239 389 67 0
240 114 160 191 264 477 0
241 111 57 376 399 473 516 596 0
242 358 96 153 341 411 427 439 507 528 594 0
243 518 177 130 133 179 279 404 511 587 0
244 219 47 50 129 235 425 0
245 440 400 129 319 334 494 508 0
246 384 125 226 435 444 515 526 0
247 281 110 121 159 202 203 269 287 346 367 482 500 0
248 386 164 22 89 95 183 358 472 529 591 0
249 16 233 259 540 556 565 0
250 324 62 103 160 422 558 582 0
251 51 386 194 2 47 355 363 389 421 432 454 542 0
252 387 87 120 192 201 428 495 0
253 544 15 53 84 157 258 353 491 499 506 557 0
254 534 583 237 428 439 459 502 515 587 0
255 182 215 230 269 387 415 543 0
256 340 25 489 103 1 53 332 450 0
257 42 5 83 195 211 263 420 517 535 0
258 304 297 301 390 80 168 253 511 575 582 0
259 49 56 106 223 249 456 501 545 0
260 222 45 287 53 154 277 435 449 556 0
261 388 294 34 107 592 0
262 557 538 34 93 190 460 479 0
263 376 474 35 41 55 69 257 343 420 524 579 0
264 316 161 240 324 371 461 556 0
265 79 100 8 234 291 430 496 580 0
266 554 71 109 115 364 411 524 590 0
267 329 49 97 215 470 0
268 232 10 108 160 308 544 0
269 358 52 138 247 255 307 319 465 0
270 23 313 15 40 79 97 216 357 478 0
271 6 163 311 441 588 0
272 576 511 37 539 542 0
273 560 314 400 0
274 428 212 309 0
275 358 101 163 504 0
276 149 310 0
277 209 164 237 260 292 385 457 501 531 588 0
278 51 472 113 198 334 351 73 508 561 0
279 292 19 223 243 500 0
280 304 1 196 5 16 102 341 410 557 0
281 311 600 247 105 151 78 98 220 428 0
282 306 26 55 193 368 421 439 0
283 109 70 165 64 151 182 216 341 420 476 0
284 81 99 345 474 480 518 583 590 591 0
285 91 457 287 333 455 491 550 584 0
286 450 305 313 361 377 385 544 0
287 260 209 247 285 357 422 557 0
288 18 106 116 193 291 89 425 0
289 158 376 453 490 0
290 170 69 153 299 373 548 594 0
291 288 265 478 0
292 572 83 279 58 277 302 346 0
293 129 35 157 169 179 404 443 0
294 261 58 214 460 522 0
295 185 395 455 1 18 112 163 206 373 434 467 575 0
296 101 54 233 302 340 435 449 0
297 258 364 74 203 320 453 517 530 0
298 566 465 150 421 0
299 359 189 30 155 225 290 495 591 0
300 449 1 81 188 434 473 570 595 597 0
301 258 180 49 0
302 524 57 98 218 292 296 484 529 552 564 600 0
303 422 64 129 304 338 566 0
304 51 158 222 440 280 258 91 512 63 84 88 193 204 217 230 303 326 455 474 485 580 591 0
305 79 380 470 16 27 170 204 286 329 0
306 196 282 341 61 213 324 330 346 0
307 399 70 138 209 269 312 564 0
308 570 475 350 46 151 226 268 354 477 525 0
309 117 484 19 68 237 274 439 0
310 570 38 188 223 224 276 368 460 0
311 569 281 174 118 195 33 151 190 271 437 492 0
312 355 575 331 12 232 307 328 338 368 381 528 563 0
313 270 11 99 129 286 360 0
314 510 59 273 454 465 582 595 0
315 440 45 149 174 177 222 224 329 347 395 598 0
316 145 11 264 93 73 90 133 164 336 457 0
317 481 491 45 88 204 218 0
318 340 62 74 80 329 406 486 528 0
319 467 55 144 157 160 166 245 269 520 0
320 520 143 87 138 158 218 297 416 501 525 588 0
321 507 121 574 0
322 181 138 333 462 483 574 0
323 229 4 62 215 336 433 0
324 113 250 358 22 144 264 306 357 386 398 488 503 588 0
325 76 17 55 123 195 210 389 483 0
326 348 10 173 304 355 475 572 0
327 340 330 31 38 164 355 456 0
328 215 379 27 191 312 465 0
329 39 267 305 315 318 342 348 540 0
330 327 142 17 26 45 306 394 585 0
331 312 84 416 423 0
332 346 415 256 485 537 0
333 527 186 236 285 322 398 414 453 500 0
334 278 568 576 18 25 245 413 479 508 0
335 351 169 101 144 398 0
336 229 57 136 160 175 316 323 429 0
337 60 102 585 54 119 124 477 0
338 530 360 345 117 135 140 214 303 312 525 0
339 427 342 407 423 548 0
340 414 483 327 318 256 66 141 296 0
341 306 24 93 180 242 280 283 406 560 591 0
342 490 58 232 329 339 364 496 0
343 185 416 236 25 69 160 186 263 543 0
344 182 43 238 487 565 0
345 338 27 284 375 530 0
346 483 520 595 332 19 247 292 306 365 412 581 0
347 80 315 372 377 0
348 143 326 329 404 516 527 596 0
349 169 1 57 95 217 581 590 0
350 308 231 199 226 383 425 0
351 278 58 9 335 175 26 80 92 142 157 483 556 0
352 182 33 359 360 379 440 455 556 0
353 472 579 370 94 173 185 253 368 486 540 555 0
354 43 62 123 234 308 382 451 470 530 0
355 483 432 312 28 190 480 55 76 230 231 251 326 327 387 391 452 526 0
356 125 169 430 453 552 0
357 538 46 99 204 206 270 287 324 390 0
358 324 269 541 242 275 138 248 441 451 0
359 460 299 375 46 177 352 557 573 587 0
360 338 60 64 108 313 352 379 458 516 559 0
361 222 18 53 67 157 286 474 498 0
362 393 431 175 525 577 0
363 520 62 91 251 0
364 297 70 102 190 193 266 342 373 519 564 0
365 406 126 165 192 346 0
366 407 47 53 70 401 409 469 0
367 387 193 211 247 477 0
368 222 376 135 22 140 197 282 310 312 353 489 0
369 495 123 155 461 538 556 0
370 353 28 450 514 544 0
371 482 586 52 264 464 570 582 595 0
372 565 124 137 231 347 0
373 559 90 43 52 67 73 290 295 364 415 574 0
374 432 81 74 149 186 408 442 591 0
375 359 525 34 42 78 203 345 384 409 0
376 368 20 263 26 216 241 289 406 429 431 439 444 486 555 596 598 0
377 133 404 82 184 233 286 347 388 0
378 515 62 24 137 139 214 535 554 0
379 328 144 352 360 412 421 513 0
380 305 401 141 86 118 557 0
381 185 155 223 95 119 202 312 0
382 39 47 354 400 0
383 554 466 15 57 89 228 350 547 0
384 82 246 124 375 0
385 46 14 60 160 277 286 417 540 573 0
386 251 248 23 28 324 424 557 0
387 112 367 252 120 143 216 255 355 397 579 0
388 449 261 42 172 183 377 519 0
389 215 136 239 497 61 83 251 325 446 495 0
390 258 40 154 156 164 201 357 394 496 504 0
391 222 86 517 558 444 29 355 411 463 0
392 400 446 508 580 0
393 222 362 42 85 102 199 227 565 0
394 159 44 48 100 135 202 330 390 411 437 517 543 555 579 0
395 295 187 315 448 462 538 576 597 0
396 397 8 180 401 471 547 0
397 113 228 396 101 122 387 525 572 0
398 484 421 26 27 68 90 108 187 324 333 335 504 578 585 0
399 596 307 2 138 241 522 0
400 245 554 392 7 22 196 273 382 0
401 380 178 78 150 366 396 457 469 0
402 156 31 238 462 513 522 537 543 592 0
403 492 444 552 0
404 377 119 234 243 293 348 532 546 0
405 222 101 195 460 544 593 0
406 559 365 574 112 158 318 341 376 417 451 0
407 517 95 366 47 73 127 154 167 220 339 0
408 503 556 55 144 374 574 0
409 460 111 68 73 155 366 375 425 479 495 0
410 518 88 38 229 127 172 208 213 280 438 596 0
411 452 242 266 391 394 466 0
412 89 149 169 182 346 379 442 0
413 234 450 5 23 334 492 495 559 0
414 51 89 518 340 50 333 425 582 0
415 332 101 129 195 255 373 461 531 569 0
416 343 146 108 138 157 320 331 440 572 0
417 158 234 185 515 566 59 90 131 385 406 473 0
418 430 582 1 440 465 492 0
419 449 2 5 85 582 0
420 571 169 212 257 263 283 422 462 600 0
421 398 251 282 298 379 430 0
422 460 303 8 250 287 420 453 464 477 479 544 551 0
423 20 209 331 339 505 530 554 562 0
424 12 592 103 386 433 532 0
425 45 127 157 200 244 288 350 409 414 468 0
426 188 519 14 19 46 185 212 434 446 450 0
427 229 339 156 222 233 242 543 544 586 0
428 133 274 590 48 499 98 222 252 254 281 510 599 0
429 549 35 446 42 61 144 336 376 480 0
430 58 418 38 201 265 356 421 552 0
431 362 101 105 121 207 376 459 466 0
432 355 149 374 160 251 516 597 0
433 191 74 180 323 424 0
434 211 295 300 426 0
435 10 38 246 260 296 500 0
436 473 120 555 0
437 451 126 228 311 394 478 0
438 452 14 46 410 475 558 0
439 500 102 125 242 254 282 309 376 472 0
440 304 145 156 245 166 578 315 86 163 171 352 416 418 575 0
441 494 114 170 271 358 500 0
442 158 516 471 36 92 161 179 219 374 412 469 0
443 38 11 48 87 161 173 191 211 293 445 531 0
444 391 479 482 35 157 246 376 403 0
445 131 16 51 76 443 459 482 521 0
446 429 161 389 392 426 546 556 0
447 451 107 201 521 584 0
448 74 106 124 130 395 483 491 512 588 0
449 118 419 388 300 8 147 151 186 191 260 296 525 0
450 413 286 105 108 256 370 426 517 0
451 45 437 447 100 233 354 358 406 480 505 523 0
452 58 438 411 50 86 101 114 133 355 480 558 565 579 0
453 495 128 141 289 297 333 356 422 498 561 0
454 595 503 48 152 251 314 458 552 0
455 295 15 285 304 352 502 549 587 0
456 506 117 134 191 259 327 470 583 594 0
457 285 463 277 316 401 597 0
458 28 35 71 360 454 483 504 576 0
459 91 21 25 48 51 254 431 445 464 0
460 569 422 359 157 409 163 32 262 294 310 405 0
461 554 4 202 264 369 415 493 501 0
462 88 196 322 395 402 420 501 515 0
463 457 146 157 171 182 193 391 580 0
464 486 114 123 371 422 459 479 558 566 576 0
465 298 49 269 314 328 418 0
466 383 18 128 411 431 0
467 517 319 192 23 50 295 0
468 41 47 78 425 0
469 113 46 63 93 144 366 401 442 506 545 574 586 0
470 305 57 138 24 125 267 354 456 0
471 442 144 396 525 535 536 0
472 278 226 587 353 65 540 593 27 88 248 439 513 0
473 552 436 77 183 241 300 417 524 531 541 0
474 263 13 41 198 284 304 361 574 0
475 308 35 68 326 438 477 531 542 0
476 587 49 283 548 558 0
477 52 537 92 173 189 240 308 337 367 422 475 503 524 558 0
478 16 15 82 215 270 291 437 501 0
479 444 18 26 40 234 262 334 409 422 464 524 579 594 0
480 355 109 230 233 284 429 451 452 564 0
481 215 317 10 67 105 178 490 504 599 0
482 444 371 28 247 445 0
483 340 346 355 557 186 322 325 351 448 458 530 0
484 309 398 167 46 180 236 302 497 533 0
485 97 23 167 304 332 0
486 185 464 71 74 88 122 233 318 353 376 596 0
487 180 17 22 50 89 90 143 215 344 548 0
488 144 221 131 173 195 324 586 0
489 256 209 15 498 18 104 368 0
490 145 220 63 162 342 142 143 146 226 230 289 481 556 593 0
491 317 84 96 107 173 198 237 253 285 448 0
492 45 403 23 311 413 418 0
493 167 52 126 150 186 461 527 0
494 518 182 567 217 441 245 0
495 527 453 369 89 252 299 389 409 413 0
496 563 62 70 143 212 265 342 390 507 549 556 577 0
497 389 132 215 484 534 562 0
498 489 23 67 128 211 361 453 524 0
499 428 171 253 535 0
500 118 439 48 165 247 279 333 435 441 0
501 186 124 155 234 259 277 320 461 462 478 523 550 0
502 149 35 69 109 178 181 214 254 455 514 0
503 454 408 111 324 477 546 550 0
504 571 129 195 275 390 398 458 481 0
505 570 4 63 149 423 451 0
506 590 150 456 134 158 209 253 469 0
507 534 321 140 230 242 496 0
508 528 96 581 181 217 245 278 334 392 0
509 549 20 120 149 583 0
510 51 314 150 428 0
511 272 129 243 258 542 571 591 0
512 304 61 96 100 122 149 170 448 523 576 0
513 185 21 44 95 379 402 472 0
514 559 56 171 370 502 529 0
515 417 44 378 125 222 232 246 254 462 0
516 442 47 71 228 241 348 360 432 531 0
517 391 552 407 78 467 257 297 394 450 520 0
518 414 494 410 570 243 536 121 38 64 284 571 583 589 0
519 426 54 73 162 212 233 364 388 0
520 346 320 363 5 204 3 78 83 171 319 517 0
521 89 36 71 86 237 445 447 0
522 197 61 294 399 402 0
523 214 85 71 226 451 501 512 0
524 51 302 220 263 266 473 477 479 498 558 0
525 375 190 229 231 233 308 320 338 362 397 449 471 0
526 166 154 31 54 246 355 0
527 89 495 333 53 103 185 213 348 493 0
528 234 560 508 2 204 242 312 318 0
529 89 34 71 248 302 514 0
530 5 338 79 297 345 354 423 483 0
531 538 160 62 277 415 443 473 475 516 0
532 194 404 424 0
533 153 9 57 86 112 162 168 484 0
534 590 563 60 254 507 181 107 213 119 134 138 170 497 589 0
535 42 257 378 471 499 543 0
536 518 152 63 218 471 594 0
537 477 4 206 332 402 572 0
538 262 531 357 230 369 395 587 0
539 555 33 169 193 272 593 0
540 472 119 176 212 249 329 353 385 0
541 358 57 99 473 0
542 51 58 60 67 77 112 211 251 272 475 511 0
543 79 74 122 146 231 255 343 394 402 427 535 0
544 549 79 253 268 286 370 405 422 427 0
545 222 555 20 46 259 469 0
546 573 22 81 404 446 503 0
547 113 207 9 34 43 63 89 383 396 589 0
548 44 66 13 22 290 339 476 487 0
549 51 544 429 119 509 455 496 0
550 556 137 187 285 501 503 0
551 234 69 218 422 0
552 517 473 25 105 302 356 403 430 454 0
553 128 94 144 183 0
554 400 266 461 383 6 13 63 96 100 378 423 577 0
555 545 539 171 353 376 394 436 0
556 408 550 76 249 260 264 351 352 369 446 490 496 558 0
557 483 262 153 97 8 73 134 172 253 280 287 359 380 386 0
558 391 127 148 161 210 218 250 438 452 464 476 477 524 556 0
559 10 406 373 514 360 413 571 580 0
560 528 273 80 172 341 0
561 143 598 28 158 278 453 563 578 0
562 200 75 56 423 497 0
563 534 130 496 2 57 62 110 192 312 561 571 0
564 38 32 64 69 302 307 364 480 0
565 86 372 89 106 107 154 162 194 196 226 249 344 393 452 570 0
566 417 298 67 137 138 216 303 464 0
567 494 3 84 189 0
568 334 18 27 40 103 170 234 0
569 158 311 460 69 84 415 0
570 518 310 308 505 30 94 300 371 565 585 0
571 156 201 504 420 47 116 511 518 559 563 0
572 158 588 292 13 87 115 154 193 326 397 416 537 0
573 89 42 546 36 48 120 235 359 385 0
574 406 66 321 322 373 408 469 474 581 584 0
575 312 101 31 68 258 295 440 0
576 334 272 127 395 458 464 512 600 0
577 89 52 76 77 362 496 554 0
578 440 155 211 398 561 0
579 353 181 263 387 394 452 479 0
580 588 73 98 207 213 265 304 392 463 559 0
581 508 82 207 346 349 574 0
582 418 79 206 226 250 258 314 371 414 419 0
583 254 87 183 284 456 509 518 0
584 44 170 285 447 574 0
585 337 89 330 398 570 0
586 371 8 131 175 427 469 488 0
587 472 76 476 137 171 231 243 254 359 455 538 0
588 572 580 140 229 271 277 320 324 448 0
589 174 23 44 518 534 547 0
590 428 534 506 173 71 266 284 349 0
591 182 594 140 248 284 299 304 341 374 511 0
592 424 155 261 402 0
593 472 148 107 170 405 490 539 0
594 591 12 242 290 456 479 536 597 0
595 346 454 150 179 199 300 314 371 0
596 222 399 203 77 140 223 241 348 376 410 486 0
597 204 63 110 144 300 395 432 457 594 0
598 561 17 28 36 94 170 315 376 0
599 120 74 78 104 219 428 481 0
600 281 61 180 302 420 576 0

