600  1492
1 232 136 91 119 89 174 195 246 283 0
2 465 64 250 403 482 553 0
3 399 555 61 341 0
4 62 55 81 83 90 346 0
5 504 0
6 214 12 242 432 0
7 591 156 524 0
8 204 297 0
9 110 351 50 224 330 0
10 409 393 62 244 0
11 563 321 354 358 0
12 152 318 6 143 0
13 402 264 0
14 234 557 322 393 581 599 0
15 125 82 33 305 0
16 279 195 335 490 0
17 266 261 47 83 39 205 111 218 493 524 0
18 407 460 180 295 554 585 0
19 560 40 0
20 350 0
21 564 0
22 158 29 127 420 0
23 310 88 147 283 417 559 0
24 230 480 297 361 0
25 591 556 89 307 0
26 131 81 108 385 0
27 157 73 355 367 385 583 0
28 87 242 436 0
29 123 22 85 184 347 384 0
30 387 411 547 0
31 274 54 145 229 0
32 217 43 273 0
33 159 429 499 15 175 185 454 0
34 524 332 62 0
35 338 575 386 562 0
36 560 493 567 0
37 357 130 165 461 0
38 392 102 131 464 574 0
39 17 549 132 252 294 374 417 530 0
40 75 19 69 111 295 449 0
41 511 391 0
42 197 209 416 0
43 142 32 127 336 0
44 85 223 154 492 90 290 250 553 0
45 152 236 0
46 227 73 123 185 0
47 17 85 401 80 232 150 224 276 477 485 531 0
48 436 377 0
49 328 109 393 465 0
50 85 430 467 9 226 0
51 509 71 341 565 0
52 430 152 60 485 0
53 230 518 126 227 240 501 0
54 165 326 31 178 0
55 431 566 4 89 109 156 275 0
56 155 66 562 0
57 237 505 0
58 411 106 134 0
59 261 276 413 92 100 171 493 538 0
60 76 52 320 463 528 0
61 439 180 3 257 292 0
62 261 4 10 34 186 373 0
63 240 153 179 426 444 0
64 336 494 2 205 561 0
65 472 187 444 0
66 98 294 372 56 570 0
67 196 464 502 472 103 438 0
68 266 271 399 0
69 227 424 345 40 126 173 247 348 447 0
70 154 108 326 475 0
71 232 51 255 594 0
72 598 376 499 530 0
73 457 27 46 0
74 323 354 505 0
75 591 95 40 105 151 185 486 503 0
76 397 560 411 60 468 215 252 0
77 315 308 202 0
78 265 240 413 463 520 0
79 253 489 154 281 0
80 47 357 90 551 580 0
81 227 4 26 142 526 543 0
82 15 299 267 291 512 0
83 17 381 250 116 389 423 4 101 151 158 217 0
84 522 311 531 535 547 553 0
85 47 44 50 105 463 29 0
86 334 525 575 0
87 333 28 145 339 384 538 0
88 473 23 234 284 597 0
89 270 1 25 55 340 394 498 529 0
90 44 384 291 4 80 555 0
91 1 441 0
92 219 456 59 300 524 0
93 206 216 353 285 587 180 255 0
94 286 0
95 75 470 342 331 197 212 433 0
96 192 102 103 283 0
97 452 0
98 159 240 66 546 482 114 526 0
99 424 200 0
100 475 59 185 228 386 0
101 545 83 224 314 567 579 0
102 215 38 96 467 528 0
103 504 455 363 67 96 146 0
104 190 359 546 0
105 85 306 428 75 357 0
106 199 58 533 539 0
107 309 279 320 361 574 0
108 70 26 0
109 571 49 55 188 299 453 535 0
110 444 9 244 545 0
111 338 297 17 40 443 469 472 0
112 438 288 321 341 342 361 0
113 303 596 198 274 391 0
114 158 98 433 0
115 254 394 116 230 345 424 502 0
116 83 392 115 263 323 440 542 0
117 131 0
118 501 599 0
119 1 399 530 0
120 427 219 378 455 0
121 586 283 323 363 473 0
122 293 0
123 506 564 447 335 29 46 387 0
124 162 307 554 0
125 275 274 15 176 319 343 406 0
126 438 53 69 375 0
127 447 22 43 198 415 476 499 557 0
128 290 322 0
129 445 234 0
130 147 493 37 374 572 0
131 330 421 26 172 117 38 211 372 0
132 329 39 195 315 320 376 434 0
133 171 520 314 510 0
134 391 58 330 342 485 0
135 569 353 373 0
136 1 272 188 514 0
137 586 141 250 270 580 0
138 224 264 360 0
139 163 284 376 373 0
140 407 339 238 350 0
141 538 137 144 262 321 0
142 437 43 81 155 255 269 498 503 591 596 0
143 444 12 190 192 0
144 569 141 173 279 290 386 475 523 0
145 577 31 87 229 306 540 596 0
146 194 103 218 411 448 578 0
147 537 236 130 23 160 217 0
148 419 400 504 0
149 534 224 427 0
150 47 349 166 260 352 0
151 527 600 75 83 254 328 382 548 564 0
152 52 12 45 434 506 0
153 409 63 0
154 44 70 443 79 305 0
155 459 56 142 288 357 454 480 0
156 484 7 55 209 217 252 358 470 584 0
157 397 591 234 368 27 458 442 275 439 599 0
158 401 161 114 22 83 218 238 365 557 0
159 261 537 328 324 33 282 98 580 377 424 433 0
160 319 147 238 0
161 158 361 375 590 0
162 213 124 321 434 0
163 454 139 233 385 0
164 405 339 362 511 525 0
165 293 54 175 37 0
166 232 344 193 150 0
167 335 194 212 300 359 389 570 0
168 236 489 0
169 464 201 523 0
170 262 367 0
171 397 239 133 59 0
172 131 185 271 0
173 412 69 144 322 399 531 0
174 258 1 266 399 401 0
175 165 334 548 33 299 599 0
176 365 125 329 394 0
177 505 578 327 248 329 0
178 511 302 498 210 54 546 0
179 287 63 356 360 0
180 61 18 93 398 0
181 382 522 192 0
182 259 377 295 201 277 282 0
183 590 587 0
184 368 386 29 283 372 0
185 337 33 46 75 100 172 203 482 0
186 210 62 391 509 520 0
187 65 277 308 426 0
188 136 288 109 0
189 457 545 249 369 376 0
190 261 218 551 104 446 143 200 0
191 213 296 396 0
192 313 531 96 143 181 227 356 445 519 0
193 166 341 545 0
194 377 146 167 222 471 0
195 300 1 16 132 294 338 350 0
196 501 67 336 311 317 432 0
197 236 457 323 200 352 42 583 95 403 0
198 590 113 127 459 535 0
199 524 388 233 106 569 592 0
200 197 474 396 99 190 362 427 0
201 264 169 182 241 0
202 459 77 418 0
203 315 185 301 511 0
204 381 8 343 368 0
205 17 64 282 403 0
206 450 93 588 0
207 427 0
208 440 0
209 310 42 156 267 373 484 0
210 178 186 223 301 439 528 0
211 261 378 235 571 309 131 245 330 347 426 437 0
212 393 95 167 469 0
213 266 590 293 162 506 313 191 0
214 524 577 6 568 409 431 0
215 586 102 76 418 485 0
216 93 474 0
217 370 32 83 147 156 218 0
218 190 265 507 243 500 17 146 158 217 291 298 372 379 546 566 0
219 120 92 531 0
220 574 599 444 497 0
221 365 453 393 0
222 597 194 492 575 0
223 44 540 210 0
224 47 138 9 101 149 363 0
225 430 363 474 0
226 426 50 569 0
227 515 287 69 547 81 46 53 192 307 559 0
228 429 483 100 250 314 390 0
229 321 31 145 431 444 447 468 0
230 350 53 24 115 259 480 488 0
231 523 343 365 0
232 47 1 166 414 71 0
233 199 163 529 0
234 157 454 14 452 584 88 129 495 0
235 211 317 0
236 147 432 541 438 197 168 45 368 542 0
237 293 57 264 389 0
238 140 158 160 472 529 0
239 171 594 484 550 0
240 98 366 63 53 78 0
241 475 201 0
242 261 325 6 28 397 0
243 218 481 569 0
244 311 252 10 110 255 289 0
245 253 211 575 0
246 527 1 306 0
247 580 69 306 421 468 0
248 541 536 177 430 0
249 532 189 274 340 447 0
250 83 477 2 44 137 228 476 0
251 365 488 285 407 508 568 573 0
252 244 39 76 156 0
253 368 79 245 0
254 312 115 151 401 0
255 452 436 71 93 142 244 0
256 550 425 480 517 531 0
257 388 512 61 368 0
258 439 262 174 361 433 0
259 261 312 404 182 230 353 442 487 0
260 562 150 439 569 587 600 0
261 17 259 159 190 211 59 471 242 495 62 353 0
262 258 170 141 298 0
263 429 417 116 0
264 332 371 201 13 138 237 276 339 570 0
265 218 78 455 0
266 17 213 397 558 68 174 550 0
267 459 82 209 487 0
268 540 276 567 0
269 286 142 334 0
270 448 89 137 569 0
271 68 172 272 0
272 136 271 296 0
273 579 32 449 586 0
274 125 31 113 249 0
275 373 125 55 157 481 492 0
276 59 563 573 530 47 264 268 0
277 187 182 413 466 596 0
278 537 0
279 517 16 107 144 545 549 0
280 446 404 0
281 430 525 79 431 496 0
282 159 409 552 182 205 337 411 520 0
283 514 1 23 96 121 184 0
284 139 88 439 532 0
285 93 251 377 378 434 0
286 287 269 94 379 0
287 227 319 179 286 318 433 542 547 0
288 188 112 155 0
289 386 244 397 399 473 521 0
290 44 128 144 347 0
291 90 82 218 375 425 426 450 566 0
292 588 61 521 0
293 213 435 165 237 122 0
294 66 320 39 195 391 0
295 182 18 40 456 525 0
296 411 461 593 191 272 415 429 479 492 518 0
297 111 8 24 595 0
298 319 218 262 0
299 82 109 175 392 546 567 0
300 402 195 315 92 167 453 557 0
301 547 203 210 419 580 0
302 178 333 0
303 501 113 0
304 397 554 598 0
305 324 509 15 154 358 381 468 0
306 105 145 246 247 483 500 570 590 0
307 124 25 227 337 0
308 77 356 529 187 576 0
309 211 107 470 0
310 341 23 209 0
311 196 244 451 84 335 519 0
312 259 254 357 505 566 0
313 213 192 542 352 0
314 370 101 133 228 448 0
315 300 203 422 77 132 382 497 544 0
316 591 394 0
317 454 196 235 596 0
318 12 287 0
319 287 160 298 125 550 0
320 294 60 107 132 345 590 0
321 162 508 229 11 112 141 0
322 128 14 173 0
323 197 521 74 116 121 0
324 159 534 305 338 0
325 242 391 424 494 0
326 54 70 331 530 0
327 177 369 0
328 159 49 151 485 0
329 444 132 496 176 177 381 0
330 590 131 523 9 134 211 353 410 511 0
331 95 326 451 0
332 34 264 0
333 302 387 87 398 375 411 0
334 175 86 269 511 0
335 123 167 16 311 0
336 196 64 341 43 0
337 537 528 185 282 307 489 595 0
338 415 35 111 195 324 467 0
339 140 419 597 87 164 264 447 0
340 504 543 89 249 351 521 568 0
341 336 310 3 51 112 193 571 0
342 95 112 134 447 0
343 363 125 204 231 361 364 419 486 548 0
344 166 406 536 0
345 69 115 320 416 0
346 598 4 440 481 0
347 433 29 211 290 524 0
348 540 476 69 370 400 447 0
349 150 0
350 454 230 20 395 539 140 195 0
351 9 340 537 0
352 197 561 150 313 0
353 93 135 259 261 330 484 0
354 74 11 510 0
355 542 27 367 476 503 523 0
356 308 572 367 179 192 477 0
357 80 37 105 155 312 533 0
358 550 11 156 305 448 0
359 510 104 167 488 581 0
360 484 138 179 0
361 586 24 107 112 161 258 343 0
362 420 164 200 0
363 103 343 121 224 225 0
364 404 343 0
365 560 426 176 221 251 158 231 419 510 0
366 240 474 0
367 356 27 170 355 0
368 157 184 253 204 236 257 546 0
369 521 189 327 577 0
370 560 217 314 348 0
371 264 403 424 516 0
372 66 131 184 218 0
373 382 275 62 135 139 209 547 0
374 393 39 130 503 0
375 469 126 161 291 333 533 0
376 139 72 132 189 589 0
377 182 194 48 159 285 500 0
378 211 420 120 285 0
379 452 218 286 512 543 0
380 381 508 0
381 83 204 405 380 305 329 558 0
382 537 373 181 576 151 315 427 443 498 536 0
383 474 533 473 411 441 559 585 0
384 90 478 29 87 389 547 0
385 503 26 27 163 0
386 184 289 35 100 144 459 469 536 557 0
387 333 449 30 123 521 0
388 199 588 257 550 0
389 83 167 237 384 542 0
390 505 581 228 485 0
391 325 134 41 113 186 294 0
392 116 38 299 571 576 0
393 10 516 374 212 14 49 221 506 534 564 0
394 115 538 89 176 316 402 0
395 350 558 0
396 200 191 401 476 0
397 266 157 76 524 427 304 171 550 562 450 242 289 479 0
398 333 180 400 0
399 470 3 68 119 173 174 289 447 515 0
400 148 348 398 507 558 567 0
401 47 158 174 254 396 461 0
402 444 300 526 13 394 404 572 579 0
403 493 2 197 205 371 499 508 0
404 259 364 280 402 467 0
405 381 164 0
406 586 486 125 344 414 500 0
407 454 140 505 18 251 549 557 0
408 503 0
409 282 10 153 214 433 0
410 422 330 458 0
411 76 296 58 30 146 282 333 383 562 0
412 452 173 0
413 59 78 277 579 0
414 232 406 533 0
415 467 338 127 296 476 521 527 561 0
416 421 42 345 593 0
417 263 23 39 0
418 436 202 215 453 497 0
419 339 148 301 343 365 0
420 378 362 22 524 0
421 131 416 247 430 442 535 551 0
422 315 410 431 570 525 0
423 83 450 551 0
424 69 99 115 159 325 371 0
425 256 291 457 0
426 365 598 226 63 187 211 291 499 0
427 397 120 504 207 149 200 382 439 535 0
428 105 594 0
429 33 515 228 263 296 565 0
430 50 281 52 225 248 421 452 480 0
431 422 55 214 229 281 0
432 236 501 444 567 6 196 445 565 0
433 559 347 95 114 159 258 287 409 0
434 162 132 152 285 0
435 293 462 589 562 583 0
436 255 513 418 48 28 0
437 534 142 491 211 551 0
438 236 126 112 67 578 0
439 501 258 61 157 210 260 284 427 529 540 0
440 535 208 116 346 565 0
441 552 91 383 509 567 0
442 157 259 421 500 0
443 154 111 382 502 600 0
444 432 586 402 329 110 143 63 65 220 229 472 0
445 464 129 192 432 0
446 190 280 470 0
447 123 127 69 229 249 339 342 348 399 482 499 0
448 471 270 146 314 358 0
449 387 40 273 456 489 0
450 397 544 206 291 423 497 0
451 311 331 0
452 234 255 412 97 379 430 0
453 221 466 109 300 418 454 482 549 0
454 234 350 511 407 163 317 553 33 155 453 0
455 103 120 265 492 0
456 92 532 295 449 0
457 197 189 73 425 538 0
458 157 410 581 0
459 591 202 155 267 198 386 524 0
460 18 526 0
461 296 37 401 0
462 435 490 483 0
463 85 60 78 0
464 67 445 169 38 0
465 590 2 49 0
466 453 277 521 0
467 50 415 527 102 338 404 519 0
468 76 229 247 305 0
469 537 375 111 212 386 0
470 95 399 156 309 446 0
471 261 448 194 0
472 67 65 111 238 444 478 591 0
473 383 88 487 121 289 496 0
474 200 383 216 225 366 531 0
475 591 100 241 70 144 494 0
476 348 127 250 355 396 415 0
477 250 47 356 501 510 0
478 384 472 483 0
479 498 296 397 0
480 24 155 230 256 430 594 0
481 243 275 346 524 0
482 98 574 2 185 447 453 0
483 228 306 462 478 549 0
484 524 360 156 209 239 353 0
485 594 47 52 134 215 328 390 553 599 0
486 406 75 343 0
487 473 259 267 0
488 251 230 359 514 522 0
489 79 168 337 449 593 0
490 462 16 539 0
491 437 0
492 44 222 275 296 455 598 0
493 130 403 582 17 36 59 576 585 0
494 64 325 475 518 0
495 261 234 560 0
496 329 497 281 473 0
497 496 220 315 418 450 0
498 178 479 89 142 382 0
499 33 72 127 403 426 447 0
500 218 306 377 406 442 0
501 432 303 196 439 579 118 565 53 477 0
502 67 569 115 443 584 0
503 537 408 385 75 142 355 374 0
504 427 535 5 103 340 148 584 0
505 407 177 390 57 74 312 553 565 0
506 213 123 152 393 0
507 218 400 518 0
508 321 251 380 403 537 0
509 305 510 51 186 441 0
510 509 359 133 354 365 477 526 0
511 454 178 41 164 203 330 334 583 0
512 257 82 379 0
513 436 584 0
514 591 283 136 488 586 0
515 429 227 519 399 0
516 393 371 0
517 586 595 279 256 0
518 53 296 494 507 0
519 515 192 311 467 0
520 133 78 186 282 0
521 323 369 289 292 340 387 415 466 0
522 181 84 488 0
523 330 231 144 169 355 0
524 397 214 34 199 484 7 17 92 347 420 459 481 574 578 592 0
525 281 86 164 295 422 0
526 402 81 98 460 510 0
527 467 246 151 415 0
528 337 585 60 102 210 529 0
529 308 89 233 238 439 528 0
530 276 39 72 119 326 569 0
531 192 47 84 173 219 256 474 0
532 456 249 284 0
533 383 106 357 375 414 0
534 324 559 437 149 393 0
535 504 440 84 109 198 421 427 0
536 248 344 382 386 0
537 159 147 382 503 278 337 469 351 508 0
538 394 141 59 87 457 0
539 350 106 490 584 0
540 223 348 268 145 439 0
541 236 248 0
542 313 355 116 236 287 389 568 0
543 340 81 379 0
544 450 315 0
545 189 101 110 193 279 0
546 98 104 178 218 299 368 0
547 227 301 30 84 287 373 384 589 0
548 175 151 343 0
549 39 279 407 453 483 0
550 397 358 256 239 266 319 388 0
551 190 80 421 423 437 0
552 282 441 598 0
553 454 2 44 84 485 505 568 0
554 564 18 124 304 584 592 0
555 3 90 583 0
556 25 0
557 14 127 158 300 386 407 0
558 266 381 395 400 0
559 534 433 592 23 227 383 0
560 76 370 36 19 365 495 577 0
561 352 64 415 592 0
562 397 260 35 56 411 435 0
563 276 11 0
564 123 21 554 151 393 0
565 501 51 429 432 440 505 0
566 55 218 291 312 0
567 432 36 101 268 299 400 441 0
568 214 251 340 542 553 578 0
569 502 135 144 199 226 243 260 270 530 599 0
570 422 66 167 264 306 0
571 211 109 341 392 0
572 356 130 402 0
573 276 251 0
574 482 220 38 107 524 0
575 35 86 222 245 0
576 382 308 392 493 0
577 214 145 369 560 0
578 177 146 438 524 568 0
579 501 273 101 402 413 0
580 159 247 80 137 301 0
581 390 14 359 458 0
582 493 0
583 197 27 435 511 555 0
584 234 156 502 504 513 539 554 0
585 528 18 383 493 0
586 444 406 361 517 137 215 121 273 514 0
587 93 183 260 0
588 388 292 206 0
589 435 376 547 0
590 213 330 465 183 198 161 306 320 0
591 157 316 514 475 75 25 459 7 142 472 0
592 559 199 524 554 561 0
593 296 416 489 0
594 239 485 71 428 480 0
595 517 297 337 0
596 113 142 145 277 317 0
597 339 222 88 0
598 426 72 346 304 492 552 0
599 220 14 118 157 175 485 569 0
600 151 260 443 0

600  1535
1 337 330 0
2 45 46 125 279 393 0
3 338 11 70 131 187 0
4 212 204 0
5 476 343 494 38 532 342 0
6 434 213 384 545 0
7 273 233 434 0
8 502 53 254 263 501 0
9 486 200 160 205 0
10 429 558 559 0
11 466 3 44 46 57 218 588 0
12 426 92 410 262 23 179 126 132 277 422 0
13 405 444 447 314 0
14 390 70 141 332 600 0
15 354 181 370 0
16 155 206 35 39 312 481 0
17 123 417 0
18 494 105 245 119 146 175 345 472 0
19 216 465 131 192 212 274 599 0
20 494 466 297 400 507 0
21 157 60 183 251 0
22 192 280 411 578 481 0
23 12 462 103 216 521 0
24 325 0
25 112 48 202 0
26 385 48 147 161 0
27 145 292 103 155 219 373 440 561 0
28 558 78 107 343 373 466 0
29 89 88 222 476 515 533 0
30 185 165 241 526 0
31 164 0
32 334 63 82 198 265 507 0
33 156 127 135 288 429 538 589 0
34 182 58 78 79 376 379 391 0
35 146 248 16 78 155 0
36 115 568 427 0
37 264 373 83 105 443 0
38 5 180 538 71 529 349 0
39 235 562 16 85 363 512 0
40 308 114 100 137 158 309 418 456 519 0
41 71 123 299 367 519 551 0
42 157 72 243 480 600 0
43 548 573 243 142 167 200 283 450 0
44 382 11 292 335 394 0
45 282 473 227 2 307 220 271 340 402 0
46 472 2 11 495 0
47 330 575 448 298 497 546 0
48 26 545 25 64 199 0
49 146 64 299 0
50 73 76 372 385 464 595 0
51 75 464 556 100 155 415 466 593 0
52 552 597 285 405 0
53 343 284 8 200 293 485 579 0
54 552 452 310 78 154 200 215 258 297 0
55 75 426 330 501 154 235 202 205 217 443 589 0
56 560 311 384 0
57 291 579 362 340 11 435 496 0
58 488 457 34 74 322 503 512 0
59 412 384 204 225 350 515 0
60 192 21 75 133 475 530 0
61 258 200 454 0
62 502 115 70 124 452 0
63 136 32 568 0
64 49 554 73 48 166 575 0
65 417 100 247 540 0
66 513 283 303 129 235 238 436 0
67 151 160 220 409 0
68 73 550 324 163 144 118 173 245 0
69 182 484 211 189 273 426 0
70 175 415 3 14 62 84 230 0
71 38 41 289 398 427 0
72 565 537 167 453 42 89 177 238 369 397 0
73 64 68 339 133 50 224 359 462 555 0
74 582 544 58 138 232 0
75 476 192 55 51 388 60 217 259 0
76 343 585 50 122 539 0
77 563 498 413 526 547 596 0
78 476 202 253 399 28 34 35 54 85 356 498 534 571 597 0
79 434 34 119 154 202 507 521 0
80 570 219 330 463 486 553 0
81 474 257 0
82 400 32 209 374 489 0
83 277 37 226 326 0
84 339 450 70 87 364 575 0
85 213 348 39 78 186 0
86 395 95 117 142 323 380 398 440 517 0
87 139 84 107 306 328 357 362 450 502 0
88 291 29 194 242 321 327 347 527 0
89 549 341 110 407 29 72 172 399 466 0
90 527 120 461 0
91 104 135 0
92 12 94 226 0
93 378 117 310 450 0
94 596 92 245 375 484 0
95 127 86 177 234 0
96 429 116 176 201 209 564 0
97 564 153 326 567 0
98 146 205 343 407 0
99 195 255 272 0
100 139 249 40 51 65 102 125 487 502 0
101 486 116 271 505 0
102 205 100 170 336 0
103 23 27 0
104 239 91 134 258 333 544 0
105 18 128 189 37 157 308 313 391 505 0
106 183 186 193 542 545 0
107 317 28 87 123 468 0
108 145 433 158 445 0
109 219 322 440 477 0
110 89 149 199 228 241 470 503 0
111 576 196 464 0
112 315 259 25 163 471 0
113 238 180 506 0
114 40 229 291 578 0
115 62 36 163 272 387 410 599 0
116 365 509 96 101 229 293 502 0
117 554 174 425 86 93 154 157 398 503 0
118 159 68 203 234 521 0
119 256 18 79 166 188 212 282 446 0
120 308 258 152 90 491 0
121 430 290 515 0
122 330 76 145 245 313 558 0
123 41 404 17 107 125 304 342 0
124 273 222 62 493 0
125 335 2 100 123 428 0
126 238 153 12 192 394 0
127 308 589 477 264 300 95 33 166 0
128 105 505 420 240 275 357 0
129 304 66 152 210 374 409 535 575 0
130 357 0
131 157 377 3 19 0
132 385 12 144 309 400 562 0
133 73 557 347 571 60 233 480 0
134 476 104 162 253 281 525 0
135 343 215 33 91 510 565 0
136 230 533 63 0
137 209 40 164 206 246 362 0
138 227 74 210 310 0
139 182 100 463 87 265 0
140 555 159 319 358 375 0
141 351 14 207 396 487 0
142 182 195 332 493 43 86 424 470 560 572 0
143 374 164 219 536 0
144 68 132 0
145 391 108 27 122 288 295 381 477 0
146 159 49 35 383 98 352 516 18 253 436 450 472 0
147 267 504 445 26 477 0
148 207 460 0
149 110 356 432 556 0
150 500 211 303 315 318 380 400 0
151 260 67 208 307 0
152 120 395 129 0
153 126 97 502 572 0
154 55 54 79 117 439 531 0
155 374 16 27 35 51 328 490 0
156 333 216 33 366 207 257 260 0
157 390 182 159 476 318 183 409 42 131 21 105 117 0
158 196 392 40 108 326 0
159 157 146 594 217 118 140 0
160 308 587 519 9 67 288 392 0
161 405 294 26 282 527 0
162 322 491 270 286 134 287 382 0
163 68 112 115 258 265 328 467 0
164 560 472 31 137 143 196 315 445 0
165 559 30 319 0
166 220 64 119 127 171 308 338 0
167 72 328 43 345 373 532 0
168 574 437 0
169 494 216 0
170 448 102 0
171 290 166 177 288 320 0
172 256 89 186 0
173 531 68 0
174 117 0
175 390 385 70 18 386 0
176 182 496 486 394 531 96 186 310 0
177 189 72 95 171 179 261 275 539 565 0
178 502 193 207 400 0
179 12 177 0
180 38 456 210 273 574 184 302 113 327 503 0
181 309 15 0
182 157 435 142 176 139 69 34 387 477 0
183 157 106 21 448 574 0
184 180 192 247 269 305 420 0
185 476 30 261 420 592 600 0
186 238 85 106 172 176 329 399 424 455 581 589 0
187 483 586 3 0
188 368 119 406 0
189 105 177 69 214 289 0
190 386 313 0
191 216 436 350 390 410 578 0
192 75 512 22 60 19 126 184 287 0
193 178 106 260 0
194 472 88 343 0
195 142 282 490 99 389 0
196 327 158 111 164 209 219 252 0
197 330 495 0
198 250 526 234 32 294 535 0
199 110 48 0
200 9 43 53 54 61 228 261 262 457 537 0
201 251 96 386 497 0
202 78 564 25 55 79 215 0
203 220 118 0
204 550 4 59 281 0
205 483 102 9 55 98 321 357 546 0
206 16 288 137 215 374 385 397 459 494 522 0
207 566 148 141 156 178 590 0
208 293 151 0
209 506 137 82 96 196 599 0
210 180 129 138 310 381 0
211 69 150 0
212 262 4 19 119 295 369 526 0
213 386 85 6 0
214 254 189 215 412 415 494 518 0
215 135 54 202 206 214 253 368 0
216 156 386 191 19 331 23 169 262 401 579 0
217 159 55 75 563 0
218 459 11 471 0
219 564 109 27 80 143 196 439 445 449 471 0
220 308 203 506 546 279 166 45 67 371 449 477 0
221 330 559 367 0
222 124 29 447 468 509 526 583 0
223 565 246 579 0
224 73 300 393 0
225 405 59 428 0
226 352 83 92 245 431 0
227 45 138 483 520 0
228 110 200 289 314 374 564 0
229 426 443 114 116 400 418 447 0
230 429 136 70 283 376 0
231 289 402 549 0
232 513 74 0
233 580 7 133 280 286 361 0
234 198 95 118 269 533 0
235 55 39 517 66 268 431 0
236 354 389 455 0
237 565 511 447 0
238 391 113 126 422 186 66 72 332 0
239 282 104 553 241 278 344 371 0
240 370 492 128 251 359 489 0
241 535 460 338 30 110 239 392 0
242 300 88 296 443 475 0
243 43 42 245 358 519 561 0
244 574 405 473 0
245 18 68 94 122 226 243 282 574 0
246 223 137 0
247 262 65 184 377 397 598 0
248 35 538 0
249 100 478 272 0
250 502 198 287 311 478 531 0
251 289 201 21 240 273 371 528 0
252 446 196 301 0
253 78 261 134 146 215 590 0
254 576 255 214 480 8 292 370 401 0
255 254 99 439 480 512 0
256 429 172 119 0
257 512 81 156 477 579 0
258 120 61 54 104 163 0
259 112 75 462 476 492 0
260 496 151 156 193 342 0
261 253 398 177 185 200 596 0
262 12 247 212 200 216 0
263 490 584 8 277 392 0
264 127 37 296 301 391 407 440 0
265 429 281 438 580 316 32 139 163 0
266 274 309 320 376 441 491 498 547 0
267 430 147 367 505 594 0
268 338 235 0
269 332 184 234 397 495 0
270 162 438 539 0
271 282 45 101 403 0
272 365 99 115 249 535 536 0
273 180 581 408 124 7 69 251 0
274 407 266 19 353 511 0
275 496 583 128 177 333 351 365 456 478 489 0
276 508 555 286 503 0
277 417 83 12 263 310 493 589 0
278 385 451 239 330 441 458 465 510 0
279 220 2 447 466 0
280 22 233 503 518 0
281 265 355 134 204 0
282 195 45 239 357 271 119 161 245 315 437 496 0
283 66 43 230 324 497 0
284 53 0
285 500 52 0
286 162 233 276 0
287 559 162 192 250 334 346 0
288 206 33 145 160 171 400 403 569 0
289 352 231 251 71 189 228 298 412 0
290 576 171 121 295 0
291 341 57 588 88 503 114 444 0
292 27 44 254 340 349 380 0
293 456 208 427 53 116 441 458 548 569 0
294 161 569 198 433 483 524 525 0
295 501 145 212 290 378 518 0
296 264 242 0
297 390 527 20 54 0
298 322 543 513 577 432 47 289 517 0
299 49 41 415 0
300 127 242 224 433 436 509 0
301 264 424 252 327 448 0
302 180 0
303 66 150 368 553 0
304 565 129 123 0
305 474 184 483 0
306 366 87 485 0
307 45 151 375 441 0
308 390 309 220 127 382 160 40 120 105 166 0
309 308 525 181 40 132 266 390 0
310 54 93 138 176 210 277 361 506 0
311 382 56 250 0
312 516 16 0
313 490 437 105 122 190 370 476 517 528 0
314 579 13 228 347 0
315 354 112 150 164 282 462 536 0
316 265 406 0
317 550 552 107 321 510 0
318 157 474 333 391 430 481 150 585 0
319 530 446 321 140 165 0
320 494 171 266 0
321 319 88 205 317 0
322 429 162 298 482 58 109 0
323 587 86 349 383 0
324 68 570 283 0
325 486 468 24 585 0
326 332 406 83 97 158 502 0
327 334 196 88 180 301 424 536 0
328 167 87 155 163 523 558 0
329 397 186 332 456 540 565 0
330 55 500 221 47 122 197 1 80 278 396 417 561 0
331 216 362 363 459 559 0
332 142 269 326 458 14 238 329 0
333 318 156 104 275 462 464 0
334 494 535 327 32 287 367 419 0
335 506 440 125 44 465 0
336 446 102 351 0
337 359 1 358 469 368 385 414 481 0
338 241 3 561 523 268 166 354 468 0
339 73 558 84 395 412 596 0
340 57 45 292 0
341 89 291 0
342 437 5 123 260 0
343 5 53 76 135 28 98 194 410 537 0
344 539 239 584 0
345 537 18 167 431 0
346 554 287 0
347 133 88 314 0
348 85 572 0
349 362 38 292 323 0
350 494 59 191 406 412 440 0
351 358 141 275 336 408 483 513 0
352 146 289 226 361 0
353 487 274 582 0
354 429 315 236 15 338 449 523 558 0
355 281 360 0
356 525 78 149 479 0
357 282 130 87 128 205 441 0
358 337 351 140 243 407 0
359 464 337 73 240 475 0
360 474 434 355 409 457 458 563 0
361 383 233 310 352 506 0
362 57 349 87 137 331 432 0
363 369 593 39 331 433 522 0
364 548 84 0
365 477 272 116 275 402 0
366 156 306 537 0
367 221 41 267 334 474 478 0
368 444 188 215 303 337 0
369 566 363 592 487 72 212 413 453 0
370 532 423 240 15 254 313 510 0
371 400 220 239 251 403 0
372 435 397 50 423 0
373 37 27 28 167 588 0
374 401 155 143 82 129 206 228 0
375 514 94 140 307 496 0
376 407 34 230 266 0
377 131 247 0
378 582 93 295 0
379 488 34 0
380 496 86 150 292 585 0
381 574 145 210 407 415 0
382 308 44 311 162 500 535 0
383 146 361 323 462 0
384 59 6 56 0
385 175 278 600 461 26 132 50 206 337 507 0
386 216 190 213 175 201 463 0
387 548 521 115 182 0
388 75 447 0
389 462 195 236 415 0
390 157 549 175 560 308 297 431 14 191 309 0
391 318 238 145 34 105 264 522 568 0
392 158 160 241 263 411 0
393 460 530 2 224 403 453 0
394 176 44 126 0
395 152 598 467 441 86 339 499 0
396 534 141 330 500 540 0
397 372 329 72 206 247 269 0
398 261 71 86 117 0
399 78 89 186 569 0
400 468 82 371 20 132 150 178 229 288 0
401 600 374 216 254 0
402 231 45 365 544 0
403 494 271 288 371 393 0
404 123 0
405 435 13 161 565 225 52 244 0
406 326 188 316 350 0
407 89 274 515 522 376 98 264 358 381 533 0
408 273 351 0
409 157 489 67 129 360 0
410 12 572 524 115 191 343 0
411 22 392 0
412 496 59 214 289 339 350 0
413 434 77 369 458 508 0
414 595 337 0
415 70 51 214 299 381 389 586 0
416 548 512 0
417 435 65 567 277 17 330 477 487 0
418 443 40 229 421 0
419 467 334 428 582 0
420 128 184 185 0
421 448 418 0
422 238 12 0
423 370 576 372 564 0
424 301 142 186 327 590 594 0
425 117 597 0
426 55 12 229 69 0
427 293 36 71 480 0
428 473 125 225 419 568 0
429 565 265 354 96 322 256 230 10 33 451 595 0
430 318 267 121 0
431 390 226 235 345 0
432 298 149 362 0
433 108 294 300 363 0
434 360 499 6 79 413 7 0
435 182 405 372 417 439 57 0
436 191 66 146 300 544 551 558 0
437 313 342 168 282 497 0
438 265 270 0
439 435 470 154 219 255 0
440 335 27 86 109 264 350 541 0
441 395 266 278 293 307 357 590 598 0
442 463 0
443 229 418 37 55 242 0
444 13 368 291 0
445 147 479 108 164 219 461 473 0
446 319 336 252 119 478 0
447 13 222 229 237 279 388 496 0
448 47 170 421 183 301 0
449 579 219 220 354 0
450 84 43 87 93 146 461 541 0
451 278 429 502 0
452 54 62 0
453 72 369 393 497 0
454 516 61 0
455 560 186 236 577 0
456 180 590 293 40 275 329 0
457 58 200 360 587 0
458 332 278 293 360 413 0
459 575 218 542 206 331 0
460 241 393 148 0
461 385 90 445 450 513 0
462 23 389 73 259 315 333 383 535 553 0
463 139 502 442 80 386 468 511 539 0
464 51 359 50 111 333 474 514 0
465 19 278 335 0
466 20 11 28 51 89 279 0
467 395 419 163 0
468 325 400 483 107 222 338 463 0
469 337 0
470 439 110 142 522 0
471 537 112 218 219 493 0
472 164 194 46 18 146 0
473 45 485 534 428 244 445 0
474 318 548 81 360 305 367 464 0
475 510 60 242 359 596 0
476 157 75 5 78 134 185 29 259 313 522 548 0
477 127 497 365 109 145 147 182 220 257 417 0
478 249 250 275 367 446 0
479 445 356 585 0
480 254 42 133 255 427 504 535 0
481 318 16 22 337 0
482 322 524 0
483 468 205 187 520 227 294 305 351 577 0
484 69 94 521 0
485 473 53 306 556 0
486 176 325 101 9 80 496 514 522 0
487 369 353 100 141 417 0
488 580 58 379 0
489 409 82 240 275 490 0
490 195 313 263 155 489 587 0
491 162 120 266 0
492 240 259 0
493 142 540 124 277 471 600 0
494 5 350 334 403 20 18 320 169 206 214 564 0
495 197 46 269 0
496 176 412 260 380 275 541 57 282 375 447 486 0
497 477 47 201 283 437 453 0
498 77 78 266 0
499 434 395 0
500 330 285 150 382 396 0
501 55 295 8 0
502 463 250 62 582 178 8 87 100 116 153 326 451 0
503 291 58 110 117 180 276 280 0
504 147 480 512 0
505 128 101 105 267 0
506 220 209 335 113 310 361 0
507 564 20 32 79 385 0
508 530 514 595 276 413 0
509 116 222 300 0
510 546 475 135 278 317 370 599 0
511 237 274 463 0
512 192 257 39 58 255 416 504 0
513 298 232 66 351 461 523 0
514 508 375 464 486 0
515 407 29 59 121 0
516 146 454 312 0
517 235 86 298 313 0
518 572 214 280 295 0
519 160 40 41 243 0
520 483 227 528 543 0
521 387 23 79 118 484 526 0
522 407 206 363 391 470 476 486 565 574 0
523 338 328 354 513 0
524 410 294 482 0
525 309 356 134 294 0
526 198 30 77 212 222 521 541 0
527 297 90 88 161 0
528 580 251 313 520 550 0
529 38 0
530 393 508 319 60 0
531 176 173 154 250 0
532 5 370 536 167 0
533 136 29 234 407 0
534 473 396 78 566 0
535 334 241 129 198 272 382 462 480 0
536 532 143 272 315 327 0
537 72 345 471 200 343 366 0
538 38 33 248 0
539 550 344 76 177 270 463 0
540 493 65 329 396 0
541 496 440 450 526 0
542 459 106 0
543 298 520 593 0
544 74 104 402 436 587 0
545 48 6 106 0
546 220 510 591 47 205 0
547 567 551 77 266 0
548 474 43 416 387 364 293 476 0
549 390 89 231 0
550 68 563 317 539 204 528 0
551 547 41 436 584 0
552 317 54 52 0
553 239 80 303 462 0
554 64 117 346 0
555 276 140 73 586 0
556 51 149 485 0
557 133 558 564 0
558 339 28 10 122 328 354 436 557 0
559 221 287 165 10 331 0
560 390 164 56 455 599 142 0
561 338 27 243 330 0
562 39 132 0
563 550 77 217 360 569 0
564 202 219 97 507 96 228 423 494 557 0
565 405 429 72 237 304 223 135 177 329 522 0
566 580 207 369 534 0
567 417 547 97 0
568 36 63 391 428 0
569 294 288 293 399 563 0
570 324 80 0
571 133 78 0
572 410 518 142 153 348 0
573 43 0
574 180 244 168 381 183 245 522 0
575 47 459 64 84 129 0
576 423 254 290 111 0
577 298 455 483 581 585 0
578 22 114 191 0
579 57 449 314 53 216 223 257 0
580 265 566 488 528 233 0
581 273 186 577 0
582 502 378 74 353 419 0
583 275 222 0
584 263 344 551 0
585 76 318 325 380 479 577 0
586 187 415 555 0
587 160 323 457 490 544 589 0
588 291 11 373 0
589 127 33 55 186 277 587 0
590 456 207 253 424 441 0
591 546 0
592 369 185 0
593 363 51 543 0
594 159 267 424 0
595 508 596 414 50 429 0
596 595 94 77 261 339 475 0
597 52 78 425 0
598 395 247 441 0
599 560 19 115 209 510 0
600 385 401 14 42 185 493 0

