600  2393
1 477 37 68 185 245 339 427 522 539 0
2 254 132 190 352 385 510 565 0
3 311 5 33 494 498 506 538 0
4 117 10 383 477 454 9 220 242 434 0
5 579 569 3 143 244 356 391 510 0
6 240 512 468 139 35 46 71 238 267 390 492 0
7 233 15 54 81 243 265 321 517 0
8 596 280 265 183 25 291 330 332 549 0
9 207 4 209 261 300 345 449 563 572 0
10 4 379 13 156 271 0
11 440 160 580 228 245 288 527 0
12 260 85 179 249 261 410 575 0
13 10 522 507 480 353 422 156 318 369 410 0
14 205 559 572 43 45 204 372 429 431 509 515 0
15 421 100 7 17 76 105 233 374 500 575 585 0
16 255 140 73 208 329 399 477 0
17 191 15 155 310 373 567 0
18 227 24 59 125 204 262 294 518 592 0
19 280 121 129 218 309 355 454 540 544 0
20 321 168 318 412 492 0
21 349 311 205 374 284 113 274 306 364 450 0
22 147 54 151 431 476 0
23 434 115 140 215 459 504 549 0
24 578 18 95 413 484 516 589 0
25 98 8 107 143 194 216 281 304 363 537 0
26 338 210 252 255 580 0
27 520 100 118 300 345 0
28 204 185 85 165 348 466 473 572 591 0
29 517 304 55 137 588 0
30 53 179 322 345 0
31 89 175 300 71 118 178 270 301 452 511 521 546 0
32 285 408 510 535 577 141 295 382 463 0
33 470 3 55 67 213 431 435 553 0
34 145 111 135 357 489 0
35 319 6 172 203 275 465 533 589 0
36 172 286 45 154 271 322 471 510 0
37 295 1 72 105 216 245 329 591 0
38 321 237 46 281 501 0
39 254 271 281 331 348 358 373 469 481 0
40 330 156 493 94 245 275 325 458 461 501 0
41 204 321 60 78 129 256 288 582 0
42 173 177 200 392 481 536 0
43 457 388 341 14 66 138 194 198 241 255 266 279 401 440 0
44 163 347 181 218 238 323 445 446 584 0
45 567 350 14 36 109 468 486 0
46 132 6 38 92 164 238 317 375 421 422 486 600 0
47 155 158 245 271 0
48 219 509 86 196 203 322 0
49 322 126 131 167 279 493 594 0
50 518 247 340 486 0
51 507 77 96 251 256 270 283 345 437 482 487 489 554 598 0
52 393 58 88 146 226 344 353 429 515 0
53 298 30 233 383 388 439 442 482 599 0
54 528 7 22 412 433 563 0
55 235 89 29 33 72 112 141 160 377 411 0
56 122 98 181 250 255 256 407 0
57 360 157 182 204 259 262 289 522 0
58 52 67 106 196 341 0
59 255 18 89 400 594 0
60 452 41 159 300 358 397 446 491 532 0
61 541 475 530 0
62 510 509 512 580 0
63 326 138 106 442 561 147 231 296 341 543 0
64 338 560 66 185 205 419 446 447 519 529 533 0
65 171 553 215 110 279 309 467 481 484 573 0
66 470 68 43 64 233 239 271 422 493 549 565 0
67 222 412 33 58 151 247 491 506 528 0
68 66 448 1 134 228 356 441 0
69 570 136 345 208 223 237 294 348 515 594 0
70 450 157 161 382 497 564 0
71 77 6 31 82 158 215 328 473 505 593 0
72 457 37 55 154 265 304 382 428 599 0
73 311 16 76 405 0
74 525 286 306 0
75 393 179 190 204 297 300 501 518 0
76 167 15 73 168 235 257 263 369 553 0
77 340 71 376 51 247 331 363 485 509 593 0
78 415 41 79 126 548 0
79 227 294 355 78 142 225 286 353 369 444 578 0
80 212 272 346 409 433 479 494 523 0
81 411 7 110 558 573 0
82 205 71 138 142 322 357 386 527 575 590 0
83 381 187 267 357 444 547 592 0
84 311 141 385 452 466 494 534 0
85 117 12 28 128 265 381 530 0
86 452 48 217 285 382 553 0
87 555 220 180 226 0
88 302 325 105 52 135 499 0
89 55 574 31 547 59 316 326 359 412 452 457 462 556 0
90 132 139 320 521 0
91 265 210 221 413 475 583 600 0
92 574 46 119 166 263 338 447 477 552 0
93 362 390 550 478 474 113 165 337 381 398 427 492 0
94 513 40 344 380 460 0
95 565 24 259 302 567 0
96 279 51 165 183 235 277 340 384 393 554 577 0
97 285 562 168 214 236 271 339 387 399 532 0
98 473 25 499 56 127 203 317 366 432 0
99 466 472 115 122 149 166 426 533 577 0
100 15 365 27 152 195 317 453 467 0
101 496 217 138 157 229 234 349 383 586 0
102 362 104 167 226 402 0
103 216 334 133 225 349 370 0
104 245 392 102 185 220 278 308 316 326 397 429 432 459 545 0
105 88 192 113 15 37 151 188 282 312 504 584 0
106 63 58 134 169 443 503 505 514 0
107 500 25 290 331 341 373 482 0
108 600 219 406 470 0
109 421 45 495 502 0
110 473 65 81 245 250 447 0
111 436 551 34 160 188 251 313 384 521 0
112 349 498 55 194 408 436 0
113 105 21 93 164 252 511 0
114 255 134 283 289 290 405 429 440 447 461 469 536 575 578 0
115 155 23 99 169 328 396 0
116 440 244 295 128 181 190 206 227 268 437 0
117 255 579 171 4 432 298 338 85 128 227 331 434 595 0
118 286 27 31 164 178 224 313 365 0
119 484 92 123 202 203 0
120 506 216 293 466 492 515 516 0
121 380 529 229 19 148 298 306 325 332 454 544 583 0
122 226 339 56 99 273 462 526 545 0
123 163 119 158 534 0
124 595 428 460 0
125 310 18 210 339 368 0
126 526 49 78 185 209 257 268 355 371 396 469 0
127 520 589 453 98 214 292 413 551 0
128 117 85 116 297 347 382 394 456 0
129 200 19 41 237 244 326 337 439 485 592 0
130 401 174 254 324 335 338 395 458 0
131 235 49 236 307 407 539 0
132 533 349 409 555 511 90 46 2 318 464 518 519 589 0
133 161 103 140 289 494 0
134 567 534 68 106 114 165 276 448 465 497 564 588 0
135 231 352 34 88 263 288 294 419 0
136 69 429 269 272 343 490 580 0
137 224 315 29 470 0
138 63 43 82 101 237 401 0
139 6 90 240 264 275 0
140 16 283 23 133 357 364 395 525 528 0
141 278 32 55 84 149 169 202 247 256 315 387 599 0
142 475 545 299 79 82 153 195 301 522 0
143 255 5 25 208 463 579 0
144 250 172 238 245 255 0
145 492 34 445 293 404 155 274 324 373 396 439 0
146 187 395 52 307 386 513 0
147 277 416 22 399 63 190 387 512 540 0
148 491 210 121 235 274 415 0
149 407 99 141 182 217 230 324 409 454 456 497 535 0
150 513 391 479 0
151 287 22 67 105 200 219 223 340 481 503 557 0
152 457 164 100 245 265 516 518 550 568 0
153 599 142 388 404 434 470 541 0
154 298 36 72 240 364 0
155 519 115 189 218 47 17 145 165 219 260 536 552 567 0
156 40 10 13 265 333 553 558 0
157 338 400 57 70 101 395 0
158 255 47 71 123 280 287 315 0
159 481 180 60 193 250 468 0
160 11 55 111 398 595 0
161 342 216 197 289 532 133 70 223 438 518 0
162 441 307 312 471 581 0
163 435 44 123 353 540 551 562 0
164 152 46 113 118 238 249 465 526 0
165 329 246 494 28 93 96 134 155 211 502 0
166 481 92 99 342 374 402 473 533 548 0
167 349 76 541 49 102 209 212 241 313 382 470 511 561 0
168 174 20 76 97 199 218 0
169 477 106 115 141 208 369 397 406 420 502 0
170 475 546 266 407 445 466 0
171 117 65 382 495 228 256 447 516 519 536 550 0
172 250 275 36 35 144 310 333 539 0
173 590 576 530 366 202 42 265 289 340 343 392 469 565 0
174 555 168 130 267 299 592 0
175 31 296 380 451 479 562 582 0
176 495 284 384 388 455 541 587 0
177 390 42 192 208 355 470 594 0
178 276 317 31 118 255 299 542 0
179 75 12 30 185 193 379 467 579 0
180 159 87 212 235 239 241 254 322 416 476 488 538 0
181 385 344 44 56 116 219 270 399 434 501 572 0
182 271 552 57 149 430 0
183 8 96 257 0
184 299 425 590 0
185 28 1 64 104 126 179 363 448 598 0
186 494 328 465 581 0
187 338 146 83 237 250 391 423 521 0
188 247 105 111 208 214 219 266 321 344 393 0
189 155 237 309 323 372 394 0
190 314 2 75 116 147 228 260 300 515 524 0
191 590 504 17 250 295 337 409 450 519 589 0
192 105 177 416 571 0
193 195 159 179 347 429 554 562 0
194 471 25 43 112 332 0
195 517 193 100 142 299 438 451 0
196 231 48 58 273 334 346 589 0
197 161 241 278 544 0
198 524 496 253 43 283 300 368 435 494 0
199 213 168 336 345 411 425 453 0
200 271 129 257 42 151 203 272 278 291 326 382 499 530 0
201 383 219 233 339 0
202 173 527 119 141 419 497 522 0
203 219 35 48 98 119 200 234 484 0
204 316 41 28 313 14 18 57 75 227 448 520 0
205 21 14 261 82 64 282 442 546 583 0
206 434 116 261 270 332 379 436 589 0
207 251 584 419 9 238 474 476 510 577 0
208 380 16 69 143 169 177 188 309 321 353 418 537 586 0
209 352 564 9 126 167 309 397 438 500 583 0
210 148 26 91 125 295 378 383 398 536 0
211 440 251 222 165 313 388 571 572 578 587 0
212 595 80 167 180 275 370 378 0
213 408 356 199 33 350 548 588 0
214 579 245 279 97 127 188 316 324 332 372 576 0
215 65 358 23 71 267 398 455 0
216 161 103 332 25 37 120 489 497 500 571 599 0
217 101 86 149 235 0
218 155 19 44 168 265 267 354 413 529 0
219 382 48 203 549 108 151 155 181 188 201 304 320 514 0
220 87 4 104 267 305 348 394 498 551 0
221 464 91 385 448 509 519 0
222 211 67 271 448 565 594 0
223 529 69 151 161 226 432 460 486 525 0
224 323 137 118 231 555 0
225 362 79 103 282 305 406 409 440 0
226 314 122 52 87 102 223 257 385 0
227 254 492 79 18 116 117 204 251 587 0
228 171 11 68 190 289 364 432 479 0
229 121 101 359 393 485 525 529 0
230 579 149 342 457 0
231 324 438 484 135 196 63 224 412 487 553 0
232 319 574 584 597 0
233 408 357 7 15 53 66 201 374 475 575 0
234 311 101 203 250 0
235 437 55 131 266 76 96 148 180 217 367 415 555 0
236 388 97 131 242 425 0
237 38 252 69 129 138 187 189 451 0
238 270 6 44 46 144 164 207 255 259 511 537 578 0
239 411 439 66 180 294 472 524 528 0
240 264 6 139 154 384 0
241 197 43 167 180 277 396 463 503 568 0
242 559 276 4 236 380 381 427 462 561 0
243 529 7 352 476 485 527 546 0
244 116 5 129 337 377 435 489 494 520 573 584 0
245 214 333 104 1 11 37 40 47 110 144 152 273 341 441 468 475 559 0
246 165 482 296 321 335 392 428 516 0
247 456 188 50 67 77 141 250 296 344 516 0
248 548 259 356 502 0
249 294 12 164 325 338 362 600 0
250 570 144 172 268 56 110 159 187 191 234 247 318 458 0
251 211 207 591 51 111 227 499 590 0
252 237 26 113 301 371 384 415 532 0
253 198 275 425 486 0
254 437 323 227 520 340 2 39 455 130 180 492 0
255 285 407 117 440 16 398 59 143 158 114 521 26 43 56 144 178 238 271 312 495 543 583 0
256 392 41 51 56 141 171 329 355 386 494 587 0
257 200 76 126 183 226 351 438 462 567 0
258 450 272 581 584 0
259 314 57 95 238 248 395 411 589 0
260 436 528 362 12 155 190 347 0
261 205 9 12 206 306 597 0
262 316 18 57 331 0
263 324 76 92 135 494 573 0
264 333 240 364 139 271 406 434 457 573 0
265 8 91 7 72 85 152 156 173 218 599 0
266 235 43 170 188 476 550 0
267 592 6 83 174 215 218 220 276 360 403 472 0
268 250 116 126 342 0
269 136 310 434 503 0
270 274 238 542 31 51 181 206 0
271 475 200 182 537 10 36 39 47 66 97 222 255 264 392 405 600 0
272 408 80 136 200 258 315 403 430 539 0
273 540 122 196 245 326 441 486 0
274 450 270 401 567 381 363 21 145 148 292 304 420 457 530 549 0
275 172 346 557 35 40 139 212 253 322 468 0
276 242 178 134 267 362 412 596 0
277 333 147 96 241 344 352 427 444 460 0
278 526 141 104 197 200 0
279 214 517 515 96 43 49 65 381 411 514 581 0
280 8 19 158 297 305 515 522 0
281 592 502 25 38 39 317 488 0
282 548 418 105 205 225 473 0
283 140 476 51 114 198 513 570 0
284 21 176 294 382 468 481 491 0
285 32 437 255 430 456 97 568 86 314 495 511 0
286 36 118 74 79 295 311 323 418 453 0
287 413 151 158 0
288 433 581 11 41 135 387 403 478 479 576 0
289 161 57 114 133 173 228 341 388 405 430 0
290 525 107 114 400 472 0
291 318 8 200 406 454 0
292 380 127 274 314 394 505 578 0
293 145 120 311 0
294 79 563 249 18 69 135 239 284 340 412 485 497 0
295 116 600 37 32 191 210 286 401 569 0
296 246 63 175 247 410 481 500 536 0
297 517 75 128 280 390 479 572 0
298 117 53 154 121 310 463 467 531 553 597 0
299 142 184 174 178 195 438 585 0
300 31 9 27 60 75 190 198 568 595 0
301 534 31 142 252 323 345 434 0
302 520 599 88 393 488 95 0
303 330 536 413 310 588 591 0
304 29 25 72 219 274 484 0
305 336 220 225 280 387 469 508 510 0
306 466 21 74 121 261 440 567 0
307 437 131 146 162 317 398 0
308 382 104 414 548 0
309 423 463 19 65 189 208 209 0
310 385 125 17 172 269 298 303 330 506 552 0
311 21 3 354 84 73 234 286 293 353 386 387 413 501 571 0
312 519 105 162 255 322 369 400 466 0
313 204 111 118 167 211 406 0
314 369 396 259 190 486 226 285 292 417 0
315 137 141 158 272 354 442 461 476 496 0
316 436 489 204 262 89 104 214 423 529 0
317 178 46 98 100 281 307 324 434 443 452 456 491 512 558 0
318 379 291 13 20 132 250 395 465 473 486 521 545 0
319 450 35 232 521 550 581 0
320 497 90 219 553 0
321 41 20 38 7 188 208 246 344 599 0
322 513 49 30 36 48 82 180 275 312 538 0
323 254 224 473 44 189 286 301 472 0
324 533 231 263 130 145 149 214 317 367 387 594 0
325 88 40 121 249 0
326 440 63 89 104 129 200 273 513 566 590 0
327 571 424 597 0
328 442 71 115 186 343 378 380 448 480 0
329 590 165 16 37 256 409 457 0
330 533 303 40 372 8 310 389 400 498 521 0
331 518 39 77 107 117 262 400 516 580 582 0
332 216 8 121 194 206 214 340 363 544 0
333 245 264 277 156 172 473 536 554 572 595 0
334 103 196 538 0
335 339 130 246 538 0
336 595 519 305 199 397 488 593 0
337 464 93 129 191 244 593 0
338 117 187 433 538 539 157 64 26 92 130 249 362 568 576 0
339 122 335 1 97 125 201 366 514 523 0
340 254 77 50 96 151 173 294 332 561 0
341 43 424 58 63 107 245 289 342 435 475 506 0
342 576 161 558 434 166 230 268 341 427 505 521 0
343 510 136 173 328 494 506 527 593 0
344 181 52 94 188 247 277 321 356 384 422 466 503 507 530 587 0
345 69 573 9 27 30 51 199 301 0
346 275 80 196 492 497 0
347 44 128 193 260 385 392 412 565 0
348 436 28 39 69 220 459 0
349 132 167 21 112 101 103 591 0
350 45 213 555 0
351 369 257 560 576 0
352 135 209 2 243 277 451 481 558 0
353 13 52 79 163 208 311 594 0
354 311 218 315 421 489 515 0
355 79 426 19 126 177 256 515 578 0
356 213 5 68 248 344 446 461 463 0
357 233 34 82 83 140 450 472 0
358 215 39 60 0
359 426 89 229 423 528 537 580 0
360 515 57 267 435 441 0
361 423 415 441 0
362 260 102 93 225 249 276 338 470 576 596 0
363 274 25 77 185 332 417 427 431 0
364 264 21 140 154 228 367 398 424 526 0
365 100 118 381 558 0
366 173 571 98 339 460 463 0
367 562 235 324 364 383 567 0
368 530 125 198 376 481 483 498 501 600 0
369 436 314 548 351 13 76 79 169 312 404 523 0
370 373 103 212 394 451 0
371 510 126 252 533 537 555 0
372 330 14 189 214 416 504 0
373 409 370 17 39 107 145 527 0
374 21 15 166 233 569 599 0
375 409 469 46 532 563 0
376 77 368 405 508 589 0
377 411 55 244 471 0
378 401 210 212 328 502 0
379 10 318 179 206 571 0
380 409 121 446 292 208 594 94 175 242 328 395 526 0
381 274 83 85 93 242 279 365 391 500 528 0
382 171 219 460 308 32 70 72 86 128 167 200 284 509 0
383 4 201 53 101 210 367 0
384 579 96 111 176 240 252 344 526 592 0
385 437 524 181 310 464 2 84 221 226 347 430 564 581 0
386 555 481 82 146 256 311 408 454 456 540 0
387 596 97 141 147 288 305 311 324 417 462 593 0
388 43 556 236 53 153 176 211 289 432 585 0
389 590 330 523 0
390 93 544 177 6 297 435 555 0
391 470 5 150 187 381 473 585 0
392 104 256 42 173 246 271 347 0
393 302 52 513 75 96 188 229 408 413 461 487 0
394 575 128 189 220 292 370 494 0
395 146 130 140 157 259 318 380 0
396 314 115 126 145 241 493 0
397 409 60 104 169 209 336 448 449 464 493 0
398 255 421 598 93 160 210 215 307 364 416 443 474 0
399 147 16 97 181 423 0
400 157 59 290 312 330 331 476 492 0
401 274 378 130 43 138 295 434 526 548 562 566 594 0
402 547 102 166 487 566 0
403 489 267 272 288 438 465 490 551 0
404 145 153 369 579 0
405 459 73 114 271 289 376 445 471 546 0
406 511 526 108 169 225 264 291 313 482 0
407 255 452 149 56 131 170 0
408 32 233 570 213 272 112 386 393 0
409 132 375 380 397 373 449 80 149 191 225 329 0
410 571 12 13 296 593 0
411 469 239 81 377 55 199 259 279 451 489 594 0
412 67 20 54 89 231 276 294 347 492 0
413 303 287 24 91 127 218 311 393 525 0
414 565 308 482 529 0
415 505 78 148 235 252 361 447 457 472 0
416 147 180 192 372 398 510 0
417 431 314 363 387 487 509 576 0
418 282 208 286 437 597 0
419 207 64 135 202 444 592 0
420 583 169 274 428 0
421 398 15 109 46 354 443 460 493 541 558 0
422 13 46 66 344 467 487 532 566 0
423 565 309 361 187 316 359 399 427 470 532 583 0
424 341 327 364 466 474 0
425 484 184 199 236 253 516 0
426 355 359 99 0
427 509 1 93 242 277 342 363 423 477 489 569 0
428 124 444 72 246 420 552 599 0
429 136 14 52 104 114 193 482 572 594 0
430 285 436 595 447 451 516 182 272 289 385 453 590 0
431 528 417 14 22 33 363 445 0
432 117 98 104 223 228 388 514 592 0
433 338 288 54 80 0
434 342 206 23 4 117 153 181 264 269 301 317 401 473 0
435 599 163 33 198 244 341 360 390 437 488 557 0
436 430 260 369 316 111 501 348 112 206 518 0
437 285 533 441 235 254 307 385 565 51 116 418 435 503 535 0
438 231 161 195 209 257 299 403 507 0
439 239 53 129 145 564 586 0
440 255 211 326 116 11 43 114 225 306 492 525 531 0
441 437 162 68 245 273 360 361 496 0
442 63 328 53 205 315 0
443 599 106 317 398 421 476 0
444 428 79 83 277 419 523 553 586 593 0
445 145 44 170 405 431 516 576 0
446 380 44 60 64 356 463 0
447 430 586 479 64 92 110 114 171 415 0
448 68 134 185 204 221 222 328 397 505 0
449 409 9 397 455 462 0
450 590 274 319 518 70 258 21 191 357 576 0
451 430 175 195 237 352 370 411 0
452 407 491 86 60 31 84 89 317 0
453 127 100 199 286 430 499 549 585 595 0
454 4 19 121 149 291 386 535 0
455 254 176 215 449 512 595 0
456 285 247 128 149 317 386 0
457 492 43 72 152 89 230 264 274 329 415 576 0
458 495 40 130 250 478 0
459 473 405 23 104 348 489 0
460 382 94 124 223 277 366 421 0
461 533 40 114 315 356 393 568 0
462 513 89 122 242 257 387 449 555 0
463 309 32 143 241 298 356 366 446 465 0
464 385 337 221 132 397 518 593 0
465 505 35 134 164 186 318 403 463 501 510 0
466 495 99 306 28 84 120 170 312 344 424 569 0
467 538 65 100 179 298 422 549 0
468 6 45 159 245 275 284 494 0
469 375 411 596 39 114 126 173 305 475 492 575 0
470 538 66 490 391 33 108 137 153 167 177 362 423 484 491 502 536 546 577 0
471 522 194 36 162 377 405 511 529 0
472 99 239 267 290 323 357 415 474 0
473 323 98 459 110 28 71 166 282 318 333 391 434 502 555 0
474 93 207 398 424 472 495 0
475 533 271 142 500 170 61 91 233 245 341 469 0
476 283 22 180 207 243 266 315 400 443 0
477 4 1 169 16 92 427 566 0
478 93 288 458 521 0
479 447 80 150 175 228 288 297 509 538 0
480 13 514 328 594 0
481 386 159 166 39 42 65 151 284 296 352 368 545 0
482 246 505 51 53 107 406 414 429 0
483 528 368 0
484 231 119 425 24 65 203 304 470 582 0
485 490 77 129 229 243 294 542 545 0
486 314 45 46 50 223 253 273 318 0
487 553 51 231 393 402 417 422 531 0
488 302 180 281 336 435 586 593 0
489 316 403 554 34 51 216 244 354 411 427 459 505 521 0
490 470 485 136 403 493 542 0
491 452 148 60 67 284 317 470 572 578 0
492 227 457 145 6 20 93 120 254 346 400 412 440 469 500 0
493 40 49 66 396 397 421 490 509 583 0
494 165 186 3 80 84 133 198 244 256 263 343 394 468 594 0
495 171 458 466 582 176 109 255 285 474 519 593 0
496 198 101 593 315 441 554 563 598 0
497 595 320 70 134 149 202 216 294 346 525 0
498 112 3 220 330 368 0
499 98 523 88 200 251 453 516 0
500 475 107 15 209 216 296 381 492 595 0
501 436 38 40 75 181 311 368 465 0
502 281 109 165 169 248 378 470 473 503 552 0
503 509 106 151 241 269 344 437 502 0
504 191 23 105 372 0
505 482 415 465 71 106 292 342 448 489 0
506 517 120 3 67 310 341 343 530 578 0
507 13 51 344 438 564 581 0
508 544 305 376 0
509 48 503 427 14 62 77 221 382 417 479 493 531 572 0
510 32 371 62 343 2 5 36 207 305 416 465 536 590 0
511 132 406 31 113 167 238 285 471 0
512 6 597 62 147 317 455 588 0
513 393 94 322 150 462 146 283 326 525 0
514 480 106 219 279 339 432 550 553 580 591 0
515 279 360 14 52 69 120 190 280 354 355 587 0
516 430 24 120 152 171 246 247 331 425 445 499 577 0
517 279 592 506 195 297 29 7 0
518 450 50 331 18 75 132 152 161 436 464 590 0
519 336 155 312 64 132 171 191 221 495 0
520 254 302 127 27 204 244 583 0
521 255 31 90 111 187 318 319 330 342 478 489 0
522 13 471 1 57 142 202 280 564 0
523 499 80 339 369 389 444 0
524 385 198 190 239 0
525 562 74 588 290 140 223 229 413 440 497 513 530 561 589 0
526 406 126 278 122 164 364 380 384 401 0
527 202 11 82 243 343 373 0
528 260 431 54 483 67 140 239 359 381 0
529 121 585 243 223 64 218 229 316 414 471 578 0
530 173 368 61 85 200 274 344 506 525 571 0
531 583 298 440 487 509 558 561 0
532 161 60 97 252 375 422 423 592 0
533 437 475 132 324 590 575 330 461 35 64 99 166 371 589 0
534 134 301 84 123 0
535 32 149 437 454 542 0
536 303 42 114 155 171 210 296 333 470 510 0
537 271 543 25 208 238 359 371 568 0
538 338 467 470 566 3 180 322 334 335 479 0
539 338 1 131 172 272 597 0
540 550 273 19 147 163 386 0
541 167 61 153 176 421 569 591 0
542 270 178 485 490 535 552 595 0
543 537 63 255 0
544 390 508 19 121 197 332 568 593 0
545 142 104 122 318 481 485 570 582 0
546 170 31 205 243 405 470 597 0
547 89 402 83 564 0
548 369 282 248 78 166 213 308 401 597 0
549 219 8 23 66 274 453 467 0
550 93 540 152 171 266 319 514 0
551 111 127 163 220 403 562 0
552 182 92 155 310 428 502 542 0
553 65 487 33 76 86 156 231 298 320 444 514 0
554 489 51 96 193 333 496 0
555 132 583 386 87 174 224 235 350 371 390 462 473 0
556 388 89 0
557 275 151 435 0
558 342 81 156 317 352 365 421 531 0
559 14 242 245 567 0
560 64 351 573 593 0
561 63 167 242 340 525 531 0
562 97 525 367 163 175 193 401 551 0
563 294 9 54 375 496 0
564 209 70 134 385 439 507 522 547 0
565 437 423 95 414 2 66 173 222 347 572 0
566 538 326 401 402 422 477 0
567 274 134 45 17 95 155 257 306 367 559 576 0
568 285 152 241 300 338 461 537 544 0
569 5 295 374 427 466 541 0
570 408 69 250 283 545 0
571 366 410 327 192 211 216 311 379 530 0
572 14 9 28 181 211 297 333 429 491 509 565 582 0
573 345 65 81 244 263 264 560 0
574 89 92 578 232 599 0
575 533 394 12 15 82 114 233 469 587 0
576 173 342 214 288 338 351 362 417 445 450 457 567 0
577 32 96 99 207 470 516 0
578 574 24 79 114 211 238 292 355 491 506 529 596 0
579 117 214 384 230 5 143 179 404 0
580 11 26 62 136 331 359 514 0
581 288 162 186 258 279 319 385 507 0
582 495 41 175 331 484 545 572 0
583 555 531 420 91 121 205 209 255 423 493 520 0
584 207 44 105 232 244 258 0
585 529 587 15 299 388 391 453 0
586 447 101 208 439 444 488 0
587 585 176 211 227 256 344 515 575 0
588 525 29 134 213 303 512 0
589 127 24 35 132 191 196 206 259 376 525 533 0
590 533 329 173 450 191 389 82 184 251 326 430 510 518 0
591 251 28 37 303 349 514 541 0
592 517 267 281 18 83 129 174 384 419 432 532 0
593 496 71 77 336 337 343 387 410 444 464 488 495 544 560 0
594 380 49 59 69 177 222 324 353 401 411 429 480 494 0
595 430 497 124 212 336 117 160 300 333 453 455 500 542 0
596 469 8 387 276 362 578 0
597 512 232 261 298 327 418 539 546 548 0
598 398 51 185 496 0
599 302 153 435 443 53 72 141 216 265 321 374 428 574 0
600 295 108 46 91 249 271 368 0

600  2474
1 445 131 16 347 361 531 0
2 529 226 420 452 0
3 405 148 326 472 0
4 8 27 47 177 377 416 0
5 334 439 51 211 237 244 419 438 581 0
6 412 27 135 441 488 178 173 85 116 158 208 222 513 538 0
7 369 9 69 241 305 358 370 415 0
8 349 4 16 43 44 100 160 164 477 0
9 491 185 7 52 104 282 285 401 439 533 550 586 0
10 470 105 119 151 252 495 506 0
11 263 550 41 108 128 162 249 552 0
12 440 405 21 77 102 185 210 238 308 0
13 353 297 0
14 374 161 129 141 482 504 0
15 24 61 186 240 257 282 286 404 464 490 548 569 0
16 244 206 1 8 20 66 128 183 250 366 396 0
17 99 158 163 512 527 0
18 128 496 366 125 236 260 269 448 577 581 0
19 492 62 198 89 155 367 392 575 0
20 440 38 565 16 132 217 245 590 0
21 391 12 78 137 174 206 296 324 362 366 386 425 495 518 558 0
22 578 36 131 191 204 218 307 492 564 579 0
23 540 111 209 242 421 0
24 41 15 214 278 313 377 582 0
25 569 107 450 141 155 162 244 334 423 522 0
26 163 260 304 354 379 397 492 518 0
27 6 199 4 34 134 142 146 177 185 269 398 403 570 585 0
28 33 537 439 454 584 0
29 365 154 217 279 301 403 430 502 0
30 406 174 81 133 161 179 211 348 377 0
31 351 40 48 69 87 0
32 269 154 50 101 131 138 185 264 318 513 517 0
33 92 28 377 43 245 303 378 387 0
34 567 104 27 132 239 250 328 342 358 0
35 286 560 97 249 256 281 536 593 0
36 357 304 499 22 68 483 569 571 589 0
37 359 136 240 243 370 405 410 443 488 518 519 0
38 20 477 43 126 152 233 316 412 467 524 0
39 66 114 137 375 0
40 459 31 107 115 140 169 258 281 323 0
41 596 24 11 47 125 134 137 151 201 202 256 270 398 516 0
42 278 378 338 443 471 0
43 371 8 33 38 52 125 234 378 591 0
44 182 8 49 152 172 222 244 0
45 366 269 321 439 493 529 0
46 118 98 100 173 333 399 448 477 565 0
47 445 568 110 340 4 41 158 284 320 345 522 573 577 0
48 435 82 31 69 73 91 433 536 578 0
49 309 112 215 44 108 143 157 170 180 433 504 0
50 391 372 588 32 105 115 154 205 274 305 534 0
51 258 251 371 5 134 181 283 329 427 573 0
52 243 9 43 126 149 183 185 322 337 349 519 533 0
53 108 260 91 151 228 247 249 271 337 372 412 493 599 0
54 476 335 338 359 435 460 469 518 564 0
55 400 130 302 56 67 99 248 391 498 558 581 0
56 445 227 55 85 148 298 407 425 547 0
57 440 155 203 349 494 595 600 0
58 537 59 89 249 418 0
59 395 140 58 103 173 524 0
60 120 479 180 144 168 223 237 242 258 303 317 432 501 538 552 0
61 272 418 15 124 135 217 248 282 339 474 516 532 561 0
62 19 464 175 354 395 432 462 524 0
63 364 468 456 135 337 478 511 0
64 445 443 583 137 202 278 389 433 461 503 518 0
65 529 146 150 212 428 511 0
66 554 146 83 351 413 209 39 16 99 110 200 328 424 456 507 0
67 216 55 303 0
68 169 36 133 329 587 0
69 469 7 31 48 133 184 367 428 0
70 170 435 222 406 0
71 345 219 0
72 77 403 303 388 448 474 0
73 448 221 165 48 207 281 404 415 579 0
74 406 94 133 231 267 280 304 471 572 578 0
75 593 300 259 215 310 444 452 478 0
76 103 151 148 377 432 513 0
77 458 219 72 12 122 197 305 436 501 558 0
78 523 21 82 175 224 412 0
79 322 225 497 190 86 87 0
80 421 345 589 532 320 111 272 275 307 399 519 538 565 0
81 188 30 231 263 270 318 327 564 585 598 0
82 48 303 78 86 100 151 250 261 363 0
83 66 495 315 449 450 560 0
84 135 246 514 93 127 215 289 334 368 429 483 490 541 572 0
85 483 6 56 351 354 0
86 387 577 79 82 178 187 193 265 333 543 0
87 281 31 79 191 448 491 0
88 228 408 162 326 446 470 0
89 153 19 58 191 465 0
90 351 233 159 430 454 526 0
91 431 449 48 53 256 351 370 511 564 0
92 415 375 33 561 124 313 389 0
93 248 558 84 130 276 407 454 467 502 572 599 0
94 211 74 100 453 0
95 175 336 386 456 463 480 573 0
96 139 511 483 202 145 169 246 264 373 514 544 0
97 309 35 184 208 271 336 557 597 0
98 484 237 46 234 253 257 420 472 528 596 0
99 325 415 571 322 440 120 17 564 55 66 218 224 259 319 387 0
100 123 8 46 82 94 396 456 541 0
101 236 32 351 397 474 545 554 0
102 415 535 598 12 208 253 290 350 416 0
103 350 491 362 316 76 59 188 249 418 0
104 34 9 146 223 232 296 399 0
105 310 10 50 159 173 462 0
106 362 158 0
107 25 40 145 233 240 456 0
108 284 553 53 11 49 242 334 517 545 0
109 218 555 494 206 209 219 222 352 366 400 513 515 537 596 0
110 47 66 279 419 427 0
111 23 80 225 301 309 326 600 0
112 49 579 315 581 0
113 425 179 331 353 597 0
114 122 423 401 582 39 247 268 299 357 421 505 0
115 187 341 40 50 138 173 192 298 348 594 0
116 132 6 290 349 401 487 543 0
117 231 183 337 404 465 0
118 119 292 46 150 200 263 400 403 479 482 503 0
119 591 118 10 328 457 511 553 0
120 99 136 137 60 169 262 296 452 473 580 0
121 529 218 261 262 349 367 421 476 0
122 476 114 478 77 147 279 297 427 465 474 553 590 0
123 488 100 319 490 539 0
124 392 61 92 246 256 316 472 0
125 488 18 41 43 0
126 389 38 52 147 154 207 358 434 533 0
127 415 429 129 278 84 283 312 509 589 0
128 505 18 313 11 16 176 190 210 306 325 405 502 565 0
129 127 14 233 454 459 517 553 569 0
130 55 563 93 202 218 299 339 454 516 0
131 1 22 32 179 196 306 524 596 0
132 316 240 354 116 20 34 201 266 315 423 481 496 0
133 534 385 30 68 69 74 302 349 0
134 499 27 41 51 192 248 451 569 0
135 6 84 475 61 63 237 285 331 576 595 0
136 120 562 466 37 238 273 555 565 0
137 120 194 21 39 41 64 0
138 182 32 115 188 336 0
139 160 96 453 210 272 346 580 0
140 59 40 197 202 206 229 320 385 395 403 416 543 0
141 574 390 556 356 14 25 367 398 415 442 537 0
142 147 27 224 231 281 289 413 585 0
143 240 49 166 218 224 280 580 584 0
144 295 433 60 172 297 405 434 484 510 599 0
145 277 573 256 96 107 179 413 467 0
146 66 509 452 27 65 104 236 354 409 600 0
147 441 142 122 126 303 316 583 589 0
148 76 3 56 199 0
149 171 52 168 241 261 497 0
150 263 65 118 368 534 582 0
151 76 210 10 41 53 82 170 462 507 532 583 0
152 318 38 44 171 218 284 446 538 0
153 322 554 512 89 154 285 414 449 456 494 0
154 32 29 50 126 153 247 402 539 0
155 589 19 25 57 188 288 318 359 360 441 462 475 0
156 382 172 217 414 0
157 499 49 175 193 222 229 273 353 379 440 0
158 317 551 6 17 47 106 395 426 475 0
159 269 90 105 183 187 256 367 452 0
160 295 139 167 8 195 350 363 399 534 0
161 14 30 274 284 381 408 559 568 0
162 88 11 25 208 302 332 505 526 0
163 234 392 307 388 26 17 204 221 320 332 359 530 0
164 395 427 191 8 279 543 0
165 73 184 443 0
166 516 143 195 241 269 295 305 499 0
167 160 297 324 336 389 400 484 0
168 326 60 149 212 309 327 375 467 491 493 0
169 382 365 68 40 96 120 194 428 433 457 504 550 565 0
170 238 70 309 49 151 250 287 390 468 486 545 0
171 353 149 152 255 315 335 356 367 443 488 525 572 574 0
172 156 44 144 183 363 546 593 0
173 6 46 59 105 115 198 226 344 412 508 516 0
174 30 183 21 398 558 0
175 286 282 95 62 78 157 245 584 0
176 584 275 128 529 549 0
177 569 4 27 192 264 283 322 412 550 0
178 6 86 186 306 312 434 0
179 243 549 30 113 131 145 266 285 304 309 504 577 598 0
180 60 49 212 407 452 481 505 0
181 445 51 257 419 460 517 553 567 0
182 295 203 44 318 138 302 354 391 425 461 477 0
183 174 16 52 117 159 172 286 308 389 521 0
184 334 69 97 165 264 429 0
185 9 12 27 32 52 239 536 0
186 458 15 178 285 0
187 554 115 383 86 159 360 402 418 532 559 0
188 489 587 81 103 138 155 300 0
189 348 336 341 358 411 556 0
190 79 128 223 243 246 414 452 479 526 0
191 164 22 87 89 220 438 546 567 0
192 275 347 115 134 177 218 478 0
193 269 363 86 157 392 589 0
194 137 169 273 327 361 426 441 592 0
195 421 160 166 260 451 468 540 0
196 225 296 131 388 0
197 357 359 77 140 210 318 559 0
198 19 173 275 277 299 449 558 0
199 27 148 260 368 487 529 0
200 485 344 66 118 226 229 256 319 408 495 0
201 571 41 132 292 505 510 527 559 0
202 96 41 64 130 140 345 383 465 472 566 0
203 182 476 310 57 461 490 0
204 235 22 163 479 504 0
205 278 541 50 227 325 353 402 561 0
206 16 21 109 140 215 357 567 570 0
207 571 472 277 73 126 265 290 347 433 484 495 0
208 375 272 6 97 102 162 275 310 323 508 540 0
209 66 23 109 298 519 557 569 587 592 0
210 151 12 128 139 197 442 493 550 557 575 0
211 523 373 94 5 30 505 513 533 558 0
212 530 65 168 180 324 471 535 0
213 237 0
214 593 24 263 306 366 474 0
215 49 75 84 206 349 394 402 0
216 367 67 468 0
217 330 20 29 61 156 261 305 384 438 439 0
218 375 109 22 99 121 130 143 152 192 485 509 512 554 559 0
219 77 71 109 279 353 373 487 0
220 317 191 239 250 254 390 467 0
221 73 484 254 163 285 422 441 514 526 576 0
222 489 6 44 70 109 157 242 328 333 0
223 287 60 104 190 227 312 329 429 442 478 0
224 308 263 78 99 142 143 320 567 0
225 79 196 324 111 426 454 527 557 0
226 374 2 173 200 251 331 395 425 463 483 520 0
227 56 205 223 471 567 0
228 291 88 343 247 53 314 499 0
229 593 140 157 200 285 307 0
230 505 529 250 277 383 523 0
231 421 117 74 81 142 398 432 463 512 549 566 0
232 456 104 349 435 451 469 479 0
233 90 38 107 129 241 311 396 415 423 436 551 0
234 325 431 569 592 163 43 98 524 528 534 583 0
235 561 204 245 447 460 0
236 484 101 18 146 276 325 373 385 404 405 461 0
237 98 213 5 60 135 326 507 599 0
238 397 170 458 596 447 12 136 425 473 543 579 0
239 352 34 185 220 250 293 318 381 382 397 448 465 516 562 0
240 132 566 143 15 37 107 251 268 329 361 433 437 0
241 419 7 149 166 233 315 343 598 0
242 552 23 60 108 222 293 416 505 528 0
243 415 179 52 37 190 369 492 528 0
244 340 436 16 5 25 44 437 0
245 235 20 33 175 298 447 593 0
246 84 96 124 190 294 473 511 0
247 228 53 114 154 250 255 281 295 346 381 426 0
248 357 590 93 55 61 134 249 300 358 453 478 0
249 431 396 11 35 53 58 103 248 257 291 325 515 522 550 583 0
250 443 16 34 82 170 220 230 239 247 533 0
251 51 226 240 329 0
252 307 10 330 406 588 0
253 261 98 102 340 495 567 0
254 221 220 363 419 0
255 586 381 171 247 318 424 518 0
256 145 35 41 91 124 159 200 465 0
257 327 15 98 181 249 384 388 420 453 532 542 558 570 599 0
258 489 269 51 40 60 437 0
259 75 99 442 457 0
260 53 18 26 195 199 374 487 494 570 572 576 591 0
261 352 253 82 121 149 217 298 339 360 401 577 0
262 480 120 121 407 513 0
263 224 150 11 594 81 118 214 272 401 542 0
264 277 305 32 96 177 184 493 572 0
265 457 319 86 207 311 456 582 583 0
266 327 334 330 132 179 0
267 550 522 74 274 483 554 0
268 352 114 240 280 288 309 576 0
269 258 193 32 159 18 27 45 166 356 390 456 458 486 0
270 331 41 81 398 515 598 0
271 285 53 97 423 498 508 541 0
272 208 404 61 80 139 263 345 515 528 0
273 571 548 136 157 194 0
274 404 336 50 161 267 308 355 502 546 0
275 176 192 80 198 208 301 319 362 382 496 507 0
276 550 93 236 422 0
277 207 145 264 545 198 230 303 312 0
278 127 205 42 24 64 292 321 531 0
279 574 29 110 122 164 219 303 437 492 587 0
280 581 74 143 268 287 373 588 0
281 393 528 87 35 40 73 142 247 478 505 0
282 175 9 15 61 305 582 0
283 294 51 127 177 293 337 380 484 590 0
284 415 445 295 108 326 47 152 161 495 560 0
285 412 271 355 9 135 153 179 186 221 229 479 538 0
286 327 35 175 15 183 338 486 0
287 300 223 170 280 320 425 478 554 0
288 491 301 155 268 323 360 364 0
289 550 84 142 291 329 480 495 501 569 0
290 450 102 116 207 532 536 0
291 352 228 600 361 249 289 383 444 562 0
292 118 201 278 316 340 368 403 424 440 557 0
293 411 239 242 283 304 321 344 350 400 543 0
294 433 283 246 338 409 0
295 284 364 144 182 516 160 166 247 321 333 0
296 196 21 104 120 340 472 548 0
297 580 13 122 144 167 328 0
298 350 56 115 209 245 261 348 380 529 564 0
299 322 114 130 198 387 435 445 0
300 75 287 188 248 338 0
301 288 29 111 275 345 404 578 0
302 55 133 162 182 329 373 396 545 0
303 82 33 60 67 72 147 277 279 399 593 0
304 36 26 74 179 293 341 374 508 0
305 264 7 50 77 166 217 282 369 558 0
306 357 597 128 131 178 214 386 398 409 584 0
307 163 252 22 80 229 384 586 0
308 578 224 585 12 183 274 340 366 376 428 486 0
309 170 49 97 332 111 168 179 268 324 550 597 0
310 203 105 75 208 0
311 457 233 265 0
312 489 394 127 178 223 277 435 526 548 0
313 128 24 92 508 525 587 0
314 567 228 363 393 440 447 459 495 0
315 387 83 112 132 171 241 327 0
316 103 352 132 38 124 147 292 392 493 0
317 562 220 158 60 412 522 540 0
318 182 152 32 81 155 197 239 255 555 587 0
319 265 99 123 200 275 335 395 432 501 515 0
320 80 47 140 163 224 287 354 473 597 0
321 543 45 278 293 295 576 599 0
322 99 412 153 530 79 500 299 575 52 177 333 375 378 409 441 577 0
323 349 40 208 288 475 530 535 0
324 225 21 167 212 309 0
325 99 234 487 572 128 205 236 249 398 573 0
326 284 168 3 88 111 237 329 390 393 506 595 0
327 571 266 286 380 257 425 454 81 168 194 315 346 400 461 499 520 550 0
328 480 428 34 66 119 222 297 362 413 431 454 462 488 547 0
329 409 51 68 223 240 251 289 302 326 342 354 533 0
330 266 217 416 252 344 375 400 401 409 425 0
331 332 270 113 135 226 427 505 528 541 0
332 309 331 162 163 375 401 0
333 459 46 86 222 295 322 347 393 421 439 505 0
334 266 5 184 25 84 108 0
335 600 54 171 319 395 444 567 570 0
336 274 95 97 138 167 189 447 503 0
337 359 525 52 53 63 117 283 558 0
338 540 42 54 286 294 300 342 343 355 400 451 463 550 0
339 586 61 130 261 392 491 0
340 47 244 407 253 292 296 308 362 429 442 0
341 115 189 304 358 526 0
342 431 539 34 329 338 346 350 440 0
343 228 241 338 416 433 472 542 581 582 0
344 200 173 293 330 511 0
345 80 71 47 202 272 301 418 435 451 564 0
346 413 139 247 327 342 415 462 0
347 192 1 207 333 348 364 453 0
348 440 534 357 189 547 30 115 298 347 0
349 496 8 323 52 57 116 121 133 215 232 383 384 569 0
350 440 103 567 504 298 102 160 293 342 483 0
351 66 90 31 85 91 101 418 523 0
352 316 261 557 291 239 268 109 0
353 507 171 13 406 370 113 157 205 219 449 494 497 557 580 0
354 132 26 62 85 146 182 320 329 362 374 467 489 0
355 285 274 338 0
356 141 171 269 371 516 542 568 575 0
357 348 248 197 306 36 114 206 498 0
358 363 502 520 7 34 126 189 248 341 437 444 570 580 594 0
359 197 37 337 54 155 163 458 465 597 0
360 440 419 155 187 261 288 417 447 507 584 0
361 291 559 1 194 240 401 592 0
362 103 459 489 490 578 467 106 21 275 328 340 354 374 526 0
363 193 358 544 82 160 172 254 314 0
364 295 480 586 63 288 347 582 0
365 169 493 29 456 572 0
366 18 45 16 21 109 214 308 409 430 442 565 0
367 421 470 216 19 69 121 141 159 171 397 515 574 0
368 534 400 84 150 199 292 0
369 482 7 485 243 305 447 518 0
370 353 7 37 91 467 503 557 0
371 51 43 356 373 381 577 0
372 50 53 555 579 0
373 211 96 219 236 280 302 371 438 470 0
374 394 226 14 260 304 354 362 0
375 92 208 482 218 39 168 322 330 332 438 449 552 0
376 507 584 465 308 406 581 0
377 33 4 24 30 76 383 507 567 599 0
378 42 33 43 322 426 454 473 502 568 0
379 443 26 157 412 526 0
380 327 283 298 549 572 581 0
381 255 161 239 247 371 580 586 600 0
382 596 169 395 156 536 239 275 571 0
383 187 202 230 291 349 377 0
384 499 217 257 307 349 495 556 0
385 133 140 236 400 557 577 0
386 438 599 21 95 306 0
387 554 315 86 33 99 299 399 514 552 0
388 163 72 196 257 435 471 0
389 554 426 424 126 64 92 167 183 448 569 572 0
390 141 170 220 269 326 0
391 472 50 21 55 182 598 0
392 163 399 124 451 19 193 316 339 0
393 412 281 552 314 326 333 448 584 0
394 312 374 422 215 515 537 0
395 382 164 59 62 140 158 226 319 335 440 0
396 249 16 100 233 302 594 0
397 572 238 462 26 101 239 367 430 447 583 0
398 571 593 27 41 141 174 231 270 306 325 404 565 0
399 392 430 46 80 104 160 303 387 450 453 0
400 368 55 109 118 167 293 327 330 338 385 509 520 562 0
401 114 9 116 261 263 330 332 361 588 0
402 473 154 187 205 215 511 0
403 72 27 29 118 140 292 595 0
404 272 274 15 73 117 236 301 398 529 563 0
405 12 3 37 128 144 236 455 0
406 353 30 74 70 252 376 452 0
407 340 56 93 180 262 428 451 0
408 88 161 200 0
409 578 329 146 294 306 322 330 366 471 512 0
410 540 37 418 532 565 0
411 446 293 189 0
412 322 393 6 285 38 53 78 173 177 317 379 481 0
413 66 346 142 145 328 479 0
414 526 153 156 190 0
415 99 284 102 92 127 243 7 73 141 233 346 0
416 330 4 102 140 242 343 418 533 580 0
417 452 360 450 518 580 0
418 61 58 103 187 345 351 410 416 472 489 535 597 0
419 360 241 5 110 181 254 525 581 0
420 584 2 98 257 455 475 570 0
421 574 80 523 195 367 231 23 114 121 333 575 0
422 394 221 276 464 495 0
423 114 471 25 132 233 271 0
424 389 66 255 292 566 0
425 327 113 21 56 182 226 238 287 330 543 589 0
426 389 158 194 225 247 378 0
427 164 51 110 122 331 467 471 597 0
428 328 65 69 169 308 407 460 543 544 0
429 127 492 84 184 223 340 437 520 536 0
430 399 29 90 366 397 474 541 0
431 234 342 91 249 328 432 552 564 0
432 571 503 60 62 76 231 319 431 499 586 0
433 144 294 48 49 64 169 207 240 343 496 0
434 530 533 126 144 178 449 0
435 70 48 442 54 232 299 312 345 388 438 537 0
436 244 455 77 233 0
437 489 240 244 258 279 358 429 503 0
438 571 386 5 191 217 373 375 435 479 580 0
439 5 9 28 45 217 333 570 0
440 99 350 360 348 12 20 57 157 292 314 342 395 448 452 580 582 0
441 6 147 155 194 221 322 494 0
442 435 141 210 223 259 340 366 583 0
443 64 379 250 37 42 165 171 502 548 575 0
444 554 75 291 335 358 0
445 284 574 457 47 64 56 521 513 181 1 299 478 582 0
446 468 411 88 152 476 586 0
447 238 235 245 314 336 360 369 397 559 597 0
448 584 73 18 46 72 87 239 389 393 440 491 594 599 0
449 91 83 153 198 353 375 434 0
450 25 290 83 399 417 553 0
451 392 134 195 232 338 345 407 453 511 521 572 0
452 146 417 2 75 120 159 180 190 406 440 599 0
453 139 94 248 257 347 399 451 556 0
454 327 28 90 93 129 130 225 328 378 474 501 544 594 0
455 436 405 420 534 548 549 562 566 0
456 63 232 66 95 100 107 153 265 269 365 507 526 0
457 445 311 265 119 169 259 568 0
458 238 77 186 269 359 517 0
459 362 333 486 40 129 314 565 570 0
460 587 54 181 235 428 515 591 0
461 507 64 182 203 236 327 498 0
462 397 62 105 151 155 328 346 573 0
463 488 481 95 226 231 338 0
464 62 15 422 472 0
465 376 89 117 122 202 239 256 359 0
466 136 551 586 0
467 362 38 93 145 168 220 354 370 427 512 0
468 63 446 170 195 216 0
469 533 69 54 232 492 0
470 367 10 88 373 572 0
471 423 42 74 212 227 388 409 427 0
472 207 391 3 98 124 202 296 343 418 464 558 589 594 0
473 530 402 120 238 246 320 378 505 508 535 563 585 0
474 566 61 72 101 122 214 430 454 533 549 0
475 135 155 158 323 420 486 494 505 0
476 203 122 54 121 446 499 544 555 0
477 38 8 46 182 0
478 122 63 75 192 223 248 281 287 445 589 0
479 60 518 508 118 190 204 232 285 413 438 537 578 0
480 364 328 526 262 95 289 490 588 0
481 463 132 180 412 0
482 375 369 14 118 569 572 0
483 96 85 36 84 226 267 350 0
484 221 236 98 144 167 207 283 500 501 561 563 598 0
485 369 200 218 566 576 0
486 459 170 269 286 308 475 576 583 585 0
487 325 510 506 116 199 219 260 511 0
488 6 463 123 125 37 171 328 497 0
489 362 258 312 188 570 222 437 354 418 0
490 362 15 84 123 203 480 0
491 103 9 288 87 168 339 448 569 0
492 429 19 543 22 26 243 279 469 567 0
493 365 45 53 168 210 264 316 0
494 109 57 153 260 353 441 475 525 533 0
495 83 10 21 200 207 253 284 289 314 384 422 518 524 530 0
496 18 349 132 275 433 565 589 0
497 79 149 353 488 579 593 0
498 587 55 271 357 461 0
499 36 157 134 384 166 228 327 432 476 0
500 322 484 526 0
501 526 60 77 289 319 454 484 0
502 358 29 93 128 274 378 443 587 0
503 432 64 118 336 370 437 563 0
504 350 14 49 169 179 204 582 0
505 569 230 128 114 162 180 201 211 242 281 331 333 473 475 0
506 487 10 326 588 0
507 510 376 353 461 66 151 237 275 360 377 456 531 0
508 479 173 208 271 304 313 473 527 0
509 146 127 218 400 0
510 487 507 144 201 553 0
511 96 63 65 91 119 246 344 402 451 487 594 0
512 153 17 218 231 409 467 549 552 0
513 445 6 32 76 109 211 262 523 555 572 0
514 84 96 221 387 564 0
515 556 109 249 270 272 319 367 394 460 518 535 0
516 295 166 41 61 130 173 239 356 544 0
517 541 524 32 108 129 181 458 580 0
518 479 21 26 37 54 64 255 369 417 495 515 531 561 596 0
519 570 37 52 80 209 563 0
520 358 226 327 400 429 537 583 0
521 445 183 451 573 0
522 267 25 47 249 317 537 0
523 421 78 211 230 351 513 0
524 517 38 59 62 131 234 495 543 0
525 337 171 313 419 494 546 0
526 480 414 501 90 162 190 221 312 341 362 379 456 500 557 594 0
527 571 540 17 201 225 508 0
528 281 98 234 242 243 272 331 0
529 230 121 2 65 45 176 199 298 404 562 579 0
530 322 212 434 473 163 323 495 555 583 0
531 537 1 278 507 518 0
532 80 61 151 187 257 290 410 0
533 434 469 9 52 126 211 250 329 416 474 494 0
534 348 368 133 50 150 160 234 455 545 0
535 102 212 323 418 473 515 558 0
536 382 35 48 185 290 429 0
537 28 531 58 109 141 394 435 479 520 522 0
538 556 6 60 80 152 285 0
539 342 123 154 580 0
540 527 23 410 338 195 208 317 0
541 205 517 84 100 271 331 430 0
542 572 257 263 343 356 0
543 492 321 86 116 140 164 238 293 425 428 524 0
544 363 96 428 454 476 516 0
545 277 595 546 101 108 170 302 534 0
546 545 172 191 274 525 570 0
547 348 56 328 0
548 273 15 296 312 443 455 551 576 0
549 179 176 231 380 455 474 512 0
550 11 276 267 289 9 169 177 210 249 309 327 338 0
551 158 233 466 548 595 0
552 393 242 11 60 375 387 431 512 554 0
553 108 119 122 129 181 450 510 561 0
554 153 66 444 389 187 581 387 101 218 267 287 552 585 0
555 109 136 318 372 476 513 530 0
556 141 515 538 189 384 453 0
557 352 97 209 210 225 292 353 370 385 526 0
558 93 21 55 77 174 198 211 257 305 337 472 535 0
559 361 161 187 197 201 218 447 0
560 35 83 284 0
561 92 235 61 205 484 518 553 585 0
562 136 317 239 291 400 455 529 593 0
563 130 404 473 484 503 519 0
564 99 576 22 54 81 91 298 345 431 514 0
565 20 46 80 128 136 169 366 398 410 459 496 0
566 240 474 202 231 424 455 485 0
567 350 34 314 181 191 206 224 227 253 335 377 492 0
568 47 161 356 378 457 0
569 234 505 25 177 15 36 129 134 209 289 349 389 482 491 594 0
570 489 519 27 206 257 260 335 358 420 439 459 546 574 0
571 99 207 327 273 527 398 432 438 201 36 382 0
572 325 397 542 74 84 93 171 260 264 365 380 389 451 470 482 513 0
573 145 47 51 95 325 462 521 0
574 445 421 141 279 171 367 570 0
575 322 19 210 356 421 443 0
576 564 135 221 260 268 321 485 486 548 0
577 86 18 47 179 261 322 371 385 0
578 362 308 409 22 48 74 301 479 579 0
579 112 22 73 238 372 497 529 578 596 0
580 592 297 120 139 143 353 358 381 416 417 438 440 517 539 0
581 554 591 280 5 18 55 112 343 376 380 419 0
582 114 24 150 265 282 343 364 440 445 504 584 0
583 64 147 151 234 249 265 397 442 486 520 530 0
584 376 448 420 176 28 143 175 306 360 393 582 0
585 308 27 81 142 473 486 554 561 0
586 364 255 339 9 307 381 432 446 466 0
587 188 460 498 68 209 279 313 318 502 0
588 50 252 280 401 480 506 598 0
589 80 155 36 127 147 193 425 472 478 496 0
590 248 20 122 283 0
591 581 119 43 260 460 592 0
592 234 580 194 209 361 591 0
593 398 75 229 214 35 172 245 303 497 562 0
594 263 115 358 396 448 454 472 511 526 569 0
595 545 57 135 326 403 551 0
596 238 382 41 98 109 131 518 579 0
597 306 97 113 309 320 359 418 427 447 0
598 102 81 179 241 270 391 484 588 0
599 386 53 93 144 237 257 321 377 448 452 0
600 291 335 57 111 146 381 0

